           1           1  0.27065362302005125     
           1           2  0.35779498061662907     
           1           3  0.21983979710217327     
           1           4   4.5849609929663783E-003
           1           5  -1.0281115502966882E-017
           1           6   2.5934697522652426E-017
           1           7  -1.0110499604484911E-016
           1           8   3.5140093053671920E-016
           1           9  -1.2998137790469264E-016
           1          10   8.1248101810655461E-017
           1          11  -4.9880386975181719E-016
           1          12   8.2184967768074637E-016
           1          13  -1.0847395352719377E-016
           1          14   8.5816354869569468E-004
           1          15  -1.9993977556784462E-017
           1          16   8.5816354869615611E-004
           1          17  -2.5409642482427217E-017
           1          18  -2.7585491164859740E-017
           1          19   8.5816354869574260E-004
           1          20  -8.3723383696884118E-003
           1          21  -1.0932655344298206E-016
           1          22  -8.3723383696885853E-003
           1          23   4.3977297948836040E-017
           1          24   4.3082592122176098E-016
           1          25  -8.3723383696880250E-003
           2           1  0.35779498061662907     
           2           2  0.47299292256291026     
           2           3  0.29062081292024033     
           2           4   6.0611641224862234E-003
           2           5  -1.3591326441143272E-017
           2           6   3.4284678198640395E-017
           2           7  -1.3365741233854311E-016
           2           8   4.6454043595122324E-016
           2           9  -1.7183065019896221E-016
           2          10   1.0740691605677840E-016
           2          11  -6.5940206321716296E-016
           2          12   1.0864578860616599E-015
           2          13  -1.4339872124488772E-016
           2          14   1.1344633293223104E-003
           2          15  -2.6431284021706149E-017
           2          16   1.1344633293229201E-003
           2          17  -3.3590700336739697E-017
           2          18  -3.6467023207282128E-017
           2          19   1.1344633293223735E-003
           2          20  -1.1067949548253072E-002
           2          21  -1.4452605082276351E-016
           2          22  -1.1067949548253301E-002
           2          23   5.8136752982279395E-017
           2          24   5.6953768726017268E-016
           2          25  -1.1067949548252558E-002
           3           1  0.21983979710217327     
           3           2  0.29062081292024033     
           3           3  0.17856600579570131     
           3           4   3.7241581571842062E-003
           3           5  -8.3499123135970367E-018
           3           6   2.1068670966259861E-017
           3           7  -8.2122786099881133E-017
           3           8   2.8542120268938819E-016
           3           9  -1.0558726967307253E-016
           3          10   6.6002983532387806E-017
           3          11  -4.0515251798759480E-016
           3          12   6.6754459186646892E-016
           3          13  -8.8113558178884233E-017
           3          14   6.9704775610124141E-004
           3          15  -1.6242316179786981E-017
           3          16   6.9704775610161611E-004
           3          17  -2.0638901942036619E-017
           3          18  -2.2408208029472931E-017
           3          19   6.9704775610128023E-004
           3          20  -6.8004749003351874E-003
           3          21  -8.8800366689467795E-017
           3          22  -6.8004749003353288E-003
           3          23   3.5714445750115071E-017
           3          24   3.4993231707610296E-016
           3          25  -6.8004749003348734E-003
           4           1   4.5849609929663783E-003
           4           2   6.0611641224862234E-003
           4           3   3.7241581571842062E-003
           4           4   7.7670742163866530E-005
           4           5  -1.7403743799134163E-019
           4           6   4.3974596241943717E-019
           4           7  -1.7127167551415316E-018
           4           8   5.9520589506350275E-018
           4           9  -2.2031366701924641E-018
           4          10   1.3775223823051253E-018
           4          11  -8.4494433390881374E-018
           4          12   1.3921480408543786E-017
           4          13  -1.8382438809070921E-018
           4          14   1.4537571587572343E-005
           4          15  -3.3898048167883776E-019
           4          16   1.4537571587580157E-005
           4          17  -4.3042002579957736E-019
           4          18  -4.6753678688337660E-019
           4          19   1.4537571587573151E-005
           4          20  -1.4183015406319180E-004
           4          21  -1.8519373509286022E-018
           4          22  -1.4183015406319475E-004
           4          23   7.4415863368402296E-019
           4          24   7.2972503004139485E-018
           4          25  -1.4183015406318524E-004
           5           1  -1.0281115502966882E-017
           5           2  -1.3591326441143272E-017
           5           3  -8.3499123135970367E-018
           5           4  -1.7403743799134163E-019
           5           5   9.9866368168234770E-033
           5           6   2.9273732982012235E-032
           5           7   6.4626906062198593E-033
           5           8  -7.2403150367305439E-032
           5           9  -8.5725633130148757E-032
           5          10   8.3331807898306991E-032
           5          11   5.3242237799640899E-032
           5          12  -1.0034435949424868E-031
           5          13  -4.5319056103649121E-032
           5          14  -3.2591839905809474E-020
           5          15  -1.9924706885276276E-032
           5          16  -3.2591839905836256E-020
           5          17   3.0367925587415120E-033
           5          18  -1.6156854341606736E-032
           5          19  -3.2591839905857790E-020
           5          20   3.1797673459192128E-019
           5          21   1.0918390189889886E-032
           5          22   3.1797673459198358E-019
           5          23  -6.3972510174365248E-032
           5          24  -9.7456814833359380E-032
           5          25   3.1797673459205070E-019
           6           1   2.5934697522652426E-017
           6           2   3.4284678198640395E-017
           6           3   2.1068670966259861E-017
           6           4   4.3974596241943717E-019
           6           5   2.9273732982012235E-032
           6           6   9.7899004663545319E-032
           6           7  -1.4200193742054573E-033
           6           8  -1.5254231436944749E-031
           6           9  -2.9833872942484903E-031
           6          10   2.8028337643925469E-031
           6          11   6.0342695133406969E-032
           6          12  -1.3921796467974660E-031
           6          13  -1.6628960939297480E-031
           6          14   8.2252073651719923E-020
           6          15  -6.7138347783882380E-032
           6          16   8.2252073651734945E-020
           6          17   4.0973823624802517E-033
           6          18  -5.6894114767790626E-032
           6          19   8.2252073651577862E-020
           6          20  -8.0243778721077856E-019
           6          21   1.0857328634036341E-032
           6          22  -8.0243778721061986E-019
           6          23  -1.9223973477165127E-031
           6          24  -2.1441856034427338E-031
           6          25  -8.0243778721028706E-019
           7           1  -1.0110499604484911E-016
           7           2  -1.3365741233854311E-016
           7           3  -8.2122786099881133E-017
           7           4  -1.7127167551415316E-018
           7           5   6.4626906062198593E-033
           7           6  -1.4200193742054573E-033
           7           7   3.8485118545928456E-032
           7           8  -1.4740530091710845E-031
           7           9   2.3782359335371793E-032
           7          10  -6.7375565998179849E-033
           7          11   1.9570332508866460E-031
           7          12  -3.2589724405069243E-031
           7          13   2.7012233760844263E-032
           7          14  -3.2057260169288305E-019
           7          15   1.8170548143365639E-033
           7          16  -3.2057260169305793E-019
           7          17   1.0058040149057495E-032
           7          18   5.6036827548104108E-033
           7          19  -3.2057260169291363E-019
           7          20   3.1275436632341053E-018
           7          21   4.2688516387541429E-032
           7          22   3.1275436632341855E-018
           7          23  -3.3451841942210499E-032
           7          24  -1.8309659795469838E-031
           7          25   3.1275436632339998E-018
           8           1   3.5140093053671920E-016
           8           2   4.6454043595122324E-016
           8           3   2.8542120268938819E-016
           8           4   5.9520589506350275E-018
           8           5  -7.2403150367305439E-032
           8           6  -1.5254231436944749E-031
           8           7  -1.4740530091710845E-031
           8           8   8.1966375925320643E-031
           8           9   3.8918421913946804E-031
           8          10  -4.2633265631276696E-031
           8          11  -8.5866794882849100E-031
           8          12   1.4924420930452708E-030
           8          13   1.6341679309470569E-031
           8          14   1.1141492143468549E-018
           8          15   1.0133237361093759E-031
           8          16   1.1141492143475109E-018
           8          17  -4.5738959613913265E-032
           8          18   7.0063141638826947E-032
           8          19   1.1141492143472033E-018
           8          20  -1.0869806766460541E-017
           8          21  -1.8357829800160772E-031
           8          22  -1.0869806766461111E-017
           8          23   4.4050636573272143E-031
           8          24   1.0583986890517983E-030
           8          25  -1.0869806766460925E-017
           9           1  -1.2998137790469264E-016
           9           2  -1.7183065019896221E-016
           9           3  -1.0558726967307253E-016
           9           4  -2.2031366701924641E-018
           9           5  -8.5725633130148757E-032
           9           6  -2.9833872942484903E-031
           9           7   2.3782359335371793E-032
           9           8   3.8918421913946804E-031
           9           9   9.1900154626369385E-031
           9          10  -8.5549079344221481E-031
           9          11  -8.4461629467126757E-032
           9          12   2.5839771734831886E-031
           9          13   5.1919571185719855E-031
           9          14  -4.1219506783234709E-019
           9          15   2.0502478514504438E-031
           9          16  -4.1219506783248124E-019
           9          17  -7.3691003021048407E-033
           9          18   1.7579676836854921E-031
           9          19  -4.1219506783193061E-019
           9          20   4.0213531098827904E-018
           9          21  -1.1415685179024634E-032
           9          22   4.0213531098823466E-018
           9          23   5.6750395739584894E-031
           9          24   5.5924045799085836E-031
           9          25   4.0213531098812412E-018
          10           1   8.1248101810655461E-017
          10           2   1.0740691605677840E-016
          10           3   6.6002983532387806E-017
          10           4   1.3775223823051253E-018
          10           5   8.3331807898306991E-032
          10           6   2.8028337643925469E-031
          10           7  -6.7375565998179849E-033
          10           8  -4.2633265631276696E-031
          10           9  -8.5549079344221481E-031
          10          10   8.0263271043036534E-031
          10          11   1.5910425927147197E-031
          10          12  -3.7579914904781976E-031
          10          13  -4.7779358155160037E-031
          10          14   2.5767318238029550E-019
          10          15  -1.9227465570574312E-031
          10          16   2.5767318238035067E-019
          10          17   1.1027901033923634E-032
          10          18  -1.6321894360720352E-031
          10          19   2.5767318237989115E-019
          10          20  -2.5138236881923059E-018
          10          21   2.8107932207933654E-032
          10          22  -2.5138236881918560E-018
          10          23  -5.4786191883212060E-031
          10          24  -6.0094165692106821E-031
          10          25  -2.5138236881908907E-018
          11           1  -4.9880386975181719E-016
          11           2  -6.5940206321716296E-016
          11           3  -4.0515251798759480E-016
          11           4  -8.4494433390881374E-018
          11           5   5.3242237799640899E-032
          11           6   6.0342695133406969E-032
          11           7   1.9570332508866460E-031
          11           8  -8.5866794882849100E-031
          11           9  -8.4461629467126757E-032
          11          10   1.5910425927147197E-031
          11          11   1.0418376545212412E-030
          11          12  -1.7616767210343427E-030
          11          13   2.3225913225628463E-032
          11          14  -1.5815378207445143E-018
          11          15  -3.7073149239533188E-032
          11          16  -1.5815378207453977E-018
          11          17   5.4232363039888000E-032
          11          18  -1.0647319352922492E-032
          11          19  -1.5815378207447687E-018
          11          20   1.5429683201385411E-017
          11          21   2.2566299825081932E-031
          11          22   1.5429683201385932E-017
          11          23  -3.0370337135627663E-031
          11          24  -1.0837995298843904E-030
          11          25   1.5429683201385211E-017
          12           1   8.2184967768074637E-016
          12           2   1.0864578860616599E-015
          12           3   6.6754459186646892E-016
          12           4   1.3921480408543786E-017
          12           5  -1.0034435949424868E-031
          12           6  -1.3921796467974660E-031
          12           7  -3.2589724405069243E-031
          12           8   1.4924420930452708E-030
          12           9   2.5839771734831886E-031
          12          10  -3.7579914904781976E-031
          12          11  -1.7616767210343427E-030
          12          12   2.9935206628458710E-030
          12          13   2.6752301595736578E-032
          12          14   2.6057978198139239E-018
          12          15   8.8285988974545082E-032
          12          16   2.6057978198153915E-018
          12          17  -9.2079886415259043E-032
          12          18   4.0169685688620473E-032
          12          19   2.6057978198144039E-018
          12          20  -2.5422502819552559E-017
          12          21  -3.8070919620706450E-031
          12          22  -2.5422502819553487E-017
          12          23   5.8233031609954876E-031
          12          24   1.8923594627191456E-030
          12          25  -2.5422502819552418E-017
          13           1  -1.0847395352719377E-016
          13           2  -1.4339872124488772E-016
          13           3  -8.8113558178884233E-017
          13           4  -1.8382438809070921E-018
          13           5  -4.5319056103649121E-032
          13           6  -1.6628960939297480E-031
          13           7   2.7012233760844263E-032
          13           8   1.6341679309470569E-031
          13           9   5.1919571185719855E-031
          13          10  -4.7779358155160037E-031
          13          11   2.3225913225628463E-032
          13          12   2.6752301595736578E-032
          13          13   2.9818995681977203E-031
          13          14  -3.4397307313926791E-019
          13          15   1.1457935731587897E-031
          13          16  -3.4397307313940523E-019
          13          17  -4.8905555286926312E-034
          13          18   9.9695467967991619E-032
          13          19  -3.4397307313904753E-019
          13          20   3.3558024861572247E-018
          13          21   8.9603376477251405E-033
          13          22   3.3558024861570070E-018
          13          23   3.0335751486582774E-031
          13          24   2.4511815864547658E-031
          13          25   3.3558024861563256E-018
          14           1   8.5816354869569468E-004
          14           2   1.1344633293223104E-003
          14           3   6.9704775610124141E-004
          14           4   1.4537571587572343E-005
          14           5  -3.2591839905809474E-020
          14           6   8.2252073651719923E-020
          14           7  -3.2057260169288305E-019
          14           8   1.1141492143468549E-018
          14           9  -4.1219506783234709E-019
          14          10   2.5767318238029550E-019
          14          11  -1.5815378207445143E-018
          14          12   2.6057978198139239E-018
          14          13  -3.4397307313926791E-019
          14          14   2.7209858464521546E-006
          14          15  -6.3409228261711273E-020
          14          16   2.7209858464536175E-006
          14          17  -8.0565132188571226E-020
          14          18  -8.7477316200259043E-020
          14          19   2.7209858464523063E-006
          14          20  -2.6546238460087491E-005
          14          21  -3.4663791961911704E-019
          14          22  -2.6546238460088040E-005
          14          23   1.3939648592472068E-019
          14          24   1.3659675559985626E-018
          14          25  -2.6546238460086258E-005
          15           1  -1.9993977556784462E-017
          15           2  -2.6431284021706149E-017
          15           3  -1.6242316179786981E-017
          15           4  -3.3898048167883776E-019
          15           5  -1.9924706885276276E-032
          15           6  -6.7138347783882380E-032
          15           7   1.8170548143365639E-033
          15           8   1.0133237361093759E-031
          15           9   2.0502478514504438E-031
          15          10  -1.9227465570574312E-031
          15          11  -3.7073149239533188E-032
          15          12   8.8285988974545082E-032
          15          13   1.1457935731587897E-031
          15          14  -6.3409228261711273E-020
          15          15   4.6061422352257614E-032
          15          16  -6.3409228261725404E-020
          15          17  -2.5881571383282955E-033
          15          18   3.9122277636763539E-032
          15          19  -6.3409228261614567E-020
          15          20   6.1861203489317736E-019
          15          21  -6.5066008763663415E-033
          15          22   6.1861203489307028E-019
          15          23   1.3104200254306512E-031
          15          24   1.4296450631784560E-031
          15          25   6.1861203489283782E-019
          16           1   8.5816354869615611E-004
          16           2   1.1344633293229201E-003
          16           3   6.9704775610161611E-004
          16           4   1.4537571587580157E-005
          16           5  -3.2591839905836256E-020
          16           6   8.2252073651734945E-020
          16           7  -3.2057260169305793E-019
          16           8   1.1141492143475109E-018
          16           9  -4.1219506783248124E-019
          16          10   2.5767318238035067E-019
          16          11  -1.5815378207453977E-018
          16          12   2.6057978198153915E-018
          16          13  -3.4397307313940523E-019
          16          14   2.7209858464536175E-006
          16          15  -6.3409228261725404E-020
          16          16   2.7209858464550807E-006
          16          17  -8.0565132188616546E-020
          16          18  -8.7477316200289473E-020
          16          19   2.7209858464537695E-006
          16          20  -2.6546238460101762E-005
          16          21  -3.4663791961930992E-019
          16          22  -2.6546238460102311E-005
          16          23   1.3939648592485569E-019
          16          24   1.3659675559993752E-018
          16          25  -2.6546238460100529E-005
          17           1  -2.5409642482427217E-017
          17           2  -3.3590700336739697E-017
          17           3  -2.0638901942036619E-017
          17           4  -4.3042002579957736E-019
          17           5   3.0367925587415120E-033
          17           6   4.0973823624802517E-033
          17           7   1.0058040149057495E-032
          17           8  -4.5738959613913265E-032
          17           9  -7.3691003021048407E-033
          17          10   1.1027901033923634E-032
          17          11   5.4232363039888000E-032
          17          12  -9.2079886415259043E-032
          17          13  -4.8905555286926312E-034
          17          14  -8.0565132188571226E-020
          17          15  -2.5881571383282955E-033
          17          16  -8.0565132188616546E-020
          17          17   2.8327264637896150E-033
          17          18  -1.1243074619405277E-033
          17          19  -8.0565132188585755E-020
          17          20   7.8600387080804932E-019
          17          21   1.1724363637210343E-032
          17          22   7.8600387080807763E-019
          17          23  -1.7578258206212907E-032
          17          24  -5.7952772222702523E-032
          17          25   7.8600387080804403E-019
          18           1  -2.7585491164859740E-017
          18           2  -3.6467023207282128E-017
          18           3  -2.2408208029472931E-017
          18           4  -4.6753678688337660E-019
          18           5  -1.6156854341606736E-032
          18           6  -5.6894114767790626E-032
          18           7   5.6036827548104108E-033
          18           8   7.0063141638826947E-032
          18           9   1.7579676836854921E-031
          18          10  -1.6321894360720352E-031
          18          11  -1.0647319352922492E-032
          18          12   4.0169685688620473E-032
          18          13   9.9695467967991619E-032
          18          14  -8.7477316200259043E-020
          18          15   3.9122277636763539E-032
          18          16  -8.7477316200289473E-020
          18          17  -1.1243074619405277E-033
          18          18   3.3657701591109309E-032
          18          19  -8.7477316200180561E-020
          18          20   8.5342554982613581E-019
          18          21  -9.8700154390693324E-034
          18          22   8.5342554982605358E-019
          18          23   1.0721821577420625E-031
          18          24   1.0147717274670033E-031
          18          25   8.5342554982583787E-019
          19           1   8.5816354869574260E-004
          19           2   1.1344633293223735E-003
          19           3   6.9704775610128023E-004
          19           4   1.4537571587573151E-005
          19           5  -3.2591839905857790E-020
          19           6   8.2252073651577862E-020
          19           7  -3.2057260169291363E-019
          19           8   1.1141492143472033E-018
          19           9  -4.1219506783193061E-019
          19          10   2.5767318237989115E-019
          19          11  -1.5815378207447687E-018
          19          12   2.6057978198144039E-018
          19          13  -3.4397307313904753E-019
          19          14   2.7209858464523063E-006
          19          15  -6.3409228261614567E-020
          19          16   2.7209858464537695E-006
          19          17  -8.0565132188585755E-020
          19          18  -8.7477316200180561E-020
          19          19   2.7209858464524579E-006
          19          20  -2.6546238460088968E-005
          19          21  -3.4663791961916914E-019
          19          22  -2.6546238460089521E-005
          19          23   1.3939648592503037E-019
          19          24   1.3659675559990316E-018
          19          25  -2.6546238460087742E-005
          20           1  -8.3723383696884118E-003
          20           2  -1.1067949548253072E-002
          20           3  -6.8004749003351874E-003
          20           4  -1.4183015406319180E-004
          20           5   3.1797673459192128E-019
          20           6  -8.0243778721077856E-019
          20           7   3.1275436632341053E-018
          20           8  -1.0869806766460541E-017
          20           9   4.0213531098827904E-018
          20          10  -2.5138236881923059E-018
          20          11   1.5429683201385411E-017
          20          12  -2.5422502819552559E-017
          20          13   3.3558024861572247E-018
          20          14  -2.6546238460087491E-005
          20          15   6.1861203489317736E-019
          20          16  -2.6546238460101762E-005
          20          17   7.8600387080804932E-019
          20          18   8.5342554982613581E-019
          20          19  -2.6546238460088968E-005
          20          20   2.5898803454385897E-004
          20          21   3.3818428688319325E-018
          20          22   2.5898803454386433E-004
          20          23  -1.3600138991254916E-018
          20          24  -1.3326590729060726E-017
          20          25   2.5898803454384693E-004
          21           1  -1.0932655344298206E-016
          21           2  -1.4452605082276351E-016
          21           3  -8.8800366689467795E-017
          21           4  -1.8519373509286022E-018
          21           5   1.0918390189889886E-032
          21           6   1.0857328634036341E-032
          21           7   4.2688516387541429E-032
          21           8  -1.8357829800160772E-031
          21           9  -1.1415685179024634E-032
          21          10   2.8107932207933654E-032
          21          11   2.2566299825081932E-031
          21          12  -3.8070919620706450E-031
          21          13   8.9603376477251405E-033
          21          14  -3.4663791961911704E-019
          21          15  -6.5066008763663415E-033
          21          16  -3.4663791961930992E-019
          21          17   1.1724363637210343E-032
          21          18  -9.8700154390693324E-034
          21          19  -3.4663791961916914E-019
          21          20   3.3818428688319325E-018
          21          21   4.8930688454000469E-032
          21          22   3.3818428688320418E-018
          21          23  -6.1688416957952702E-032
          21          24  -2.3119720829317230E-031
          21          25   3.3818428688318770E-018
          22           1  -8.3723383696885853E-003
          22           2  -1.1067949548253301E-002
          22           3  -6.8004749003353288E-003
          22           4  -1.4183015406319475E-004
          22           5   3.1797673459198358E-019
          22           6  -8.0243778721061986E-019
          22           7   3.1275436632341855E-018
          22           8  -1.0869806766461111E-017
          22           9   4.0213531098823466E-018
          22          10  -2.5138236881918560E-018
          22          11   1.5429683201385932E-017
          22          12  -2.5422502819553487E-017
          22          13   3.3558024861570070E-018
          22          14  -2.6546238460088040E-005
          22          15   6.1861203489307028E-019
          22          16  -2.6546238460102311E-005
          22          17   7.8600387080807763E-019
          22          18   8.5342554982605358E-019
          22          19  -2.6546238460089521E-005
          22          20   2.5898803454386433E-004
          22          21   3.3818428688320418E-018
          22          22   2.5898803454386970E-004
          22          23  -1.3600138991258814E-018
          22          24  -1.3326590729061474E-017
          22          25   2.5898803454385230E-004
          23           1   4.3977297948836040E-017
          23           2   5.8136752982279395E-017
          23           3   3.5714445750115071E-017
          23           4   7.4415863368402296E-019
          23           5  -6.3972510174365248E-032
          23           6  -1.9223973477165127E-031
          23           7  -3.3451841942210499E-032
          23           8   4.4050636573272143E-031
          23           9   5.6750395739584894E-031
          23          10  -5.4786191883212060E-031
          23          11  -3.0370337135627663E-031
          23          12   5.8233031609954876E-031
          23          13   3.0335751486582774E-031
          23          14   1.3939648592472068E-019
          23          15   1.3104200254306512E-031
          23          16   1.3939648592485569E-019
          23          17  -1.7578258206212907E-032
          23          18   1.0721821577420625E-031
          23          19   1.3939648592503037E-019
          23          20  -1.3600138991254916E-018
          23          21  -6.1688416957952702E-032
          23          22  -1.3600138991258814E-018
          23          23   4.1163688571476728E-031
          23          24   5.9648290047142593E-031
          23          25  -1.3600138991263644E-018
          24           1   4.3082592122176098E-016
          24           2   5.6953768726017268E-016
          24           3   3.4993231707610296E-016
          24           4   7.2972503004139485E-018
          24           5  -9.7456814833359380E-032
          24           6  -2.1441856034427338E-031
          24           7  -1.8309659795469838E-031
          24           8   1.0583986890517983E-030
          24           9   5.5924045799085836E-031
          24          10  -6.0094165692106821E-031
          24          11  -1.0837995298843904E-030
          24          12   1.8923594627191456E-030
          24          13   2.4511815864547658E-031
          24          14   1.3659675559985626E-018
          24          15   1.4296450631784560E-031
          24          16   1.3659675559993752E-018
          24          17  -5.7952772222702523E-032
          24          18   1.0147717274670033E-031
          24          19   1.3659675559990316E-018
          24          20  -1.3326590729060726E-017
          24          21  -2.3119720829317230E-031
          24          22  -1.3326590729061474E-017
          24          23   5.9648290047142593E-031
          24          24   1.3710465460994733E-030
          24          25  -1.3326590729061327E-017
          25           1  -8.3723383696880250E-003
          25           2  -1.1067949548252558E-002
          25           3  -6.8004749003348734E-003
          25           4  -1.4183015406318524E-004
          25           5   3.1797673459205070E-019
          25           6  -8.0243778721028706E-019
          25           7   3.1275436632339998E-018
          25           8  -1.0869806766460925E-017
          25           9   4.0213531098812412E-018
          25          10  -2.5138236881908907E-018
          25          11   1.5429683201385211E-017
          25          12  -2.5422502819552418E-017
          25          13   3.3558024861563256E-018
          25          14  -2.6546238460086258E-005
          25          15   6.1861203489283782E-019
          25          16  -2.6546238460100529E-005
          25          17   7.8600387080804403E-019
          25          18   8.5342554982583787E-019
          25          19  -2.6546238460087742E-005
          25          20   2.5898803454384693E-004
          25          21   3.3818428688318770E-018
          25          22   2.5898803454385230E-004
          25          23  -1.3600138991263644E-018
          25          24  -1.3326590729061327E-017
          25          25   2.5898803454383495E-004
