           1           1   2.1891802893180889     
           1           2 -0.67836538325649731     
           1           3   7.4568948787154241E-002
           1           4  0.10382931722141236     
           1           5  -3.4256208319791449E-014
           1           6   4.6550079399977244E-015
           1           7   3.2500362978617368E-014
           1           8  -1.1223053838730153E-014
           1           9   2.4402840341582763E-015
           1          10  -1.2543269303060674E-014
           1          11  -6.3238918282566828E-015
           1          12  -4.5922497410367869E-015
           1          13   6.6555543701277819E-015
           1          14   1.8630060359102383E-003
           1          15   7.6737712691441236E-015
           1          16   1.8630060359002645E-003
           1          17  -1.4911224397282243E-016
           1          18   7.7115060682775440E-015
           1          19   1.8630060359042689E-003
           2           1 -0.67836538325649731     
           2           2   2.4459131019347464     
           2           3 -0.34097098080907817     
           2           4 -0.45854947690042336     
           2           5   1.2352543586227144E-013
           2           6  -1.8678634039175636E-014
           2           7  -1.2189274923770583E-013
           2           8   2.9992822555789859E-014
           2           9  -7.9290445064930139E-015
           2          10   4.0119380721696860E-014
           2          11   2.0041608303008794E-014
           2          12   6.1306823050074508E-015
           2          13  -1.9466247627694450E-014
           2          14  -1.0111393620308509E-002
           2          15  -2.5805526894645903E-014
           2          16  -1.0111393620277579E-002
           2          17  -3.7312591670921253E-015
           2          18  -2.5440319912331407E-014
           2          19  -1.0111393620286947E-002
           3           1   7.4568948787154241E-002
           3           2 -0.34097098080907817     
           3           3  0.57288956248595069     
           3           4  0.60431489169161678     
           3           5  -1.7589182991854944E-014
           3           6   3.6190678830477754E-016
           3           7  -2.3593141081563273E-015
           3           8  -1.2122294287234992E-014
           3           9  -7.8380255457703677E-015
           3          10   2.2814812359841222E-014
           3          11  -3.8105936643275968E-016
           3          12   5.5651207232637367E-015
           3          13   1.1066713092124210E-015
           3          14   3.1438091551082368E-004
           3          15  -1.7220409924996216E-015
           3          16   3.1438091550799359E-004
           3          17  -1.5535009220935776E-015
           3          18  -1.2237933207458807E-015
           3          19   3.1438091550662668E-004
           4           1  0.10382931722141236     
           4           2 -0.45854947690042336     
           4           3  0.60431489169161678     
           4           4  0.64182648692700295     
           4           5  -1.6318412090344894E-014
           4           6  -3.7054837914328535E-015
           4           7  -1.9832637491807450E-016
           4           8   3.6988555019866810E-015
           4           9   4.0125589289937386E-015
           4          10  -2.5748510040759550E-015
           4          11   9.5562098304751325E-015
           4          12   1.2667241706015521E-014
           4          13  -1.3003265055429538E-014
           4          14   7.7047320772922969E-004
           4          15  -6.3419698843000279E-016
           4          16   7.7047320772495695E-004
           4          17  -1.4317286809541568E-015
           4          18  -1.3801619288516707E-016
           4          19   7.7047320772396198E-004
           5           1  -3.4256208319791449E-014
           5           2   1.2352543586227144E-013
           5           3  -1.7589182991854944E-014
           5           4  -1.6318412090344894E-014
           5           5   2.1659123832200029     
           5           6  -2.0851376181241221E-015
           5           7   2.8848451405494302E-015
           5           8 -0.41223830118711663     
           5           9  -4.4686476741162551E-015
           5          10   2.4331231474050696E-014
           5          11 -0.24258977809302418     
           5          12   7.4176775832768271E-015
           5          13  -2.3279989047608751E-014
           5          14  -3.6913717273855449E-015
           5          15   4.0190364663106180E-015
           5          16   1.4908825056858065E-014
           5          17   5.5188039913624154E-015
           5          18   1.9065060229913792E-014
           5          19  -2.1253341246354630E-014
           6           1   4.6550079399977244E-015
           6           2  -1.8678634039175636E-014
           6           3   3.6190678830477754E-016
           6           4  -3.7054837914328535E-015
           6           5  -2.0851376181241221E-015
           6           6   2.1659123832199607     
           6           7  -1.5382660423224337E-015
           6           8   2.8865798640254070E-015
           6           9 -0.41223830118704513     
           6          10   4.2327252813834093E-016
           6          11   4.7878367936959876E-016
           6          12 -0.24258977809302526     
           6          13  -1.0737938316296436E-015
           6          14   4.1485168432088956E-015
           6          15   3.2320559878055482E-015
           6          16   3.6703420068708286E-015
           6          17   8.0665593461899292E-016
           6          18  -2.0539093494024288E-015
           6          19  -1.6707502049345415E-016
           7           1   3.2500362978617368E-014
           7           2  -1.2189274923770583E-013
           7           3  -2.3593141081563273E-015
           7           4  -1.9832637491807450E-016
           7           5   2.8848451405494302E-015
           7           6  -1.5382660423224337E-015
           7           7   2.1659123832199567     
           7           8  -2.2520180165130910E-014
           7           9   1.1813466871402056E-015
           7          10 -0.41223830118703714     
           7          11  -4.6837533851373792E-016
           7          12   2.1710064301849741E-015
           7          13 -0.24258977809303300     
           7          14  -5.9986694853992735E-015
           7          15   2.1061562066744174E-015
           7          16   3.9111370243023066E-016
           7          17   6.1011035092114608E-015
           7          18   8.9315975781136970E-015
           7          19  -1.7200346264988522E-014
           8           1  -1.1223053838730153E-014
           8           2   2.9992822555789859E-014
           8           3  -1.2122294287234992E-014
           8           4   3.6988555019866810E-015
           8           5 -0.41223830118711663     
           8           6   2.8865798640254070E-015
           8           7  -2.2520180165130910E-014
           8           8   1.0120005351046308     
           8           9   4.8572257327350599E-015
           8          10   6.3143934525555778E-015
           8          11  0.62230075531808060     
           8          12   3.7470027081099033E-016
           8          13  -6.4531713306337224E-016
           8          14  -7.3830810711200672E-015
           8          15  -2.0851827764817289E-015
           8          16   5.9109294162268011E-015
           8          17   7.9512374773561767E-015
           8          18   1.4522474140962389E-015
           8          19   4.5327640546704320E-015
           9           1   2.4402840341582763E-015
           9           2  -7.9290445064930139E-015
           9           3  -7.8380255457703677E-015
           9           4   4.0125589289937386E-015
           9           5  -4.4686476741162551E-015
           9           6 -0.41223830118704513     
           9           7   1.1813466871402056E-015
           9           8   4.8572257327350599E-015
           9           9   1.0120005351046211     
           9          10  -4.4582393332603942E-015
           9          11  -2.1649348980190553E-015
           9          12  0.62230075531808249     
           9          13   2.5847379792054426E-015
           9          14  -2.1415887020746695E-015
           9          15  -1.0580587672887519E-014
           9          16  -6.1720500780189760E-015
           9          17  -1.4255569590890846E-015
           9          18   4.9843618430461699E-015
           9          19   7.4764403243802689E-015
          10           1  -1.2543269303060674E-014
          10           2   4.0119380721696860E-014
          10           3   2.2814812359841222E-014
          10           4  -2.5748510040759550E-015
          10           5   2.4331231474050696E-014
          10           6   4.2327252813834093E-016
          10           7 -0.41223830118703714     
          10           8   6.3143934525555778E-015
          10           9  -4.4582393332603942E-015
          10          10   1.0120005351046264     
          10          11  -2.2204460492503131E-015
          10          12  -1.5838025335668249E-015
          10          13  0.62230075531808227     
          10          14  -9.1315610448889002E-015
          10          15  -2.6214800662779694E-015
          10          16  -7.8746467892310768E-015
          10          17  -7.5349064402334609E-015
          10          18  -5.9184992407542539E-015
          10          19   1.1388799444455718E-014
          11           1  -6.3238918282566828E-015
          11           2   2.0041608303008794E-014
          11           3  -3.8105936643275968E-016
          11           4   9.5562098304751325E-015
          11           5 -0.24258977809302418     
          11           6   4.7878367936959876E-016
          11           7  -4.6837533851373792E-016
          11           8  0.62230075531808060     
          11           9  -2.1649348980190553E-015
          11          10  -2.2204460492503131E-015
          11          11  0.38272554536979875     
          11          12  -2.9143354396410359E-015
          11          13  -4.3159920082302961E-015
          11          14  -4.5960390918865883E-015
          11          15  -1.2649284259827650E-015
          11          16   3.7098338484961659E-015
          11          17   4.9371935285631153E-015
          11          18   1.0002905770686128E-015
          11          19   2.6619464438310884E-015
          12           1  -4.5922497410367869E-015
          12           2   6.1306823050074508E-015
          12           3   5.5651207232637367E-015
          12           4   1.2667241706015521E-014
          12           5   7.4176775832768271E-015
          12           6 -0.24258977809302526     
          12           7   2.1710064301849741E-015
          12           8   3.7470027081099033E-016
          12           9  0.62230075531808249     
          12          10  -1.5838025335668249E-015
          12          11  -2.9143354396410359E-015
          12          12  0.38272554536980430     
          12          13   2.3071822230491534E-015
          12          14  -1.3686755289129710E-015
          12          15  -6.5121466986087276E-015
          12          16  -3.8586675065008738E-015
          12          17  -8.7537352876811966E-016
          12          18   3.0648718831787668E-015
          12          19   4.5435019546873581E-015
          13           1   6.6555543701277819E-015
          13           2  -1.9466247627694450E-014
          13           3   1.1066713092124210E-015
          13           4  -1.3003265055429538E-014
          13           5  -2.3279989047608751E-014
          13           6  -1.0737938316296436E-015
          13           7 -0.24258977809303300     
          13           8  -6.4531713306337224E-016
          13           9   2.5847379792054426E-015
          13          10  0.62230075531808227     
          13          11  -4.3159920082302961E-015
          13          12   2.3071822230491534E-015
          13          13  0.38272554536980186     
          13          14  -5.4491801487737133E-015
          13          15  -1.6063438591409519E-015
          13          16  -4.6386064848337836E-015
          13          17  -4.6168478180849357E-015
          13          18  -3.6038295161069629E-015
          13          19   7.1537493070226276E-015
          14           1   1.8630060359102383E-003
          14           2  -1.0111393620308509E-002
          14           3   3.1438091551082368E-004
          14           4   7.7047320772922969E-004
          14           5  -3.6913717273855449E-015
          14           6   4.1485168432088956E-015
          14           7  -5.9986694853992735E-015
          14           8  -7.3830810711200672E-015
          14           9  -2.1415887020746695E-015
          14          10  -9.1315610448889002E-015
          14          11  -4.5960390918865883E-015
          14          12  -1.3686755289129710E-015
          14          13  -5.4491801487737133E-015
          14          14   4.4566679892587603E-005
          14          15   1.1761470721721752E-016
          14          16   4.4566679892457309E-005
          14          17   2.0368814355800687E-017
          14          18   1.1488171263211652E-016
          14          19   4.4566679892500962E-005
          15           1   7.6737712691441236E-015
          15           2  -2.5805526894645903E-014
          15           3  -1.7220409924996216E-015
          15           4  -6.3419698843000279E-016
          15           5   4.0190364663106180E-015
          15           6   3.2320559878055482E-015
          15           7   2.1061562066744174E-015
          15           8  -2.0851827764817289E-015
          15           9  -1.0580587672887519E-014
          15          10  -2.6214800662779694E-015
          15          11  -1.2649284259827650E-015
          15          12  -6.5121466986087276E-015
          15          13  -1.6063438591409519E-015
          15          14   1.1761470721721752E-016
          15          15   8.3941630882795786E-028
          15          16   1.1761470721698673E-016
          15          17   1.3699588127563551E-028
          15          18   1.9735926622749899E-028
          15          19   1.1761470721646729E-016
          16           1   1.8630060359002645E-003
          16           2  -1.0111393620277579E-002
          16           3   3.1438091550799359E-004
          16           4   7.7047320772495695E-004
          16           5   1.4908825056858065E-014
          16           6   3.6703420068708286E-015
          16           7   3.9111370243023066E-016
          16           8   5.9109294162268011E-015
          16           9  -6.1720500780189760E-015
          16          10  -7.8746467892310768E-015
          16          11   3.7098338484961659E-015
          16          12  -3.8586675065008738E-015
          16          13  -4.6386064848337836E-015
          16          14   4.4566679892457309E-005
          16          15   1.1761470721698673E-016
          16          16   4.4566679892327001E-005
          16          17   2.0368814356149342E-017
          16          18   1.1488171263211223E-016
          16          19   4.4566679892370661E-005
          17           1  -1.4911224397282243E-016
          17           2  -3.7312591670921253E-015
          17           3  -1.5535009220935776E-015
          17           4  -1.4317286809541568E-015
          17           5   5.5188039913624154E-015
          17           6   8.0665593461899292E-016
          17           7   6.1011035092114608E-015
          17           8   7.9512374773561767E-015
          17           9  -1.4255569590890846E-015
          17          10  -7.5349064402334609E-015
          17          11   4.9371935285631153E-015
          17          12  -8.7537352876811966E-016
          17          13  -4.6168478180849357E-015
          17          14   2.0368814355800687E-017
          17          15   1.3699588127563551E-028
          17          16   2.0368814356149342E-017
          17          17   3.6619224162084563E-028
          17          18   3.2570520073071880E-028
          17          19   2.0368814355503595E-017
          18           1   7.7115060682775440E-015
          18           2  -2.5440319912331407E-014
          18           3  -1.2237933207458807E-015
          18           4  -1.3801619288516707E-016
          18           5   1.9065060229913792E-014
          18           6  -2.0539093494024288E-015
          18           7   8.9315975781136970E-015
          18           8   1.4522474140962389E-015
          18           9   4.9843618430461699E-015
          18          10  -5.9184992407542539E-015
          18          11   1.0002905770686128E-015
          18          12   3.0648718831787668E-015
          18          13  -3.6038295161069629E-015
          18          14   1.1488171263211652E-016
          18          15   1.9735926622749899E-028
          18          16   1.1488171263211223E-016
          18          17   3.2570520073071880E-028
          18          18   1.1870363786317193E-027
          18          19   1.1488171263164379E-016
          19           1   1.8630060359042689E-003
          19           2  -1.0111393620286947E-002
          19           3   3.1438091550662668E-004
          19           4   7.7047320772396198E-004
          19           5  -2.1253341246354630E-014
          19           6  -1.6707502049345415E-016
          19           7  -1.7200346264988522E-014
          19           8   4.5327640546704320E-015
          19           9   7.4764403243802689E-015
          19          10   1.1388799444455718E-014
          19          11   2.6619464438310884E-015
          19          12   4.5435019546873581E-015
          19          13   7.1537493070226276E-015
          19          14   4.4566679892500962E-005
          19          15   1.1761470721646729E-016
          19          16   4.4566679892370661E-005
          19          17   2.0368814355503595E-017
          19          18   1.1488171263164379E-016
          19          19   4.4566679892414314E-005
