           1           1  0.26469098575805938     
           1           2  0.37334291629456051     
           1           3  0.19531124999016686     
           1           4   5.1844655171400207E-016
           1           5   9.3848693656455173E-017
           1           6  -1.1909141759539756E-016
           1           7  -6.3465600343199308E-016
           1           8   3.9294771245622475E-016
           1           9   1.4574952932254542E-016
           1          10  -1.3655623756597345E-003
           1          11  -7.0308675019936901E-017
           1          12  -1.3655623756590077E-003
           1          13  -5.4115099081617754E-017
           1          14   6.8784287300479412E-017
           1          15  -1.3655623756594014E-003
           2           1  0.37334291629456051     
           2           2  0.52659493767106280     
           2           3  0.27548377383638578     
           2           4   7.3126181860417260E-016
           2           5   1.3237228183695435E-016
           2           6  -1.6797681164183747E-016
           2           7  -8.9517351968200333E-016
           2           8   5.5424711277832434E-016
           2           9   2.0557782211551376E-016
           2          10  -1.9261065436371413E-003
           2          11  -9.9169581668894798E-017
           2          12  -1.9261065436361161E-003
           2          13  -7.6328629162446261E-017
           2          14   9.7019297067531044E-017
           2          15  -1.9261065436366712E-003
           3           1  0.19531124999016686     
           3           2  0.27548377383638578     
           3           3  0.14411705134927980     
           3           4   3.8255853226494121E-016
           3           5   6.9249833208800222E-017
           3           6  -8.7876507738940333E-017
           3           7  -4.6830556892810450E-016
           3           8   2.8994742661533058E-016
           3           9   1.0754960073076975E-016
           3          10  -1.0076266622899340E-003
           3          11  -5.1883517144132766E-017
           3          12  -1.0076266622893976E-003
           3          13  -3.9931558590806691E-017
           3          14   5.0755381546555276E-017
           3          15  -1.0076266622896881E-003
           4           1   5.1844655171400207E-016
           4           2   7.3126181860417260E-016
           4           3   3.8255853226494121E-016
           4           4   1.5275736888354586E-030
           4           5   2.2208606244450593E-031
           4           6  -3.1886544391737369E-031
           4           7  -1.5483666070078203E-030
           4           8   5.2753898028346060E-031
           4           9   6.2173965202119539E-031
           4          10  -2.6747034730902057E-018
           4          11  -5.2591309098203569E-031
           4          12  -2.6747034730877987E-018
           4          13  -1.9543966439100417E-031
           4          14   1.9038970913320279E-031
           4          15  -2.6747034730890051E-018
           5           1   9.3848693656455173E-017
           5           2   1.3237228183695435E-016
           5           3   6.9249833208800222E-017
           5           4   2.2208606244450593E-031
           5           5   3.6134310786176820E-032
           5           6  -4.8621534499452547E-032
           5           7  -2.4783451949722216E-031
           5           8   1.2123108305751183E-031
           5           9   7.6803589674908728E-032
           5          10  -4.8417272158027767E-019
           5          11  -5.3936344767038589E-032
           5          12  -4.8417272157994641E-019
           5          13  -2.5870686277408557E-032
           5          14   2.8547451231245331E-032
           5          15  -4.8417272158011859E-019
           6           1  -1.1909141759539756E-016
           6           2  -1.6797681164183747E-016
           6           3  -8.7876507738940333E-017
           6           4  -3.1886544391737369E-031
           6           5  -4.8621534499452547E-032
           6           6   6.7891734436207756E-032
           6           7   3.3657820450019432E-031
           6           8  -1.3632425189236986E-031
           6           9  -1.2178621351065853E-031
           6          10   6.1440157127551461E-019
           6          11   9.6525432430314983E-032
           6          12   6.1440157127502321E-019
           6          13   3.9299486461015278E-032
           6          14  -4.0252480512497687E-032
           6          15   6.1440157127527310E-019
           7           1  -6.3465600343199308E-016
           7           2  -8.9517351968200333E-016
           7           3  -4.6830556892810450E-016
           7           4  -1.5483666070078203E-030
           7           5  -2.4783451949722216E-031
           7           6   3.3657820450019432E-031
           7           7   1.7037115997011505E-030
           7           8  -7.9784547187214306E-031
           7           9  -5.4992097165824755E-031
           7          10   3.2742393490306194E-018
           7          11   3.9999630819401977E-031
           7          12   3.2742393490282905E-018
           7          13   1.8307347243379844E-031
           7          14  -1.9810771809019469E-031
           7          15   3.2742393490294942E-018
           8           1   3.9294771245622475E-016
           8           2   5.5424711277832434E-016
           8           3   2.8994742661533058E-016
           8           4   5.2753898028346060E-031
           8           5   1.2123108305751183E-031
           8           6  -1.3632425189236986E-031
           8           7  -7.9784547187214306E-031
           8           8   6.9782769640171567E-031
           8           9   5.7387141362076739E-032
           8          10  -2.0272514394553405E-018
           8          11   7.9165407287331239E-032
           8          12  -2.0272514394547262E-018
           8          13  -3.8046770905095308E-032
           8          14   7.5796321187950538E-032
           8          15  -2.0272514394551048E-018
           9           1   1.4574952932254542E-016
           9           2   2.0557782211551376E-016
           9           3   1.0754960073076975E-016
           9           4   6.2173965202119539E-031
           9           5   7.6803589674908728E-032
           9           6  -1.2178621351065853E-031
           9           7  -5.4992097165824755E-031
           9           8   5.7387141362076739E-032
           9           9   3.0105670707681773E-031
           9          10  -7.5193071310082271E-019
           9          11  -2.9362044838381533E-031
           9          12  -7.5193071309977673E-019
           9          13  -8.8530704223022576E-032
           9          14   7.4425547682194883E-032
           9          15  -7.5193071310027959E-019
          10           1  -1.3655623756597345E-003
          10           2  -1.9261065436371413E-003
          10           3  -1.0076266622899340E-003
          10           4  -2.6747034730902057E-018
          10           5  -4.8417272158027767E-019
          10           6   6.1440157127551461E-019
          10           7   3.2742393490306194E-018
          10           8  -2.0272514394553405E-018
          10           9  -7.5193071310082271E-019
          10          10   7.0450476297393422E-006
          10          11   3.6272473302411907E-019
          10          12   7.0450476297355915E-006
          10          13   2.7918341238935163E-019
          10          14  -3.5486325092780174E-019
          10          15   7.0450476297376236E-006
          11           1  -7.0308675019936901E-017
          11           2  -9.9169581668894798E-017
          11           3  -5.1883517144132766E-017
          11           4  -5.2591309098203569E-031
          11           5  -5.3936344767038589E-032
          11           6   9.6525432430314983E-032
          11           7   3.9999630819401977E-031
          11           8   7.9165407287331239E-032
          11           9  -2.9362044838381533E-031
          11          10   3.6272473302411907E-019
          11          11   3.1295366928684611E-031
          11          12   3.6272473302318057E-019
          11          13   8.2178845789381079E-032
          11          14  -6.0466471152437961E-032
          11          15   3.6272473302361515E-019
          12           1  -1.3655623756590077E-003
          12           2  -1.9261065436361161E-003
          12           3  -1.0076266622893976E-003
          12           4  -2.6747034730877987E-018
          12           5  -4.8417272157994641E-019
          12           6   6.1440157127502321E-019
          12           7   3.2742393490282905E-018
          12           8  -2.0272514394547262E-018
          12           9  -7.5193071309977673E-019
          12          10   7.0450476297355915E-006
          12          11   3.6272473302318057E-019
          12          12   7.0450476297318409E-006
          12          13   2.7918341238903125E-019
          12          14  -3.5486325092750597E-019
          12          15   7.0450476297338729E-006
          13           1  -5.4115099081617754E-017
          13           2  -7.6328629162446261E-017
          13           3  -3.9931558590806691E-017
          13           4  -1.9543966439100417E-031
          13           5  -2.5870686277408557E-032
          13           6   3.9299486461015278E-032
          13           7   1.8307347243379844E-031
          13           8  -3.8046770905095308E-032
          13           9  -8.8530704223022576E-032
          13          10   2.7918341238935163E-019
          13          11   8.2178845789381079E-032
          13          12   2.7918341238903125E-019
          13          13   2.6686449974367442E-032
          13          14  -2.3784974778244704E-032
          13          15   2.7918341238918783E-019
          14           1   6.8784287300479412E-017
          14           2   9.7019297067531044E-017
          14           3   5.0755381546555276E-017
          14           4   1.9038970913320279E-031
          14           5   2.8547451231245331E-032
          14           6  -4.0252480512497687E-032
          14           7  -1.9810771809019469E-031
          14           8   7.5796321187950538E-032
          14           9   7.4425547682194883E-032
          14          10  -3.5486325092780174E-019
          14          11  -6.0466471152437961E-032
          14          12  -3.5486325092750597E-019
          14          13  -2.3784974778244704E-032
          14          14   2.3925023544401914E-032
          14          15  -3.5486325092765566E-019
          15           1  -1.3655623756594014E-003
          15           2  -1.9261065436366712E-003
          15           3  -1.0076266622896881E-003
          15           4  -2.6747034730890051E-018
          15           5  -4.8417272158011859E-019
          15           6   6.1440157127527310E-019
          15           7   3.2742393490294942E-018
          15           8  -2.0272514394551048E-018
          15           9  -7.5193071310027959E-019
          15          10   7.0450476297376236E-006
          15          11   3.6272473302361515E-019
          15          12   7.0450476297338729E-006
          15          13   2.7918341238918783E-019
          15          14  -3.5486325092765566E-019
          15          15   7.0450476297359041E-006
