           1           1   1.9978852257364372     
           1           2  -6.4897169430980575E-003
           1           3  -5.5820172279324828E-002
           1           4   2.6710180115394895E-002
           1           5  -1.7729462740659875E-002
           1           6  -3.1900723000104952E-015
           1           7   1.2272830484068504E-015
           1           8   1.0850535096803752E-015
           1           9  -1.8699044730246095E-014
           1          10   6.0199063413292988E-015
           1          11  -1.1464444667735294E-015
           1          12   1.5913271609017535E-014
           1          13  -9.7365320185946736E-015
           1          14   3.2700883748371508E-016
           1          15   3.8275683768868759E-015
           1          16  -3.5598046644992586E-015
           1          17   9.2483450121052526E-016
           1          18  -4.7217804126329730E-003
           1          19  -4.2474289117224789E-016
           1          20  -4.7217804126335697E-003
           1          21  -1.6504618572516686E-016
           1          22   1.5386624812747063E-015
           1          23  -4.7217804126273230E-003
           2           1  -6.4897169430980575E-003
           2           2   2.1617848964286717     
           2           3 -0.37223732830508138     
           2           4  0.23710096743447170     
           2           5   1.9699379185380218E-002
           2           6   1.0143796260723227E-014
           2           7  -9.0668187697235290E-014
           2           8   1.6520746700228643E-014
           2           9   2.8042549726893308E-014
           2          10  -3.3058567431242298E-015
           2          11  -3.4896187059438050E-014
           2          12  -3.7656883198216455E-014
           2          13  -5.1568682017764724E-014
           2          14   3.0314068982080405E-014
           2          15   2.2762575836674263E-014
           2          16  -2.4662178420660010E-014
           2          17   3.0228370481115125E-014
           2          18 -0.19271330121200075     
           2          19  -1.4609183386424455E-015
           2          20 -0.19271330121203312     
           2          21  -1.0400077087187315E-014
           2          22   4.2762864507435769E-016
           2          23 -0.19271330121192459     
           3           1  -5.5820172279324828E-002
           3           2 -0.37223732830508138     
           3           3  0.42760856601377389     
           3           4  0.30904499153582321     
           3           5 -0.46818054302258727     
           3           6  -1.1753955417117362E-014
           3           7   7.7105249656211416E-015
           3           8  -2.3811116583866749E-014
           3           9  -3.3125998448728501E-014
           3          10  -4.0775157624446792E-015
           3          11   2.5641160031756566E-014
           3          12   3.8528008325057854E-014
           3          13   3.6100936764295418E-014
           3          14  -2.6849419687704430E-014
           3          15   6.0781590916905638E-014
           3          16  -5.4147214174544183E-014
           3          17   4.6884202215013246E-014
           3          18  0.17219347143015537     
           3          19   9.6272077286132978E-015
           3          20  0.17219347143012426     
           3          21   1.3207964905678125E-014
           3          22  -6.7644414853890217E-015
           3          23  0.17219347143022096     
           4           1   2.6710180115394895E-002
           4           2  0.23710096743447170     
           4           3  0.30904499153582321     
           4           4  0.36622255998724207     
           4           5 -0.46137098315571978     
           4           6  -1.8188976379917410E-014
           4           7  -1.3245398799494847E-014
           4           8  -1.8010294347934424E-014
           4           9  -2.3922889677478407E-014
           4          10   1.5694627426219553E-014
           4          11   1.3295664804942380E-014
           4          12   5.3443248094859432E-014
           4          13   1.4452439487592395E-014
           4          14   3.7096419889091739E-015
           4          15  -6.3712878236682884E-014
           4          16   5.0169978460698669E-014
           4          17  -6.0725910515276119E-014
           4          18  0.11397907990426397     
           4          19   7.8325808507542289E-015
           4          20  0.11397907990427429     
           4          21   8.1487956277872525E-015
           4          22  -9.9559244207393878E-015
           4          23  0.11397907990456488     
           5           1  -1.7729462740659875E-002
           5           2   1.9699379185380218E-002
           5           3 -0.46818054302258727     
           5           4 -0.46137098315571978     
           5           5   2.8172934308119495     
           5           6  -5.2243693425753313E-015
           5           7   1.0106185736590448E-015
           5           8  -1.3898557644693881E-014
           5           9  -1.1902155682473563E-014
           5          10  -3.8601002983741108E-015
           5          11  -9.9712151155242032E-015
           5          12  -3.1392310964640573E-015
           5          13   1.5003241758746042E-014
           5          14  -2.7817393411157659E-016
           5          15   2.1303422673903819E-014
           5          16  -6.2277359740949182E-015
           5          17   1.8642091440902872E-014
           5          18 -0.26603871933034973     
           5          19  -7.6043252075921026E-015
           5          20 -0.26603871933042733     
           5          21  -1.6213487693444333E-014
           5          22  -6.7795600436867305E-015
           5          23 -0.26603871933065149     
           6           1  -3.1900723000104952E-015
           6           2   1.0143796260723227E-014
           6           3  -1.1753955417117362E-014
           6           4  -1.8188976379917410E-014
           6           5  -5.2243693425753313E-015
           6           6   2.0321637055482689     
           6           7   6.2996203509225156E-015
           6           8  -8.2680664750681490E-016
           6           9  0.15303351241329019     
           6          10   5.7504511135481051E-014
           6          11   8.2767858322271848E-015
           6          12 -0.20041602879583156     
           6          13  -5.3439105354366467E-014
           6          14  -6.8104023939405400E-015
           6          15  -2.1708400022949492E-002
           6          16  -6.2917336271506308E-015
           6          17  -3.0421086656684526E-015
           6          18  -6.3807473694161371E-015
           6          19   4.0101215295160909E-015
           6          20   9.8803297193241357E-015
           6          21   3.8217364455476542E-016
           6          22   3.9768006669489386E-015
           6          23   2.7849845302671489E-014
           7           1   1.2272830484068504E-015
           7           2  -9.0668187697235290E-014
           7           3   7.7105249656211416E-015
           7           4  -1.3245398799494847E-014
           7           5   1.0106185736590448E-015
           7           6   6.2996203509225156E-015
           7           7   2.0321637055482622     
           7           8  -3.2796963251756003E-015
           7           9   1.5481526108827859E-015
           7          10  0.15303351241321014     
           7          11  -1.0182223716525413E-014
           7          12  -6.0847323273688358E-015
           7          13 -0.20041602879576537     
           7          14   9.9174276646865622E-015
           7          15  -4.5757668487578229E-015
           7          16  -2.1708400022948288E-002
           7          17   1.5500296358939014E-015
           7          18   1.8320642301246850E-014
           7          19  -2.5185430619521708E-015
           7          20   6.9063417333592867E-016
           7          21   2.7014291631455209E-015
           7          22  -1.2853919435855178E-015
           7          23  -2.7910442548360493E-014
           8           1   1.0850535096803752E-015
           8           2   1.6520746700228643E-014
           8           3  -2.3811116583866749E-014
           8           4  -1.8010294347934424E-014
           8           5  -1.3898557644693881E-014
           8           6  -8.2680664750681490E-016
           8           7  -3.2796963251756003E-015
           8           8   2.0321637055482484     
           8           9  -2.0103403737168311E-014
           8          10  -2.8088669628070773E-014
           8          11  0.15303351241322458     
           8          12   2.0458183487125775E-014
           8          13   2.1519312482128072E-014
           8          14 -0.20041602879578069     
           8          15  -3.8400272545091596E-015
           8          16   1.6812723088732717E-015
           8          17  -2.1708400022954686E-002
           8          18   2.5057231835710770E-014
           8          19   5.1982421859091269E-015
           8          20   2.5423488510862962E-014
           8          21   1.2030618179456533E-015
           8          22   3.9548658883442025E-015
           8          23   3.1569756307109537E-014
           9           1  -1.8699044730246095E-014
           9           2   2.8042549726893308E-014
           9           3  -3.3125998448728501E-014
           9           4  -2.3922889677478407E-014
           9           5  -1.1902155682473563E-014
           9           6  0.15303351241329019     
           9           7   1.5481526108827859E-015
           9           8  -2.0103403737168311E-014
           9           9  0.95862314384987202     
           9          10   1.6744255721540258E-014
           9          11   9.7750990244935276E-015
           9          12  0.43049620497112051     
           9          13   4.6934461525593996E-014
           9          14  -1.3304841169764492E-014
           9          15 -0.11337708819768001     
           9          16   3.4590386110977533E-015
           9          17  -1.0967355495994369E-014
           9          18  -1.5641572016968766E-013
           9          19   9.2651590504122653E-015
           9          20  -9.1244994892029392E-014
           9          21   3.7247089762454745E-014
           9          22   5.8734043406999219E-015
           9          23   2.0892205670712872E-013
          10           1   6.0199063413292988E-015
          10           2  -3.3058567431242298E-015
          10           3  -4.0775157624446792E-015
          10           4   1.5694627426219553E-014
          10           5  -3.8601002983741108E-015
          10           6   5.7504511135481051E-014
          10           7  0.15303351241321014     
          10           8  -2.8088669628070773E-014
          10           9   1.6744255721540258E-014
          10          10  0.95862314384976055     
          10          11  -8.0621815647108352E-014
          10          12  -6.1320523311869657E-014
          10          13  0.43049620497116781     
          10          14   6.0369244325730875E-014
          10          15   1.8163422155215159E-014
          10          16 -0.11337708819769327     
          10          17   1.3499184409182519E-014
          10          18   1.5061829469401815E-013
          10          19  -1.4913005199572193E-014
          10          20   9.7879656569986557E-014
          10          21  -1.6002254004221784E-014
          10          22   2.1839292855150610E-014
          10          23  -1.9905653983765591E-013
          11           1  -1.1464444667735294E-015
          11           2  -3.4896187059438050E-014
          11           3   2.5641160031756566E-014
          11           4   1.3295664804942380E-014
          11           5  -9.9712151155242032E-015
          11           6   8.2767858322271848E-015
          11           7  -1.0182223716525413E-014
          11           8  0.15303351241322458     
          11           9   9.7750990244935276E-015
          11          10  -8.0621815647108352E-014
          11          11  0.95862314384969349     
          11          12   1.3415375581249389E-014
          11          13  -3.2277782877065953E-014
          11          14  0.43049620497119201     
          11          15  -2.6568157396322789E-014
          11          16   2.5857354452041292E-014
          11          17 -0.11337708819769819     
          11          18   1.4676126085674233E-014
          11          19  -4.4006941609689485E-015
          11          20   2.2343308644003537E-015
          11          21   1.6338940320257785E-016
          11          22   6.8534562005237719E-015
          11          23   8.1758744442912085E-015
          12           1   1.5913271609017535E-014
          12           2  -3.7656883198216455E-014
          12           3   3.8528008325057854E-014
          12           4   5.3443248094859432E-014
          12           5  -3.1392310964640573E-015
          12           6 -0.20041602879583156     
          12           7  -6.0847323273688358E-015
          12           8   2.0458183487125775E-014
          12           9  0.43049620497112051     
          12          10  -6.1320523311869657E-014
          12          11   1.3415375581249389E-014
          12          12  0.31629653645118894     
          12          13  -1.1056260074138180E-014
          12          14  -9.4848174453376899E-015
          12          15 -0.39711297096202758     
          12          16  -6.3005156647477634E-015
          12          17   1.4519635493925875E-014
          12          18   1.7193894492995577E-013
          12          19   4.9469348335215264E-015
          12          20   9.4762249613892639E-014
          12          21  -2.6671460888569466E-014
          12          22  -8.5588769902803459E-015
          12          23  -2.1065950963274795E-013
          13           1  -9.7365320185946736E-015
          13           2  -5.1568682017764724E-014
          13           3   3.6100936764295418E-014
          13           4   1.4452439487592395E-014
          13           5   1.5003241758746042E-014
          13           6  -5.3439105354366467E-014
          13           7 -0.20041602879576537     
          13           8   2.1519312482128072E-014
          13           9   4.6934461525593996E-014
          13          10  0.43049620497116781     
          13          11  -3.2277782877065953E-014
          13          12  -1.1056260074138180E-014
          13          13  0.31629653645121891     
          13          14   4.9697876022825049E-014
          13          15   9.7803709575572384E-015
          13          16 -0.39711297096203085     
          13          17  -3.7452679846339265E-015
          13          18  -1.4601060736027989E-013
          13          19  -4.7671499355621338E-015
          13          20  -3.6644356674644720E-014
          13          21  -2.0068209349771810E-014
          13          22   1.3045471433425078E-015
          13          23   2.5003192741952954E-013
          14           1   3.2700883748371508E-016
          14           2   3.0314068982080405E-014
          14           3  -2.6849419687704430E-014
          14           4   3.7096419889091739E-015
          14           5  -2.7817393411157659E-016
          14           6  -6.8104023939405400E-015
          14           7   9.9174276646865622E-015
          14           8 -0.20041602879578069     
          14           9  -1.3304841169764492E-014
          14          10   6.0369244325730875E-014
          14          11  0.43049620497119201     
          14          12  -9.4848174453376899E-015
          14          13   4.9697876022825049E-014
          14          14  0.31629653645123373     
          14          15   2.0051668658815913E-014
          14          16  -2.4466539905176887E-014
          14          17 -0.39711297096201714     
          14          18   1.9514741685067329E-014
          14          19   1.0273895079290097E-014
          14          20   1.7759285560635561E-014
          14          21  -6.5017743036681333E-016
          14          22  -1.8859247956200743E-014
          14          23  -6.4519179776341786E-014
          15           1   3.8275683768868759E-015
          15           2   2.2762575836674263E-014
          15           3   6.0781590916905638E-014
          15           4  -6.3712878236682884E-014
          15           5   2.1303422673903819E-014
          15           6  -2.1708400022949492E-002
          15           7  -4.5757668487578229E-015
          15           8  -3.8400272545091596E-015
          15           9 -0.11337708819768001     
          15          10   1.8163422155215159E-014
          15          11  -2.6568157396322789E-014
          15          12 -0.39711297096202758     
          15          13   9.7803709575572384E-015
          15          14   2.0051668658815913E-014
          15          15   2.1042268528973764     
          15          16  -8.6042284408449632E-016
          15          17   1.8873791418627661E-015
          15          18   1.6036305244818959E-014
          15          19   1.0719404338446443E-014
          15          20   5.7120300875524429E-014
          15          21   6.3528950636091716E-015
          15          22  -2.8505227905027713E-015
          15          23  -9.4802296811591384E-014
          16           1  -3.5598046644992586E-015
          16           2  -2.4662178420660010E-014
          16           3  -5.4147214174544183E-014
          16           4   5.0169978460698669E-014
          16           5  -6.2277359740949182E-015
          16           6  -6.2917336271506308E-015
          16           7  -2.1708400022948288E-002
          16           8   1.6812723088732717E-015
          16           9   3.4590386110977533E-015
          16          10 -0.11337708819769327     
          16          11   2.5857354452041292E-014
          16          12  -6.3005156647477634E-015
          16          13 -0.39711297096203085     
          16          14  -2.4466539905176887E-014
          16          15  -8.6042284408449632E-016
          16          16   2.1042268528973702     
          16          17  -1.2351231148954867E-015
          16          18   5.2878515029058361E-015
          16          19   5.7587885651426269E-016
          16          20   1.5197182669934280E-014
          16          21  -6.9165876357555973E-015
          16          22   2.4827699452786934E-015
          16          23  -1.0621160793452756E-014
          17           1   9.2483450121052526E-016
          17           2   3.0228370481115125E-014
          17           3   4.6884202215013246E-014
          17           4  -6.0725910515276119E-014
          17           5   1.8642091440902872E-014
          17           6  -3.0421086656684526E-015
          17           7   1.5500296358939014E-015
          17           8  -2.1708400022954686E-002
          17           9  -1.0967355495994369E-014
          17          10   1.3499184409182519E-014
          17          11 -0.11337708819769819     
          17          12   1.4519635493925875E-014
          17          13  -3.7452679846339265E-015
          17          14 -0.39711297096201714     
          17          15   1.8873791418627661E-015
          17          16  -1.2351231148954867E-015
          17          17   2.1042268528973764     
          17          18  -9.9557580824645429E-015
          17          19   9.9828838577847684E-015
          17          20  -3.4238071429473457E-015
          17          21   2.1996996097543799E-014
          17          22   1.0268533944357346E-014
          17          23  -1.5041662537785272E-014
          18           1  -4.7217804126329730E-003
          18           2 -0.19271330121200075     
          18           3  0.17219347143015537     
          18           4  0.11397907990426397     
          18           5 -0.26603871933034973     
          18           6  -6.3807473694161371E-015
          18           7   1.8320642301246850E-014
          18           8   2.5057231835710770E-014
          18           9  -1.5641572016968766E-013
          18          10   1.5061829469401815E-013
          18          11   1.4676126085674233E-014
          18          12   1.7193894492995577E-013
          18          13  -1.4601060736027989E-013
          18          14   1.9514741685067329E-014
          18          15   1.6036305244818959E-014
          18          16   5.2878515029058361E-015
          18          17  -9.9557580824645429E-015
          18          18   2.0780598418062519     
          18          19   5.5351891958832708E-013
          18          20 -0.92194015819372654     
          18          21  -5.9886140925121328E-014
          18          22   1.8215176723430754E-013
          18          23 -0.92194015819385977     
          19           1  -4.2474289117224789E-016
          19           2  -1.4609183386424455E-015
          19           3   9.6272077286132978E-015
          19           4   7.8325808507542289E-015
          19           5  -7.6043252075921026E-015
          19           6   4.0101215295160909E-015
          19           7  -2.5185430619521708E-015
          19           8   5.1982421859091269E-015
          19           9   9.2651590504122653E-015
          19          10  -1.4913005199572193E-014
          19          11  -4.4006941609689485E-015
          19          12   4.9469348335215264E-015
          19          13  -4.7671499355621338E-015
          19          14   1.0273895079290097E-014
          19          15   1.0719404338446443E-014
          19          16   5.7587885651426269E-016
          19          17   9.9828838577847684E-015
          19          18   5.5351891958832708E-013
          19          19   2.0000000000000044     
          19          20   1.7943553787365891E-013
          19          21   2.7755575599641405E-016
          19          22   3.4278135887471159E-015
          19          23  -7.2517682775937449E-013
          20           1  -4.7217804126335697E-003
          20           2 -0.19271330121203312     
          20           3  0.17219347143012426     
          20           4  0.11397907990427429     
          20           5 -0.26603871933042733     
          20           6   9.8803297193241357E-015
          20           7   6.9063417333592867E-016
          20           8   2.5423488510862962E-014
          20           9  -9.1244994892029392E-014
          20          10   9.7879656569986557E-014
          20          11   2.2343308644003537E-015
          20          12   9.4762249613892639E-014
          20          13  -3.6644356674644720E-014
          20          14   1.7759285560635561E-014
          20          15   5.7120300875524429E-014
          20          16   1.5197182669934280E-014
          20          17  -3.4238071429473457E-015
          20          18 -0.92194015819372654     
          20          19   1.7943553787365891E-013
          20          20   2.0780598418063105     
          20          21  -2.5040430487855997E-013
          20          22   1.9674881467524526E-013
          20          23 -0.92194015819383091     
          21           1  -1.6504618572516686E-016
          21           2  -1.0400077087187315E-014
          21           3   1.3207964905678125E-014
          21           4   8.1487956277872525E-015
          21           5  -1.6213487693444333E-014
          21           6   3.8217364455476542E-016
          21           7   2.7014291631455209E-015
          21           8   1.2030618179456533E-015
          21           9   3.7247089762454745E-014
          21          10  -1.6002254004221784E-014
          21          11   1.6338940320257785E-016
          21          12  -2.6671460888569466E-014
          21          13  -2.0068209349771810E-014
          21          14  -6.5017743036681333E-016
          21          15   6.3528950636091716E-015
          21          16  -6.9165876357555973E-015
          21          17   2.1996996097543799E-014
          21          18  -5.9886140925121328E-014
          21          19   2.7755575599641405E-016
          21          20  -2.5040430487855997E-013
          21          21   2.0000000000000027     
          21          22   4.9960036101893131E-016
          21          23   3.4135510710943523E-013
          22           1   1.5386624812747063E-015
          22           2   4.2762864507435769E-016
          22           3  -6.7644414853890217E-015
          22           4  -9.9559244207393878E-015
          22           5  -6.7795600436867305E-015
          22           6   3.9768006669489386E-015
          22           7  -1.2853919435855178E-015
          22           8   3.9548658883442025E-015
          22           9   5.8734043406999219E-015
          22          10   2.1839292855150610E-014
          22          11   6.8534562005237719E-015
          22          12  -8.5588769902803459E-015
          22          13   1.3045471433425078E-015
          22          14  -1.8859247956200743E-014
          22          15  -2.8505227905027713E-015
          22          16   2.4827699452786934E-015
          22          17   1.0268533944357346E-014
          22          18   1.8215176723430754E-013
          22          19   3.4278135887471159E-015
          22          20   1.9674881467524526E-013
          22          21   4.9960036101893131E-016
          22          22   2.0000000000000044     
          22          23  -3.7257985159257661E-013
          23           1  -4.7217804126273230E-003
          23           2 -0.19271330121192459     
          23           3  0.17219347143022096     
          23           4  0.11397907990456488     
          23           5 -0.26603871933065149     
          23           6   2.7849845302671489E-014
          23           7  -2.7910442548360493E-014
          23           8   3.1569756307109537E-014
          23           9   2.0892205670712872E-013
          23          10  -1.9905653983765591E-013
          23          11   8.1758744442912085E-015
          23          12  -2.1065950963274795E-013
          23          13   2.5003192741952954E-013
          23          14  -6.4519179776341786E-014
          23          15  -9.4802296811591384E-014
          23          16  -1.0621160793452756E-014
          23          17  -1.5041662537785272E-014
          23          18 -0.92194015819385977     
          23          19  -7.2517682775937449E-013
          23          20 -0.92194015819383091     
          23          21   3.4135510710943523E-013
          23          22  -3.7257985159257661E-013
          23          23   2.0780598418060361     
