           1           1  0.11996799449869308     
           1           2  0.41935479436196293     
           1           3 -0.10673129918939915     
           1           4  -4.0970119044506584E-014
           1           5   2.0920853403337158E-014
           1           6   1.2905435318918360E-014
           1           7  -4.3510761520065353E-014
           1           8   6.7463051975125266E-015
           1           9   2.5720236178048798E-014
           2           1  0.41935479436196293     
           2           2   1.4785064152174003     
           2           3 -0.53551213921384710     
           2           4  -1.7412457725130506E-013
           2           5   7.9213344233909629E-014
           2           6   6.0594147754908031E-014
           2           7  -1.8944668594186506E-013
           2           8   2.8450184386225327E-014
           2           9   1.0915348060901920E-013
           3           1 -0.10673129918939915     
           3           2 -0.53551213921384710     
           3           3   2.1840936117064720     
           3           4   6.7394852800916223E-013
           3           5  -1.4967657246158310E-013
           3           6  -3.2966024099792675E-013
           3           7   7.7780190107005391E-013
           3           8  -1.2556279593826624E-013
           3           9  -3.9878182540867800E-013
           4           1  -4.0970119044506584E-014
           4           2  -1.7412457725130506E-013
           4           3   6.7394852800916223E-013
           4           4  0.64046305626949851     
           4           5   2.5739826936543864E-014
           4           6   2.0411450307733503E-013
           4           7  0.69050700349069594     
           4           8  -1.1759343498951580E-013
           4           9  -5.4749260680608813E-013
           5           1   2.0920853403337158E-014
           5           2   7.9213344233909629E-014
           5           3  -1.4967657246158310E-013
           5           4   2.5739826936543864E-014
           5           5  0.64046305626881050     
           5           6  -1.3871195858605745E-013
           5           7   9.9208835591113598E-014
           5           8  0.69050700349067184     
           5           9   5.6499943612564607E-014
           6           1   1.2905435318918360E-014
           6           2   6.0594147754908031E-014
           6           3  -3.2966024099792675E-013
           6           4   2.0411450307733503E-013
           6           5  -1.3871195858605745E-013
           6           6  0.64046305626847111     
           6           7   5.7967519673240986E-013
           6           8  -6.5863980935887412E-014
           6           9  0.69050700349064265     
           7           1  -4.3510761520065353E-014
           7           2  -1.8944668594186506E-013
           7           3   7.7780190107005391E-013
           7           4  0.69050700349069594     
           7           5   9.9208835591113598E-014
           7           6   5.7967519673240986E-013
           7           7  0.74446124128994573     
           7           8  -4.9675541458071848E-014
           7           9  -2.0253243526724418E-013
           8           1   6.7463051975125266E-015
           8           2   2.8450184386225327E-014
           8           3  -1.2556279593826624E-013
           8           4  -1.1759343498951580E-013
           8           5  0.69050700349067184     
           8           6  -6.5863980935887412E-014
           8           7  -4.9675541458071848E-014
           8           8  0.74446124129069347     
           8           9   1.5114992590881116E-013
           9           1   2.5720236178048798E-014
           9           2   1.0915348060901920E-013
           9           3  -3.9878182540867800E-013
           9           4  -5.4749260680608813E-013
           9           5   5.6499943612564607E-014
           9           6  0.69050700349064265     
           9           7  -2.0253243526724418E-013
           9           8   1.5114992590881116E-013
           9           9  0.74446124129102498     
