           1           1   2.4163863760612889     
           1           2 -0.12216654952327047     
           1           3 -0.67566426701718396     
           1           4  0.16980792497399566     
           1           5   1.6600307775129913E-015
           1           6  -6.7587310830729334E-016
           1           7  -1.3888308009592704E-015
           1           8  -3.1101715383920218E-015
           1           9   1.5703038418754987E-015
           1          10   1.3182560842140868E-015
           1          11  -1.6855381362041663E-015
           1          12   3.2242640090882639E-015
           1          13   1.7550650761190395E-015
           2           1 -0.12216654952327047     
           2           2   1.5203430047183570E-002
           2           3 -0.10720164267210780     
           2           4   2.1964200396533736E-002
           2           5   3.7875933957396007E-016
           2           6   1.2974594068720033E-016
           2           7  -6.5229065819647442E-016
           2           8  -5.3669527451917970E-016
           2           9  -6.3567851107127388E-018
           2          10   2.8255807295711004E-016
           2          11  -2.3677597809294721E-016
           2          12   2.3501063508610400E-016
           2          13   7.4694785520309838E-017
           3           1 -0.67566426701718396     
           3           2 -0.10720164267210780     
           3           3   2.5535828384887558     
           3           4  -1.1033471479669856     
           3           5  -1.1677356904810171E-014
           3           6   4.0911095484345675E-015
           3           7   1.0772965716998314E-014
           3           8   2.1310010879426906E-014
           3           9  -9.9168597105705287E-015
           3          10  -1.3498384316080443E-014
           3          11   1.0563158604466490E-014
           3          12  -1.8898635046374409E-014
           3          13  -9.8442591384869432E-015
           4           1  0.16980792497399566     
           4           2   2.1964200396533736E-002
           4           3  -1.1033471479669856     
           4           4   2.4748140591095220     
           4           5   2.2208306790248653E-014
           4           6  -9.4332464745080733E-015
           4           7  -1.3949145686251394E-014
           4           8  -4.6890954218083912E-014
           4           9   1.9910057652370850E-014
           4          10   2.9846392229595227E-014
           4          11  -2.3832277728602943E-014
           4          12   4.0093751259019388E-014
           4          13   2.1298334931304643E-014
           5           1   1.6600307775129913E-015
           5           2   3.7875933957396007E-016
           5           3  -1.1677356904810171E-014
           5           4   2.2208306790248653E-014
           5           5   2.0869012668682352     
           5           6  -1.7205974631011946E-002
           5           7  -3.0660758002113854E-002
           5           8 -0.25288050527162459     
           5           9   3.4506680234316862E-002
           5          10   6.1490325006864896E-002
           5          11 -0.12819215841263584     
           5          12   3.2320292285792099E-002
           5          13   5.7594218379595712E-002
           6           1  -6.7587310830729334E-016
           6           2   1.2974594068720033E-016
           6           3   4.0911095484345675E-015
           6           4  -9.4332464745080733E-015
           6           5  -1.7205974631011946E-002
           6           6   2.0864716495142863     
           6           7   3.0280361902219218E-002
           6           8   3.4506680234318639E-002
           6           9 -0.25201890521852477     
           6          10  -6.0727438459433403E-002
           6          11   3.2320292285789823E-002
           6          12 -0.12738515045474089     
           6          13  -5.6879669311811487E-002
           7           1  -1.3888308009592704E-015
           7           2  -6.5229065819647442E-016
           7           3   1.0772965716998314E-014
           7           4  -1.3949145686251394E-014
           7           5  -3.0660758002113854E-002
           7           6   3.0280361902219218E-002
           7           7   2.1234382393936322     
           7           8   6.1490325006862641E-002
           7           9  -6.0727438459433618E-002
           7          10 -0.32615561201225973     
           7          11   5.7594218379598237E-002
           7          12  -5.6879669311809648E-002
           7          13 -0.19682445949312466     
           8           1  -3.1101715383920218E-015
           8           2  -5.3669527451917970E-016
           8           3   2.1310010879426906E-014
           8           4  -4.6890954218083912E-014
           8           5 -0.25288050527162459     
           8           6   3.4506680234318639E-002
           8           7   6.1490325006862641E-002
           8           8  0.72582898316480893     
           8           9  -6.9203343973747528E-002
           8          10 -0.12331919743109651     
           8          11  0.34038096565695092     
           8          12  -6.4818530475768396E-002
           8          13 -0.11550553337374897     
           9           1   1.5703038418754987E-015
           9           2  -6.3567851107127388E-018
           9           3  -9.9168597105705287E-015
           9           4   1.9910057652370850E-014
           9           5   3.4506680234316862E-002
           9           6 -0.25201890521852477     
           9           7  -6.0727438459433618E-002
           9           8  -6.9203343973747528E-002
           9           9  0.72410103934530523     
           9          10  0.12178922411009765     
           9          11  -6.4818530475765648E-002
           9          12  0.33876250659567519     
           9          13  0.11407250114380658     
          10           1   1.3182560842140868E-015
          10           2   2.8255807295711004E-016
          10           3  -1.3498384316080443E-014
          10           4   2.9846392229595227E-014
          10           5   6.1490325006864896E-002
          10           6  -6.0727438459433403E-002
          10           7 -0.32615561201225973     
          10           8 -0.12331919743109651     
          10           9  0.12178922411009765     
          10          10  0.87278262756210623     
          10          11 -0.11550553337375016     
          10          12  0.11407250114380751     
          10          13  0.47802343682864534     
          11           1  -1.6855381362041663E-015
          11           2  -2.3677597809294721E-016
          11           3   1.0563158604466490E-014
          11           4  -2.3832277728602943E-014
          11           5 -0.12819215841263584     
          11           6   3.2320292285789823E-002
          11           7   5.7594218379598237E-002
          11           8  0.34038096565695092     
          11           9  -6.4818530475765648E-002
          11          10 -0.11550553337375016     
          11          11  0.17690215708501772     
          11          12  -6.0711544439699186E-002
          11          13 -0.10818695319038824     
          12           1   3.2242640090882639E-015
          12           2   2.3501063508610400E-016
          12           3  -1.8898635046374409E-014
          12           4   4.0093751259019388E-014
          12           5   3.2320292285792099E-002
          12           6 -0.12738515045474089     
          12           7  -5.6879669311809648E-002
          12           8  -6.4818530475768396E-002
          12           9  0.33876250659567519     
          12          10  0.11407250114380751     
          12          11  -6.0711544439699186E-002
          12          12  0.17538624568589758     
          12          13  0.10684471973842566     
          13           1   1.7550650761190395E-015
          13           2   7.4694785520309838E-017
          13           3  -9.8442591384869432E-015
          13           4   2.1298334931304643E-014
          13           5   5.7594218379595712E-002
          13           6  -5.6879669311811487E-002
          13           7 -0.19682445949312466     
          13           8 -0.11550553337374897     
          13           9  0.11407250114380658     
          13          10  0.47802343682864534     
          13          11 -0.10818695319038824     
          13          12  0.10684471973842566     
          13          13  0.30582342302538912     
