           1           1   2.2538045488525391     
           1           2 -0.67461434846337387     
           1           3  0.73263803734293209     
           1           4 -0.91171309015585011     
           1           5 -0.36957916828118703     
           1           6  -8.3681359085275783E-002
           1           7  -1.9478712132693341E-014
           1           8   1.2371034660797974E-015
           1           9   3.5093998645795898E-013
           1          10  -5.9615943816888162E-015
           1          11  -7.2866315690302773E-015
           1          12  -6.3518391210195216E-014
           1          13   8.7496186065652379E-015
           1          14  -1.4969247006425180E-015
           1          15   3.2621576700880048E-014
           1          16  -3.5680041692014137E-015
           1          17  -1.3567940415992216E-015
           1          18  -1.1327253396149633E-014
           1          19  -3.9950753628858917E-015
           1          20   2.9946954907047146E-015
           1          21   3.5292903350718875E-015
           1          22  0.14639421598672070     
           1          23   6.8793698709041904E-015
           1          24  0.14639421598671126     
           1          25   6.7327337207951814E-015
           1          26  -3.2769865195177696E-015
           1          27  0.14639421598671074     
           1          28  0.24890178538261742     
           1          29  -5.8969416204121361E-015
           1          30  0.24890178538262608     
           1          31  -6.4466713049703018E-015
           1          32  -1.0260588569375335E-015
           1          33  0.24890178538263436     
           1          34  0.11077804091086818     
           1          35   8.3388003638974877E-015
           1          36  0.11077804091086221     
           1          37   4.2268738698625482E-015
           1          38  -6.2279572292523358E-015
           1          39  0.11077804091085294     
           2           1 -0.67461434846337387     
           2           2   2.1269785084739432     
           2           3 -0.45044895144568520     
           2           4   1.1268837704364902     
           2           5  0.51338340982285446     
           2           6  0.11842187818188939     
           2           7   5.4974476098168268E-014
           2           8  -2.3658718514499611E-014
           2           9  -1.2215052293131536E-012
           2          10  -1.1550268017525690E-014
           2          11   3.2042374695799524E-014
           2          12   2.5061941913651808E-013
           2          13   1.6208502392458364E-015
           2          14  -6.8727728473260109E-015
           2          15  -1.3807447708295894E-013
           2          16  -2.7590012337647868E-015
           2          17   1.4096254293689387E-015
           2          18   6.4063917281456839E-014
           2          19   7.7415181581132543E-016
           2          20  -5.4903071601666386E-015
           2          21  -2.5912936428164264E-014
           2          22 -0.30188275568293099     
           2          23   2.6036391006128211E-016
           2          24 -0.30188275568293887     
           2          25  -4.6677090308041156E-015
           2          26  -2.2997069350607638E-015
           2          27 -0.30188275568293982     
           2          28 -0.33278810970739259     
           2          29  -2.2193769293120908E-016
           2          30 -0.33278810970740041     
           2          31   3.3677675140585477E-015
           2          32   1.0898741760727983E-015
           2          33 -0.33278810970739975     
           2          34 -0.15522135879228205     
           2          35   1.1696806762783203E-015
           2          36 -0.15522135879227633     
           2          37  -5.2097747029548523E-015
           2          38   1.4057041363760838E-015
           2          39 -0.15522135879227983     
           3           1  0.73263803734293209     
           3           2 -0.45044895144568520     
           3           3   12.304605791056675     
           3           4  -8.9451401850729422     
           3           5  -3.0566350621012086     
           3           6 -0.66851132656578394     
           3           7  -2.2249234023926557E-014
           3           8  -7.4687565585766682E-014
           3           9   1.3574615025298678E-013
           3          10  -2.1973257578267107E-014
           3          11   3.3894806822481956E-013
           3          12   2.4658551895388689E-013
           3          13   1.8422616459436868E-014
           3          14  -1.3866716325676886E-013
           3          15  -1.0082712490361567E-013
           3          16   3.5766369496600667E-015
           3          17   4.4568662368154677E-014
           3          18   3.3866344015616878E-014
           3          19  -1.6079999785102292E-014
           3          20  -2.2534996751041745E-014
           3          21  -1.2275401183197658E-014
           3          22 -0.17555050010133996     
           3          23   6.3779803486502421E-014
           3          24 -0.17555050010168280     
           3          25   5.3112823628580377E-014
           3          26   1.0556926580325994E-014
           3          27 -0.17555050010167550     
           3          28   2.1898921347066671     
           3          29   8.9927600293084275E-015
           3          30   2.1898921347067501     
           3          31  -2.9264005388405478E-014
           3          32  -4.3140671294985598E-015
           3          33   2.1898921347067679     
           3          34  0.90180377230207509     
           3          35   1.0036005092632125E-015
           3          36  0.90180377230206743     
           3          37   5.1204819987219313E-015
           3          38  -7.2769204353424207E-015
           3          39  0.90180377230207631     
           4           1 -0.91171309015585011     
           4           2   1.1268837704364902     
           4           3  -8.9451401850729422     
           4           4   6.8145910100284137     
           4           5   2.3784518018568388     
           4           6  0.52257730193269902     
           4           7   2.8033202386199234E-014
           4           8  -2.2202434644016583E-014
           4           9  -4.8859865645329518E-013
           4          10   7.7799282944041732E-014
           4          11   5.6422265960237135E-014
           4          12   6.8942291474780472E-014
           4          13  -3.8162491609871797E-014
           4          14  -1.3404695066387566E-014
           4          15  -3.3892236757004540E-014
           4          16   6.3752734011019449E-015
           4          17   1.1330937853268794E-014
           4          18   1.9833581500438059E-014
           4          19   8.2849769853282637E-015
           4          20  -2.2949640263432666E-015
           4          21  -8.3999486999918390E-015
           4          22   6.7017752078921767E-003
           4          23  -6.7927577868206398E-014
           4          24   6.7017752081347196E-003
           4          25  -5.5335303417038121E-014
           4          26  -9.2974798587050436E-015
           4          27   6.7017752081270894E-003
           4          28  -1.6904093053684861     
           4          29  -2.5300530771228890E-015
           4          30  -1.6904093053685487     
           4          31   2.4874569125734741E-014
           4          32   3.7115313985880884E-015
           4          33  -1.6904093053685609     
           4          34 -0.70318047817162688     
           4          35  -1.6750280964678395E-015
           4          36 -0.70318047817161899     
           4          37  -6.3588894992634425E-015
           4          38   6.0392833411562934E-015
           4          39 -0.70318047817162588     
           5           1 -0.36957916828118703     
           5           2  0.51338340982285446     
           5           3  -3.0566350621012086     
           5           4   2.3784518018568388     
           5           5  0.83774540195586655     
           5           6  0.18442092331763482     
           5           7   4.1319059269057603E-014
           5           8  -6.2562936978161700E-014
           5           9  -3.5545597743225234E-014
           5          10   7.2305164819630213E-014
           5          11   3.0440929580229256E-013
           5          12   2.1960244929276153E-013
           5          13  -2.9370059077759958E-014
           5          14  -1.1329289156733853E-013
           5          15  -8.0415412982900170E-014
           5          16   8.1535095004273823E-015
           5          17   4.5789403559670269E-014
           5          18   3.2422278719946618E-014
           5          19   5.8183318531073808E-016
           5          20  -1.7051260785992996E-014
           5          21  -1.2518939329876811E-014
           5          22  -1.7032023391982787E-002
           5          23  -1.7618224798571076E-014
           5          24  -1.7032023391901532E-002
           5          25  -1.5291671593704514E-014
           5          26  -2.9578536694989150E-015
           5          27  -1.7032023391903656E-002
           5          28 -0.59336730633295987     
           5          29  -1.6680878472686196E-015
           5          30 -0.59336730633298163     
           5          31   8.0715082837648627E-015
           5          32   1.2827150623494220E-015
           5          33 -0.59336730633298584     
           5          34 -0.24789483122041650     
           5          35  -3.7612058417556524E-016
           5          36 -0.24789483122041345     
           5          37  -2.3589639883179900E-015
           5          38   2.1943511427658020E-015
           5          39 -0.24789483122041589     
           6           1  -8.3681359085275783E-002
           6           2  0.11842187818188939     
           6           3 -0.66851132656578394     
           6           4  0.52257730193269902     
           6           5  0.18442092331763482     
           6           6   4.0614960262466145E-002
           6           7   1.2641300912893388E-014
           6           8  -1.7073730801526579E-014
           6           9   3.9337093179482756E-014
           6          10   2.7810090826823631E-014
           6          11   8.1837950591281299E-014
           6          12   5.5218424556936484E-014
           6          13  -1.0813069713193061E-014
           6          14  -3.0615021099921628E-014
           6          15  -1.8576818472179167E-014
           6          16   3.4376535381992466E-015
           6          17   1.2268589523536925E-014
           6          18   7.1672686940809246E-015
           6          19  -4.9761250246116049E-016
           6          20  -4.6024683034784636E-015
           6          21  -2.7305938786252546E-015
           6          22  -4.6519985268443764E-003
           6          23  -1.4271915686114616E-015
           6          24  -4.6519985268268088E-003
           6          25  -1.6691932445790033E-015
           6          26  -5.2033092636703091E-016
           6          27  -4.6519985268270430E-003
           6          28 -0.13052904286483710     
           6          29  -7.4603752043511284E-016
           6          30 -0.13052904286484185     
           6          31   1.5062464194625300E-015
           6          32   2.6282952227902074E-016
           6          33 -0.13052904286484279     
           6          34  -5.4581628629610163E-002
           6          35   6.9441363368238088E-018
           6          36  -5.4581628629609476E-002
           6          37  -4.6914997318485664E-016
           6          38   4.9067950729428776E-016
           6          39  -5.4581628629610017E-002
           7           1  -1.9478712132693341E-014
           7           2   5.4974476098168268E-014
           7           3  -2.2249234023926557E-014
           7           4   2.8033202386199234E-014
           7           5   4.1319059269057603E-014
           7           6   1.2641300912893388E-014
           7           7   2.3794134964733313     
           7           8   2.9837243786801057E-016
           7           9   9.8879238130678004E-015
           7          10  -1.1988451681720389     
           7          11   7.2442052356791480E-015
           7          12   1.4710455076283366E-015
           7          13  0.53658047058299785     
           7          14  -4.6074255521944012E-015
           7          15   1.0755285551056202E-014
           7          16 -0.22115932716260142     
           7          17  -6.1756155744774293E-016
           7          18  -7.4697192875561313E-015
           7          19   8.5780930482374063E-002
           7          20   3.1641356201816961E-015
           7          21   2.0383000842727487E-015
           7          22   1.5945120625912376E-014
           7          23   3.1254999114917453E-014
           7          24   8.2495205577993722E-015
           7          25  -2.0273447131975091E-014
           7          26  -4.4392661013821393E-014
           7          27  -3.8428695932837154E-014
           7          28  -1.9881484437752018E-014
           7          29  -1.0171596189426601E-014
           7          30  -2.1092648956138076E-014
           7          31   3.5450457739022620E-015
           7          32   6.7485485779396924E-015
           7          33  -1.0681936753048665E-014
           7          34  -1.5979384534665636E-014
           7          35   3.8000848198134501E-015
           7          36  -1.4435633902075758E-014
           7          37  -4.8885828251883813E-015
           7          38   8.0010567178774793E-017
           7          39  -1.5789756214256560E-014
           8           1   1.2371034660797974E-015
           8           2  -2.3658718514499611E-014
           8           3  -7.4687565585766682E-014
           8           4  -2.2202434644016583E-014
           8           5  -6.2562936978161700E-014
           8           6  -1.7073730801526579E-014
           8           7   2.9837243786801057E-016
           8           8   2.3794134964733256     
           8           9  -2.3418766925686802E-016
           8          10   1.2267964422107981E-014
           8          11  -1.1988451681720496     
           8          12  -4.8155923693116220E-015
           8          13  -2.5424107263916085E-014
           8          14  0.53658047058302849     
           8          15   2.5774521406063403E-014
           8          16   5.7870375158586300E-015
           8          17 -0.22115932716263637     
           8          18  -1.6301196503754056E-014
           8          19  -2.0313611903688415E-015
           8          20   8.5780930482378684E-002
           8          21   8.0551884606983037E-015
           8          22   1.5704626314000226E-013
           8          23   1.2816015990988555E-014
           8          24   1.3253130785294843E-013
           8          25   1.0477607767265515E-013
           8          26  -2.2632553546048018E-013
           8          27  -1.3233224212091212E-013
           8          28   2.4787771164992879E-015
           8          29  -2.1594935766703582E-015
           8          30   8.7803238295045306E-015
           8          31  -1.1747651526456710E-014
           8          32   2.2754527088086619E-014
           8          33   6.3240252681532892E-014
           8          34   1.5793283606853564E-014
           8          35  -4.6597627992385403E-015
           8          36   2.1853177597001930E-014
           8          37  -1.2354729622874765E-014
           8          38  -5.7825179071645905E-015
           8          39   1.0591939662633126E-014
           9           1   3.5093998645795898E-013
           9           2  -1.2215052293131536E-012
           9           3   1.3574615025298678E-013
           9           4  -4.8859865645329518E-013
           9           5  -3.5545597743225234E-014
           9           6   3.9337093179482756E-014
           9           7   9.8879238130678004E-015
           9           8  -2.3418766925686802E-016
           9           9   2.3794134964733256     
           9          10   3.6082248300317651E-015
           9          11   2.1010970741031081E-014
           9          12  -1.1988451681720820     
           9          13  -5.1972315340265147E-014
           9          14  -4.9297371740308898E-014
           9          15  0.53658047058309644     
           9          16  -2.9143354396410316E-015
           9          17   1.1915815556484686E-014
           9          18 -0.22115932716268513     
           9          19   3.2385552573011012E-014
           9          20   2.5604518505417677E-015
           9          21   8.5780930482404663E-002
           9          22   1.6897458315698579E-013
           9          23   1.3899544445181913E-014
           9          24   1.9379503550712062E-013
           9          25   7.2722229655196302E-014
           9          26  -2.1128788507501062E-013
           9          27   7.2304780008325994E-014
           9          28   9.2399804134473117E-014
           9          29  -2.3732261346184140E-014
           9          30   5.8368056852295399E-014
           9          31  -1.0314590496032209E-014
           9          32   4.6737769984372567E-014
           9          33   1.1112140659424392E-013
           9          34  -3.3568726432488887E-014
           9          35   1.7513061229603517E-014
           9          36  -2.1291233887072042E-014
           9          37  -3.2272642001146494E-014
           9          38   2.6473770036302172E-016
           9          39  -1.5304223431665327E-014
          10           1  -5.9615943816888162E-015
          10           2  -1.1550268017525690E-014
          10           3  -2.1973257578267107E-014
          10           4   7.7799282944041732E-014
          10           5   7.2305164819630213E-014
          10           6   2.7810090826823631E-014
          10           7  -1.1988451681720389     
          10           8   1.2267964422107981E-014
          10           9   3.6082248300317651E-015
          10          10   3.6600374282724437     
          10          11  -3.7081449022480241E-014
          10          12  -7.7715611723761336E-015
          10          13  -1.4180623916190362     
          10          14   1.5043521983670884E-014
          10          15  -3.3917313402298520E-014
          10          16  0.55106598997387712     
          10          17  -3.8025138593411651E-015
          10          18   1.4918621893400541E-014
          10          19 -0.20997372177176776     
          10          20  -2.3245294578089203E-015
          10          21  -1.7902346272080697E-015
          10          22  -1.6161525704088987E-013
          10          23  -1.4667298367749653E-013
          10          24  -8.4887165902997445E-014
          10          25   8.2273051338384182E-014
          10          26   1.8719940062930939E-013
          10          27   1.5003527514481266E-013
          10          28  -1.0035781680755249E-014
          10          29   2.8629350217842523E-014
          10          30  -2.2159582172361056E-014
          10          31  -1.4127683904537802E-014
          10          32  -2.2678312338214904E-014
          10          33  -6.1333762084414914E-014
          10          34  -2.7565556383444556E-014
          10          35  -8.4655624655653330E-015
          10          36  -2.8234406475286388E-014
          10          37   1.0668465799314632E-014
          10          38   3.5705229235080634E-015
          10          39  -2.0198389578425432E-014
          11           1  -7.2866315690302773E-015
          11           2   3.2042374695799524E-014
          11           3   3.3894806822481956E-013
          11           4   5.6422265960237135E-014
          11           5   3.0440929580229256E-013
          11           6   8.1837950591281299E-014
          11           7   7.2442052356791480E-015
          11           8  -1.1988451681720496     
          11           9   2.1010970741031081E-014
          11          10  -3.7081449022480241E-014
          11          11   3.6600374282724912     
          11          12   3.6581848661398940E-014
          11          13   8.9650509238481403E-014
          11          14  -1.4180623916191020     
          11          15  -1.1851630787873549E-013
          11          16  -2.2815083156046976E-014
          11          17  0.55106598997398448     
          11          18   7.0950190167451410E-014
          11          19   1.8304802118507272E-014
          11          20 -0.20997372177179313     
          11          21  -3.5364072781263183E-014
          11          22  -7.0734996080281207E-013
          11          23  -5.7705689997029838E-014
          11          24  -5.7565981658374543E-013
          11          25  -4.6319048004338819E-013
          11          26   1.0011686091153798E-012
          11          27   6.1587552611227907E-013
          11          28  -1.3724923977246215E-015
          11          29   2.6255527772426560E-016
          11          30  -4.3533221274142057E-014
          11          31   5.4912871764426207E-014
          11          32  -1.0001429626952475E-013
          11          33  -2.8472813594917360E-013
          11          34  -7.9115403309093394E-014
          11          35   2.2696480151989799E-014
          11          36  -1.0864043028494046E-013
          11          37   4.8041061153822356E-014
          11          38   3.1789682989313027E-014
          11          39  -5.6031032461504278E-014
          12           1  -6.3518391210195216E-014
          12           2   2.5061941913651808E-013
          12           3   2.4658551895388689E-013
          12           4   6.8942291474780472E-014
          12           5   2.1960244929276153E-013
          12           6   5.5218424556936484E-014
          12           7   1.4710455076283366E-015
          12           8  -4.8155923693116220E-015
          12           9  -1.1988451681720820     
          12          10  -7.7715611723761336E-015
          12          11   3.6581848661398940E-014
          12          12   3.6600374282726187     
          12          13   6.1450844413002440E-014
          12          14   5.5927484865491969E-015
          12          15  -1.4180623916192514     
          12          16  -2.4383273178330026E-014
          12          17   5.4976856400656983E-014
          12          18  0.55106598997398148     
          12          19   1.6431300764452323E-014
          12          20  -1.4609841114676673E-014
          12          21 -0.20997372177181295     
          12          22  -6.4277342305695643E-013
          12          23  -1.1605966953208076E-013
          12          24  -3.6289464846102208E-013
          12          25  -3.7223608752710546E-013
          12          26   8.1375074851610379E-013
          12          27   4.6925993953418589E-013
          12          28   9.1932205534066475E-015
          12          29   6.3197658839683290E-015
          12          30  -3.4970902755647031E-014
          12          31   4.8330328261321672E-014
          12          32  -8.7758554258373484E-014
          12          33  -2.2288952824667123E-013
          12          34  -4.9941443046371306E-014
          12          35   1.8293855065667322E-014
          12          36  -7.3853051741789987E-014
          12          37   3.5354393986103925E-014
          12          38   3.0175275636934785E-014
          12          39  -3.2759726855778533E-014
          13           1   8.7496186065652379E-015
          13           2   1.6208502392458364E-015
          13           3   1.8422616459436868E-014
          13           4  -3.8162491609871797E-014
          13           5  -2.9370059077759958E-014
          13           6  -1.0813069713193061E-014
          13           7  0.53658047058299785     
          13           8  -2.5424107263916085E-014
          13           9  -5.1972315340265147E-014
          13          10  -1.4180623916190362     
          13          11   8.9650509238481403E-014
          13          12   6.1450844413002440E-014
          13          13  0.55203700997286442     
          13          14  -3.4861002973229922E-014
          13          15  -1.0672018824209327E-014
          13          16 -0.21498301907006040     
          13          17   1.2698175844150230E-014
          13          18   3.5804692544161298E-015
          13          19   8.1970261867299082E-002
          13          20  -3.3063829452117951E-015
          13          21  -2.8831104170734506E-015
          13          22   6.1901418128309088E-014
          13          23   5.5220002868051209E-014
          13          24   3.2866075733377127E-014
          13          25  -3.2328938413997139E-014
          13          26  -7.1968900117931377E-014
          13          27  -5.7149600144773089E-014
          13          28   5.6252948161347735E-015
          13          29  -1.0962445632055639E-014
          13          30   1.0125038154657206E-014
          13          31   5.5448369158661568E-015
          13          32   8.7704484612377431E-015
          13          33   2.5230065669723898E-014
          13          34   1.0877446790529378E-014
          13          35   3.2801458132359645E-015
          13          36   1.1186879169615575E-014
          13          37  -4.2098277654894555E-015
          13          38  -1.3400281821468023E-015
          13          39   8.1162309785539008E-015
          14           1  -1.4969247006425180E-015
          14           2  -6.8727728473260109E-015
          14           3  -1.3866716325676886E-013
          14           4  -1.3404695066387566E-014
          14           5  -1.1329289156733853E-013
          14           6  -3.0615021099921628E-014
          14           7  -4.6074255521944012E-015
          14           8  0.53658047058302849     
          14           9  -4.9297371740308898E-014
          14          10   1.5043521983670884E-014
          14          11  -1.4180623916191020     
          14          12   5.5927484865491969E-015
          14          13  -3.4861002973229922E-014
          14          14  0.55203700997290894     
          14          15   3.6637359812630178E-014
          14          16   8.8956619848090747E-015
          14          17 -0.21498301907010939     
          14          18  -2.3588769826332623E-014
          14          19  -6.9978745020904414E-015
          14          20   8.1970261867311559E-002
          14          21   1.2156074757907473E-014
          14          22   2.7059609566322291E-013
          14          23   2.4235205399493587E-014
          14          24   2.2012342036060086E-013
          14          25   1.7921760120356897E-013
          14          26  -3.8409776014640905E-013
          14          27  -2.3678045192825503E-013
          14          28  -1.6625476742329663E-015
          14          29  -5.1038534270890895E-016
          14          30   1.4419924477676402E-014
          14          31  -2.1281345434175189E-014
          14          32   3.8369045807978943E-014
          14          33   1.0694739788305789E-013
          14          34   2.9301610689765308E-014
          14          35  -8.6150598779615677E-015
          14          36   4.0605225524674302E-014
          14          37  -1.8436354900960440E-014
          14          38  -1.2144543914295109E-014
          14          39   2.0446046856500779E-014
          15           1   3.2621576700880048E-014
          15           2  -1.3807447708295894E-013
          15           3  -1.0082712490361567E-013
          15           4  -3.3892236757004540E-014
          15           5  -8.0415412982900170E-014
          15           6  -1.8576818472179167E-014
          15           7   1.0755285551056202E-014
          15           8   2.5774521406063403E-014
          15           9  0.53658047058309644     
          15          10  -3.3917313402298520E-014
          15          11  -1.1851630787873549E-013
          15          12  -1.4180623916192514     
          15          13  -1.0672018824209327E-014
          15          14   3.6637359812630178E-014
          15          15  0.55203700997300753     
          15          16   3.5041414214731610E-015
          15          17  -3.5894898164912099E-014
          15          18 -0.21498301907012565     
          15          19  -2.8831104170734554E-015
          15          20   1.1543717370887664E-014
          15          21   8.1970261867325936E-002
          15          22   2.4763777468769471E-013
          15          23   4.4472739783310459E-014
          15          24   1.4340471229906046E-013
          15          25   1.4270068597722527E-013
          15          26  -3.1325788470328409E-013
          15          27  -1.7349067058590072E-013
          15          28  -2.4923763221724424E-015
          15          29  -3.2951982377482355E-015
          15          30   1.2862534744836096E-014
          15          31  -1.8567318357283296E-014
          15          32   3.4651248256252913E-014
          15          33   8.5345572836878754E-014
          15          34   1.6549390990317921E-014
          15          35  -6.2207568011049207E-015
          15          36   2.5974279599436505E-014
          15          37  -1.4438907365219565E-014
          15          38  -1.1322220792356506E-014
          15          39   1.0759920673867452E-014
          16           1  -3.5680041692014137E-015
          16           2  -2.7590012337647868E-015
          16           3   3.5766369496600667E-015
          16           4   6.3752734011019449E-015
          16           5   8.1535095004273823E-015
          16           6   3.4376535381992466E-015
          16           7 -0.22115932716260142     
          16           8   5.7870375158586300E-015
          16           9  -2.9143354396410316E-015
          16          10  0.55106598997387712     
          16          11  -2.2815083156046976E-014
          16          12  -2.4383273178330026E-014
          16          13 -0.21498301907006040     
          16          14   8.8956619848090747E-015
          16          15   3.5041414214731610E-015
          16          16   8.3802157887269524E-002
          16          17  -3.1086244689504411E-015
          16          18  -9.7838404045091940E-016
          16          19  -3.1962241523760919E-002
          16          20   5.7939764097625426E-016
          16          21   9.4282220919339130E-016
          16          22  -2.3787682992245210E-014
          16          23  -1.9207205093757607E-014
          16          24  -1.2743841134532784E-014
          16          25   1.4013342290396874E-014
          16          26   2.7974958092995281E-014
          16          27   2.2247403318978757E-014
          16          28  -2.2316710366937022E-017
          16          29   3.9243109544728191E-015
          16          30  -1.7175476015242801E-015
          16          31  -2.3850440994338147E-015
          16          32  -3.4222165489774024E-015
          16          33  -7.6043401607677131E-015
          16          34  -3.2253857755977883E-015
          16          35  -1.2015980986682393E-015
          16          36  -3.3588312747738233E-015
          16          37   1.7002411036740838E-015
          16          38   5.1706659595799550E-016
          16          39  -2.1661467899671507E-015
          17           1  -1.3567940415992216E-015
          17           2   1.4096254293689387E-015
          17           3   4.4568662368154677E-014
          17           4   1.1330937853268794E-014
          17           5   4.5789403559670269E-014
          17           6   1.2268589523536925E-014
          17           7  -6.1756155744774293E-016
          17           8 -0.22115932716263637     
          17           9   1.1915815556484686E-014
          17          10  -3.8025138593411651E-015
          17          11  0.55106598997398448     
          17          12   5.4976856400656983E-014
          17          13   1.2698175844150230E-014
          17          14 -0.21498301907010939     
          17          15  -3.5894898164912099E-014
          17          16  -3.1086244689504411E-015
          17          17   8.3802157887300804E-002
          17          18   1.7498155702178053E-014
          17          19   2.5621865740177445E-015
          17          20  -3.1962241523770425E-002
          17          21  -7.8843181983145867E-015
          17          22  -1.0436333880745698E-013
          17          23  -9.2202645895617330E-015
          17          24  -8.4877410812327270E-014
          17          25  -6.9235537334471551E-014
          17          26   1.4862428159326832E-013
          17          27   9.1894669657088884E-014
          17          28  -8.2257387673250141E-016
          17          29   1.8627715998779626E-016
          17          30  -7.0230138822567967E-015
          17          31   8.2127600665110186E-015
          17          32  -1.4848092824392955E-014
          17          33  -4.2825867878333892E-014
          17          34  -1.1909817719976749E-014
          17          35   3.3361006151230637E-015
          17          36  -1.6279834368814870E-014
          17          37   7.1470499550713809E-015
          17          38   4.6902842914226872E-015
          17          39  -8.4833126228867786E-015
          18           1  -1.1327253396149633E-014
          18           2   6.4063917281456839E-014
          18           3   3.3866344015616878E-014
          18           4   1.9833581500438059E-014
          18           5   3.2422278719946618E-014
          18           6   7.1672686940809246E-015
          18           7  -7.4697192875561313E-015
          18           8  -1.6301196503754056E-014
          18           9 -0.22115932716268513     
          18          10   1.4918621893400541E-014
          18          11   7.0950190167451410E-014
          18          12  0.55106598997398148     
          18          13   3.5804692544161298E-015
          18          14  -2.3588769826332623E-014
          18          15 -0.21498301907012565     
          18          16  -9.7838404045091940E-016
          18          17   1.7498155702178053E-014
          18          18   8.3802157887299111E-002
          18          19   7.5720679726387630E-016
          18          20  -5.8945903713691905E-015
          18          21  -3.1962241523772986E-002
          18          22  -9.6195159302093467E-014
          18          23  -1.5325551664767871E-014
          18          24  -5.6538966166576287E-014
          18          25  -5.3886078742489828E-014
          18          26   1.2147880039316014E-013
          18          27   6.5817757405343514E-014
          18          28  -6.0855659047547447E-016
          18          29   1.1318158513196182E-015
          18          30  -6.2497940255356667E-015
          18          31   6.9808276076766207E-015
          18          32  -1.3595519299698807E-014
          18          33  -3.4388232535661043E-014
          18          34  -6.5311661572009510E-015
          18          35   2.3347978160365711E-015
          18          36  -1.0226019469912479E-014
          18          37   5.7892847936877630E-015
          18          38   4.3388900194601270E-015
          18          39  -4.4310403179059666E-015
          19           1  -3.9950753628858917E-015
          19           2   7.7415181581132543E-016
          19           3  -1.6079999785102292E-014
          19           4   8.2849769853282637E-015
          19           5   5.8183318531073808E-016
          19           6  -4.9761250246116049E-016
          19           7   8.5780930482374063E-002
          19           8  -2.0313611903688415E-015
          19           9   3.2385552573011012E-014
          19          10 -0.20997372177176776     
          19          11   1.8304802118507272E-014
          19          12   1.6431300764452323E-014
          19          13   8.1970261867299082E-002
          19          14  -6.9978745020904414E-015
          19          15  -2.8831104170734554E-015
          19          16  -3.1962241523760919E-002
          19          17   2.5621865740177445E-015
          19          18   7.5720679726387630E-016
          19          19   1.2191576026868767E-002
          19          20  -7.4289532858706774E-016
          19          21  -4.7965104110758657E-016
          19          22   9.2290443071321946E-015
          19          23   7.9161704880643603E-015
          19          24   4.9976931777754039E-015
          19          25  -4.9096483046852184E-015
          19          26  -1.0613689168261401E-014
          19          27  -8.2541815903513974E-015
          19          28  -2.6192540835680626E-015
          19          29  -1.5928838408431346E-015
          19          30  -1.9714509750335246E-015
          19          31   8.4045248240892771E-016
          19          32   1.2982474524748947E-015
          19          33   2.6056732199365395E-016
          19          34   1.3661873428504606E-016
          19          35   4.8128841365721671E-016
          19          36   1.8711652006222038E-016
          19          37  -6.3313741458659857E-016
          19          38  -1.9485090135749417E-016
          19          39  -2.6421339834413199E-016
          20           1   2.9946954907047146E-015
          20           2  -5.4903071601666386E-015
          20           3  -2.2534996751041745E-014
          20           4  -2.2949640263432666E-015
          20           5  -1.7051260785992996E-014
          20           6  -4.6024683034784636E-015
          20           7   3.1641356201816961E-015
          20           8   8.5780930482378684E-002
          20           9   2.5604518505417677E-015
          20          10  -2.3245294578089203E-015
          20          11 -0.20997372177179313     
          20          12  -1.4609841114676673E-014
          20          13  -3.3063829452117951E-015
          20          14   8.1970261867311559E-002
          20          15   1.1543717370887664E-014
          20          16   5.7939764097625426E-016
          20          17  -3.1962241523770425E-002
          20          18  -5.8945903713691905E-015
          20          19  -7.4289532858706774E-016
          20          20   1.2191576026871461E-002
          20          21   2.7166853835969281E-015
          20          22   4.0577317465953574E-014
          20          23   3.3544665385304776E-015
          20          24   3.3175962411450352E-014
          20          25   2.6237961751091181E-014
          20          26  -5.6561532413636965E-014
          20          27  -3.4098985366289885E-014
          20          28  -3.6803766883078374E-017
          20          29  -4.8066438507160594E-017
          20          30   2.3185798360626788E-015
          20          31  -3.1075314644151416E-015
          20          32   5.6512969376117306E-015
          20          33   1.5944250075448608E-014
          20          34   4.4313122889814656E-015
          20          35  -1.2747702447656091E-015
          20          36   6.0940223024062387E-015
          20          37  -2.7246622366987630E-015
          20          38  -1.7839309913060212E-015
          20          39   3.1273011367248581E-015
          21           1   3.5292903350718875E-015
          21           2  -2.5912936428164264E-014
          21           3  -1.2275401183197658E-014
          21           4  -8.3999486999918390E-015
          21           5  -1.2518939329876811E-014
          21           6  -2.7305938786252546E-015
          21           7   2.0383000842727487E-015
          21           8   8.0551884606983037E-015
          21           9   8.5780930482404663E-002
          21          10  -1.7902346272080697E-015
          21          11  -3.5364072781263183E-014
          21          12 -0.20997372177181295     
          21          13  -2.8831104170734506E-015
          21          14   1.2156074757907473E-014
          21          15   8.1970261867325936E-002
          21          16   9.4282220919339130E-016
          21          17  -7.8843181983145867E-015
          21          18  -3.1962241523772986E-002
          21          19  -4.7965104110758657E-016
          21          20   2.7166853835969281E-015
          21          21   1.2191576026873662E-002
          21          22   3.6653559159909587E-014
          21          23   4.2499040659539387E-015
          21          24   2.1726082739312095E-014
          21          25   1.9401341868226064E-014
          21          26  -4.6329624198792432E-014
          21          27  -2.4929695832568973E-014
          21          28   4.3758992850691240E-016
          21          29  -1.9806989749877944E-016
          21          30   2.5352106663489465E-015
          21          31  -2.4819574859363356E-015
          21          32   5.2074298795157628E-015
          21          33   1.3273825374218723E-014
          21          34   2.5076849681530613E-015
          21          35  -9.3007148580863772E-016
          21          36   3.9224197482919493E-015
          21          37  -2.2622464125488000E-015
          21          38  -1.6486635614476505E-015
          21          39   1.7236200106648121E-015
          22           1  0.14639421598672070     
          22           2 -0.30188275568293099     
          22           3 -0.17555050010133996     
          22           4   6.7017752078921767E-003
          22           5  -1.7032023391982787E-002
          22           6  -4.6519985268443764E-003
          22           7   1.5945120625912376E-014
          22           8   1.5704626314000226E-013
          22           9   1.6897458315698579E-013
          22          10  -1.6161525704088987E-013
          22          11  -7.0734996080281207E-013
          22          12  -6.4277342305695643E-013
          22          13   6.1901418128309088E-014
          22          14   2.7059609566322291E-013
          22          15   2.4763777468769471E-013
          22          16  -2.3787682992245210E-014
          22          17  -1.0436333880745698E-013
          22          18  -9.6195159302093467E-014
          22          19   9.2290443071321946E-015
          22          20   4.0577317465953574E-014
          22          21   3.6653559159909587E-014
          22          22   4.9572110769370827E-002
          22          23   1.2468945626840802E-002
          22          24   4.8825131772677152E-002
          22          25   8.6777695973905330E-003
          22          26   6.6963349118640285E-004
          22          27   5.0007199718653451E-002
          22          28   6.9113677803302785E-003
          22          29  -1.9813311599110907E-003
          22          30   7.0300636834363843E-003
          22          31  -1.3789085153138368E-003
          22          32  -1.0640560489354851E-004
          22          33   6.8422315984639657E-003
          22          34   5.5958580926903558E-003
          22          35   4.6288168985274091E-004
          22          36   5.5681281698376035E-003
          22          37   3.2214276776976278E-004
          22          38   2.4858644127247405E-005
          22          39   5.6120097958170037E-003
          23           1   6.8793698709041904E-015
          23           2   2.6036391006128211E-016
          23           3   6.3779803486502421E-014
          23           4  -6.7927577868206398E-014
          23           5  -1.7618224798571076E-014
          23           6  -1.4271915686114616E-015
          23           7   3.1254999114917453E-014
          23           8   1.2816015990988555E-014
          23           9   1.3899544445181913E-014
          23          10  -1.4667298367749653E-013
          23          11  -5.7705689997029838E-014
          23          12  -1.1605966953208076E-013
          23          13   5.5220002868051209E-014
          23          14   2.4235205399493587E-014
          23          15   4.4472739783310459E-014
          23          16  -1.9207205093757607E-014
          23          17  -9.2202645895617330E-015
          23          18  -1.5325551664767871E-014
          23          19   7.9161704880643603E-015
          23          20   3.3544665385304776E-015
          23          21   4.2499040659539387E-015
          23          22   1.2468945626840802E-002
          23          23   1.4954751489598501     
          23          24  -7.7120708526241047E-002
          23          25   1.0407767560843939     
          23          26   8.0313145549752205E-002
          23          27   6.4651762899425161E-002
          23          28  -1.9813311598930968E-003
          23          29 -0.23763288414120476     
          23          30   1.2254577688486938E-002
          23          31 -0.16538073699686032     
          23          32  -1.2761859951145751E-002
          23          33  -1.0273246528548297E-002
          23          34   4.6288168985375187E-004
          23          35   5.5516166707234360E-002
          23          36  -2.8629336395831154E-003
          23          37   3.8636506889455538E-002
          23          38   2.9814457165851173E-003
          23          39   2.4000519497417066E-003
          24           1  0.14639421598671126     
          24           2 -0.30188275568293887     
          24           3 -0.17555050010168280     
          24           4   6.7017752081347196E-003
          24           5  -1.7032023391901532E-002
          24           6  -4.6519985268268088E-003
          24           7   8.2495205577993722E-015
          24           8   1.3253130785294843E-013
          24           9   1.9379503550712062E-013
          24          10  -8.4887165902997445E-014
          24          11  -5.7565981658374543E-013
          24          12  -3.6289464846102208E-013
          24          13   3.2866075733377127E-014
          24          14   2.2012342036060086E-013
          24          15   1.4340471229906046E-013
          24          16  -1.2743841134532784E-014
          24          17  -8.4877410812327270E-014
          24          18  -5.6538966166576287E-014
          24          19   4.9976931777754039E-015
          24          20   3.3175962411450352E-014
          24          21   2.1726082739312095E-014
          24          22   4.8825131772677152E-002
          24          23  -7.7120708526241047E-002
          24          24   5.3445213630756855E-002
          24          25  -5.3672199703684517E-002
          24          26  -4.1416981706957293E-003
          24          27   4.6134096857289780E-002
          24          28   7.0300636833779189E-003
          24          29   1.2254577688468892E-002
          24          30   6.2959268589270071E-003
          24          31   8.5285801122543161E-003
          24          32   6.5812105418763800E-004
          24          33   7.4576725197495371E-003
          24          34   5.5681281698146965E-003
          24          35  -2.8629336395864075E-003
          24          36   5.7396383649595600E-003
          24          37  -1.9924602480790930E-003
          24          38  -1.5375127179869028E-004
          24          39   5.4682295234990902E-003
          25           1   6.7327337207951814E-015
          25           2  -4.6677090308041156E-015
          25           3   5.3112823628580377E-014
          25           4  -5.5335303417038121E-014
          25           5  -1.5291671593704514E-014
          25           6  -1.6691932445790033E-015
          25           7  -2.0273447131975091E-014
          25           8   1.0477607767265515E-013
          25           9   7.2722229655196302E-014
          25          10   8.2273051338384182E-014
          25          11  -4.6319048004338819E-013
          25          12  -3.7223608752710546E-013
          25          13  -3.2328938413997139E-014
          25          14   1.7921760120356897E-013
          25          15   1.4270068597722527E-013
          25          16   1.4013342290396874E-014
          25          17  -6.9235537334471551E-014
          25          18  -5.3886078742489828E-014
          25          19  -4.9096483046852184E-015
          25          20   2.6237961751091181E-014
          25          21   1.9401341868226064E-014
          25          22   8.6777695973905330E-003
          25          23   1.0407767560843939     
          25          24  -5.3672199703684517E-002
          25          25  0.72432915836746936     
          25          26   5.5893978013839274E-002
          25          27   4.4994430106312926E-002
          25          28  -1.3789085152993712E-003
          25          29 -0.16538073699685513     
          25          30   8.5285801122685061E-003
          25          31 -0.11509681527650696     
          25          32  -8.8816234832086900E-003
          25          33  -7.1496715969311510E-003
          25          34   3.2214276777068230E-004
          25          35   3.8636506889454879E-002
          25          36  -1.9924602480765469E-003
          25          37   2.6889098314210415E-002
          25          38   2.0749387935382392E-003
          25          39   1.6703174803171605E-003
          26           1  -3.2769865195177696E-015
          26           2  -2.2997069350607638E-015
          26           3   1.0556926580325994E-014
          26           4  -9.2974798587050436E-015
          26           5  -2.9578536694989150E-015
          26           6  -5.2033092636703091E-016
          26           7  -4.4392661013821393E-014
          26           8  -2.2632553546048018E-013
          26           9  -2.1128788507501062E-013
          26          10   1.8719940062930939E-013
          26          11   1.0011686091153798E-012
          26          12   8.1375074851610379E-013
          26          13  -7.1968900117931377E-014
          26          14  -3.8409776014640905E-013
          26          15  -3.1325788470328409E-013
          26          16   2.7974958092995281E-014
          26          17   1.4862428159326832E-013
          26          18   1.2147880039316014E-013
          26          19  -1.0613689168261401E-014
          26          20  -5.6561532413636965E-014
          26          21  -4.6329624198792432E-014
          26          22   6.6963349118640285E-004
          26          23   8.0313145549752205E-002
          26          24  -4.1416981706957293E-003
          26          25   5.5893978013839274E-002
          26          26   4.3131451248668356E-003
          26          27   3.4720646795108217E-003
          26          28  -1.0640560489106693E-004
          26          29  -1.2761859951142771E-002
          26          30   6.5812105418994367E-004
          26          31  -8.8816234832068946E-003
          26          32  -6.8536419107653095E-004
          26          33  -5.5171544929217338E-004
          26          34   2.4858644128113625E-005
          26          35   2.9814457165828340E-003
          26          36  -1.5375127179756480E-004
          26          37   2.0749387935366857E-003
          26          38   1.6011585612193575E-004
          26          39   1.2889262767190138E-004
          27           1  0.14639421598671074     
          27           2 -0.30188275568293982     
          27           3 -0.17555050010167550     
          27           4   6.7017752081270894E-003
          27           5  -1.7032023391903656E-002
          27           6  -4.6519985268270430E-003
          27           7  -3.8428695932837154E-014
          27           8  -1.3233224212091212E-013
          27           9   7.2304780008325994E-014
          27          10   1.5003527514481266E-013
          27          11   6.1587552611227907E-013
          27          12   4.6925993953418589E-013
          27          13  -5.7149600144773089E-014
          27          14  -2.3678045192825503E-013
          27          15  -1.7349067058590072E-013
          27          16   2.2247403318978757E-014
          27          17   9.1894669657088884E-014
          27          18   6.5817757405343514E-014
          27          19  -8.2541815903513974E-015
          27          20  -3.4098985366289885E-014
          27          21  -2.4929695832568973E-014
          27          22   5.0007199718653451E-002
          27          23   6.4651762899425161E-002
          27          24   4.6134096857289780E-002
          27          25   4.4994430106312926E-002
          27          26   3.4720646795108217E-003
          27          27   5.2263145684783130E-002
          27          28   6.8422315984077104E-003
          27          29  -1.0273246528563342E-002
          27          30   7.4576725197515710E-003
          27          31  -7.1496715969437460E-003
          27          32  -5.5171544929460059E-004
          27          33   6.4837589439004232E-003
          27          34   5.6120097957943023E-003
          27          35   2.4000519497349520E-003
          27          36   5.4682295234997208E-003
          27          37   1.6703174803122669E-003
          27          38   1.2889262767080639E-004
          27          39   5.6957567389808927E-003
          28           1  0.24890178538261742     
          28           2 -0.33278810970739259     
          28           3   2.1898921347066671     
          28           4  -1.6904093053684861     
          28           5 -0.59336730633295987     
          28           6 -0.13052904286483710     
          28           7  -1.9881484437752018E-014
          28           8   2.4787771164992879E-015
          28           9   9.2399804134473117E-014
          28          10  -1.0035781680755249E-014
          28          11  -1.3724923977246215E-015
          28          12   9.1932205534066475E-015
          28          13   5.6252948161347735E-015
          28          14  -1.6625476742329663E-015
          28          15  -2.4923763221724424E-015
          28          16  -2.2316710366937022E-017
          28          17  -8.2257387673250141E-016
          28          18  -6.0855659047547447E-016
          28          19  -2.6192540835680626E-015
          28          20  -3.6803766883078374E-017
          28          21   4.3758992850691240E-016
          28          22   6.9113677803302785E-003
          28          23  -1.9813311598930968E-003
          28          24   7.0300636833779189E-003
          28          25  -1.3789085152993712E-003
          28          26  -1.0640560489106693E-004
          28          27   6.8422315984077104E-003
          28          28  0.42081774424000534     
          28          29   3.1483601602910847E-004
          28          30  0.42079888331156562     
          28          31   2.1911029927805170E-004
          28          32   1.6907984593255101E-005
          28          33  0.42082873006637245     
          28          34  0.17552313604039496     
          28          35  -7.3552483337266725E-005
          28          36  0.17552754236004911     
          28          37  -5.1188891410761271E-005
          28          38  -3.9500698532157591E-006
          28          39  0.17552056951443085     
          29           1  -5.8969416204121361E-015
          29           2  -2.2193769293120908E-016
          29           3   8.9927600293084275E-015
          29           4  -2.5300530771228890E-015
          29           5  -1.6680878472686196E-015
          29           6  -7.4603752043511284E-016
          29           7  -1.0171596189426601E-014
          29           8  -2.1594935766703582E-015
          29           9  -2.3732261346184140E-014
          29          10   2.8629350217842523E-014
          29          11   2.6255527772426560E-016
          29          12   6.3197658839683290E-015
          29          13  -1.0962445632055639E-014
          29          14  -5.1038534270890895E-016
          29          15  -3.2951982377482355E-015
          29          16   3.9243109544728191E-015
          29          17   1.8627715998779626E-016
          29          18   1.1318158513196182E-015
          29          19  -1.5928838408431346E-015
          29          20  -4.8066438507160594E-017
          29          21  -1.9806989749877944E-016
          29          22  -1.9813311599110907E-003
          29          23 -0.23763288414120476     
          29          24   1.2254577688468892E-002
          29          25 -0.16538073699685513     
          29          26  -1.2761859951142771E-002
          29          27  -1.0273246528563342E-002
          29          28   3.1483601602910847E-004
          29          29   3.7760164496577209E-002
          29          30  -1.9472678245895545E-003
          29          31   2.6279207341757753E-002
          29          32   2.0278756148547129E-003
          29          33   1.6324318085628817E-003
          29          34  -7.3552483336577023E-005
          29          35  -8.8215887908801461E-003
          29          36   4.5492376008666433E-004
          29          37  -6.1393895924440689E-003
          29          38  -4.7375547834100691E-004
          29          39  -3.8137127674810211E-004
          30           1  0.24890178538262608     
          30           2 -0.33278810970740041     
          30           3   2.1898921347067501     
          30           4  -1.6904093053685487     
          30           5 -0.59336730633298163     
          30           6 -0.13052904286484185     
          30           7  -2.1092648956138076E-014
          30           8   8.7803238295045306E-015
          30           9   5.8368056852295399E-014
          30          10  -2.2159582172361056E-014
          30          11  -4.3533221274142057E-014
          30          12  -3.4970902755647031E-014
          30          13   1.0125038154657206E-014
          30          14   1.4419924477676402E-014
          30          15   1.2862534744836096E-014
          30          16  -1.7175476015242801E-015
          30          17  -7.0230138822567967E-015
          30          18  -6.2497940255356667E-015
          30          19  -1.9714509750335246E-015
          30          20   2.3185798360626788E-015
          30          21   2.5352106663489465E-015
          30          22   7.0300636834363843E-003
          30          23   1.2254577688486938E-002
          30          24   6.2959268589270071E-003
          30          25   8.5285801122685061E-003
          30          26   6.5812105418994367E-004
          30          27   7.4576725197515710E-003
          30          28  0.42079888331156562     
          30          29  -1.9472678245895545E-003
          30          30  0.42091553857734715     
          30          31  -1.3552021182855140E-003
          30          32  -1.0457626415983478E-004
          30          33  0.42073093572907688     
          30          34  0.17552754236005758     
          30          35   4.5492376008633896E-004
          30          36  0.17550028917409619     
          30          37   3.1660444215326111E-004
          30          38   2.4431270677397316E-005
          30          39  0.17554341638074028     
          31           1  -6.4466713049703018E-015
          31           2   3.3677675140585477E-015
          31           3  -2.9264005388405478E-014
          31           4   2.4874569125734741E-014
          31           5   8.0715082837648627E-015
          31           6   1.5062464194625300E-015
          31           7   3.5450457739022620E-015
          31           8  -1.1747651526456710E-014
          31           9  -1.0314590496032209E-014
          31          10  -1.4127683904537802E-014
          31          11   5.4912871764426207E-014
          31          12   4.8330328261321672E-014
          31          13   5.5448369158661568E-015
          31          14  -2.1281345434175189E-014
          31          15  -1.8567318357283296E-014
          31          16  -2.3850440994338147E-015
          31          17   8.2127600665110186E-015
          31          18   6.9808276076766207E-015
          31          19   8.4045248240892771E-016
          31          20  -3.1075314644151416E-015
          31          21  -2.4819574859363356E-015
          31          22  -1.3789085153138368E-003
          31          23 -0.16538073699686032     
          31          24   8.5285801122543161E-003
          31          25 -0.11509681527650696     
          31          26  -8.8816234832068946E-003
          31          27  -7.1496715969437460E-003
          31          28   2.1911029927805170E-004
          31          29   2.6279207341757753E-002
          31          30  -1.3552021182855140E-003
          31          31   1.8289028867278748E-002
          31          32   1.4113011544452376E-003
          31          33   1.1360918189894211E-003
          31          34  -5.1188891414424228E-005
          31          35  -6.1393895924441565E-003
          31          36   3.1660444214934991E-004
          31          37  -4.2727115785285291E-003
          31          38  -3.2971038687465133E-004
          31          39  -2.6541555074172709E-004
          32           1  -1.0260588569375335E-015
          32           2   1.0898741760727983E-015
          32           3  -4.3140671294985598E-015
          32           4   3.7115313985880884E-015
          32           5   1.2827150623494220E-015
          32           6   2.6282952227902074E-016
          32           7   6.7485485779396924E-015
          32           8   2.2754527088086619E-014
          32           9   4.6737769984372567E-014
          32          10  -2.2678312338214904E-014
          32          11  -1.0001429626952475E-013
          32          12  -8.7758554258373484E-014
          32          13   8.7704484612377431E-015
          32          14   3.8369045807978943E-014
          32          15   3.4651248256252913E-014
          32          16  -3.4222165489774024E-015
          32          17  -1.4848092824392955E-014
          32          18  -1.3595519299698807E-014
          32          19   1.2982474524748947E-015
          32          20   5.6512969376117306E-015
          32          21   5.2074298795157628E-015
          32          22  -1.0640560489354851E-004
          32          23  -1.2761859951145751E-002
          32          24   6.5812105418763800E-004
          32          25  -8.8816234832086900E-003
          32          26  -6.8536419107653095E-004
          32          27  -5.5171544929460059E-004
          32          28   1.6907984593255101E-005
          32          29   2.0278756148547129E-003
          32          30  -1.0457626415983478E-004
          32          31   1.4113011544452376E-003
          32          32   1.0890523291272048E-004
          32          33   8.7668279563808153E-005
          32          34  -3.9500698520294903E-006
          32          35  -4.7375547834075478E-004
          32          36   2.4431270678548915E-005
          32          37  -3.2971038687447114E-004
          32          38  -2.5442611141660751E-005
          32          39  -2.0481200827632494E-005
          33           1  0.24890178538263436     
          33           2 -0.33278810970739975     
          33           3   2.1898921347067679     
          33           4  -1.6904093053685609     
          33           5 -0.59336730633298584     
          33           6 -0.13052904286484279     
          33           7  -1.0681936753048665E-014
          33           8   6.3240252681532892E-014
          33           9   1.1112140659424392E-013
          33          10  -6.1333762084414914E-014
          33          11  -2.8472813594917360E-013
          33          12  -2.2288952824667123E-013
          33          13   2.5230065669723898E-014
          33          14   1.0694739788305789E-013
          33          15   8.5345572836878754E-014
          33          16  -7.6043401607677131E-015
          33          17  -4.2825867878333892E-014
          33          18  -3.4388232535661043E-014
          33          19   2.6056732199365395E-016
          33          20   1.5944250075448608E-014
          33          21   1.3273825374218723E-014
          33          22   6.8422315984639657E-003
          33          23  -1.0273246528548297E-002
          33          24   7.4576725197495371E-003
          33          25  -7.1496715969311510E-003
          33          26  -5.5171544929217338E-004
          33          27   6.4837589439004232E-003
          33          28  0.42082873006637245     
          33          29   1.6324318085628817E-003
          33          30  0.42073093572907688     
          33          31   1.1360918189894211E-003
          33          32   8.7668279563808153E-005
          33          33  0.42088569182254948     
          33          34  0.17552056951443887     
          33          35  -3.8137127674798865E-004
          33          36  0.17554341638073978     
          33          37  -2.6541555073750217E-004
          33          38  -2.0481200828784428E-005
          33          39  0.17550726201971920     
          34           1  0.11077804091086818     
          34           2 -0.15522135879228205     
          34           3  0.90180377230207509     
          34           4 -0.70318047817162688     
          34           5 -0.24789483122041650     
          34           6  -5.4581628629610163E-002
          34           7  -1.5979384534665636E-014
          34           8   1.5793283606853564E-014
          34           9  -3.3568726432488887E-014
          34          10  -2.7565556383444556E-014
          34          11  -7.9115403309093394E-014
          34          12  -4.9941443046371306E-014
          34          13   1.0877446790529378E-014
          34          14   2.9301610689765308E-014
          34          15   1.6549390990317921E-014
          34          16  -3.2253857755977883E-015
          34          17  -1.1909817719976749E-014
          34          18  -6.5311661572009510E-015
          34          19   1.3661873428504606E-016
          34          20   4.4313122889814656E-015
          34          21   2.5076849681530613E-015
          34          22   5.5958580926903558E-003
          34          23   4.6288168985375187E-004
          34          24   5.5681281698146965E-003
          34          25   3.2214276777068230E-004
          34          26   2.4858644128113625E-005
          34          27   5.6120097957943023E-003
          34          28  0.17552313604039496     
          34          29  -7.3552483336577023E-005
          34          30  0.17552754236005758     
          34          31  -5.1188891414424228E-005
          34          32  -3.9500698520294903E-006
          34          33  0.17552056951443887     
          34          34   7.3360206960565763E-002
          34          35   1.7183446396550781E-005
          34          36   7.3359177549263105E-002
          34          37   1.1958829013194101E-005
          34          38   9.2282150691099702E-007
          34          39   7.3360806556382357E-002
          35           1   8.3388003638974877E-015
          35           2   1.1696806762783203E-015
          35           3   1.0036005092632125E-015
          35           4  -1.6750280964678395E-015
          35           5  -3.7612058417556524E-016
          35           6   6.9441363368238088E-018
          35           7   3.8000848198134501E-015
          35           8  -4.6597627992385403E-015
          35           9   1.7513061229603517E-014
          35          10  -8.4655624655653330E-015
          35          11   2.2696480151989799E-014
          35          12   1.8293855065667322E-014
          35          13   3.2801458132359645E-015
          35          14  -8.6150598779615677E-015
          35          15  -6.2207568011049207E-015
          35          16  -1.2015980986682393E-015
          35          17   3.3361006151230637E-015
          35          18   2.3347978160365711E-015
          35          19   4.8128841365721671E-016
          35          20  -1.2747702447656091E-015
          35          21  -9.3007148580863772E-016
          35          22   4.6288168985274091E-004
          35          23   5.5516166707234360E-002
          35          24  -2.8629336395864075E-003
          35          25   3.8636506889454879E-002
          35          26   2.9814457165828340E-003
          35          27   2.4000519497349520E-003
          35          28  -7.3552483337266725E-005
          35          29  -8.8215887908801461E-003
          35          30   4.5492376008633896E-004
          35          31  -6.1393895924441565E-003
          35          32  -4.7375547834075478E-004
          35          33  -3.8137127674798865E-004
          35          34   1.7183446396550781E-005
          35          35   2.0609133946552678E-003
          35          36  -1.0628000158846802E-004
          35          37   1.4342938155489265E-003
          35          38   1.1067949711209339E-004
          35          39   8.9096555192130973E-005
          36           1  0.11077804091086221     
          36           2 -0.15522135879227633     
          36           3  0.90180377230206743     
          36           4 -0.70318047817161899     
          36           5 -0.24789483122041345     
          36           6  -5.4581628629609476E-002
          36           7  -1.4435633902075758E-014
          36           8   2.1853177597001930E-014
          36           9  -2.1291233887072042E-014
          36          10  -2.8234406475286388E-014
          36          11  -1.0864043028494046E-013
          36          12  -7.3853051741789987E-014
          36          13   1.1186879169615575E-014
          36          14   4.0605225524674302E-014
          36          15   2.5974279599436505E-014
          36          16  -3.3588312747738233E-015
          36          17  -1.6279834368814870E-014
          36          18  -1.0226019469912479E-014
          36          19   1.8711652006222038E-016
          36          20   6.0940223024062387E-015
          36          21   3.9224197482919493E-015
          36          22   5.5681281698376035E-003
          36          23  -2.8629336395831154E-003
          36          24   5.7396383649595600E-003
          36          25  -1.9924602480765469E-003
          36          26  -1.5375127179756480E-004
          36          27   5.4682295234997208E-003
          36          28  0.17552754236004911     
          36          29   4.5492376008666433E-004
          36          30  0.17550028917409619     
          36          31   3.1660444214934991E-004
          36          32   2.4431270678548915E-005
          36          33  0.17554341638073978     
          36          34   7.3359177549263105E-002
          36          35  -1.0628000158846802E-004
          36          36   7.3365544481265241E-002
          36          37  -7.3965625818582070E-005
          36          38  -5.7076717346513088E-006
          36          39   7.3355469035680118E-002
          37           1   4.2268738698625482E-015
          37           2  -5.2097747029548523E-015
          37           3   5.1204819987219313E-015
          37           4  -6.3588894992634425E-015
          37           5  -2.3589639883179900E-015
          37           6  -4.6914997318485664E-016
          37           7  -4.8885828251883813E-015
          37           8  -1.2354729622874765E-014
          37           9  -3.2272642001146494E-014
          37          10   1.0668465799314632E-014
          37          11   4.8041061153822356E-014
          37          12   3.5354393986103925E-014
          37          13  -4.2098277654894555E-015
          37          14  -1.8436354900960440E-014
          37          15  -1.4438907365219565E-014
          37          16   1.7002411036740838E-015
          37          17   7.1470499550713809E-015
          37          18   5.7892847936877630E-015
          37          19  -6.3313741458659857E-016
          37          20  -2.7246622366987630E-015
          37          21  -2.2622464125488000E-015
          37          22   3.2214276776976278E-004
          37          23   3.8636506889455538E-002
          37          24  -1.9924602480790930E-003
          37          25   2.6889098314210415E-002
          37          26   2.0749387935366857E-003
          37          27   1.6703174803122669E-003
          37          28  -5.1188891410761271E-005
          37          29  -6.1393895924440689E-003
          37          30   3.1660444215326111E-004
          37          31  -4.2727115785285291E-003
          37          32  -3.2971038687447114E-004
          37          33  -2.6541555073750217E-004
          37          34   1.1958829013194101E-005
          37          35   1.4342938155489265E-003
          37          36  -7.3965625818582070E-005
          37          37   9.9819757329783817E-004
          37          38   7.7027457159350787E-005
          37          39   6.2006796807421045E-005
          38           1  -6.2279572292523358E-015
          38           2   1.4057041363760838E-015
          38           3  -7.2769204353424207E-015
          38           4   6.0392833411562934E-015
          38           5   2.1943511427658020E-015
          38           6   4.9067950729428776E-016
          38           7   8.0010567178774793E-017
          38           8  -5.7825179071645905E-015
          38           9   2.6473770036302172E-016
          38          10   3.5705229235080634E-015
          38          11   3.1789682989313027E-014
          38          12   3.0175275636934785E-014
          38          13  -1.3400281821468023E-015
          38          14  -1.2144543914295109E-014
          38          15  -1.1322220792356506E-014
          38          16   5.1706659595799550E-016
          38          17   4.6902842914226872E-015
          38          18   4.3388900194601270E-015
          38          19  -1.9485090135749417E-016
          38          20  -1.7839309913060212E-015
          38          21  -1.6486635614476505E-015
          38          22   2.4858644127247405E-005
          38          23   2.9814457165851173E-003
          38          24  -1.5375127179869028E-004
          38          25   2.0749387935382392E-003
          38          26   1.6011585612193575E-004
          38          27   1.2889262767080639E-004
          38          28  -3.9500698532157591E-006
          38          29  -4.7375547834100691E-004
          38          30   2.4431270677397316E-005
          38          31  -3.2971038687465133E-004
          38          32  -2.5442611141660751E-005
          38          33  -2.0481200828784428E-005
          38          34   9.2282150691099702E-007
          38          35   1.1067949711209339E-004
          38          36  -5.7076717346513088E-006
          38          37   7.7027457159350787E-005
          38          38   5.9439426774335467E-006
          38          39   4.7848502257807881E-006
          39           1  0.11077804091085294     
          39           2 -0.15522135879227983     
          39           3  0.90180377230207631     
          39           4 -0.70318047817162588     
          39           5 -0.24789483122041589     
          39           6  -5.4581628629610017E-002
          39           7  -1.5789756214256560E-014
          39           8   1.0591939662633126E-014
          39           9  -1.5304223431665327E-014
          39          10  -2.0198389578425432E-014
          39          11  -5.6031032461504278E-014
          39          12  -3.2759726855778533E-014
          39          13   8.1162309785539008E-015
          39          14   2.0446046856500779E-014
          39          15   1.0759920673867452E-014
          39          16  -2.1661467899671507E-015
          39          17  -8.4833126228867786E-015
          39          18  -4.4310403179059666E-015
          39          19  -2.6421339834413199E-016
          39          20   3.1273011367248581E-015
          39          21   1.7236200106648121E-015
          39          22   5.6120097958170037E-003
          39          23   2.4000519497417066E-003
          39          24   5.4682295234990902E-003
          39          25   1.6703174803171605E-003
          39          26   1.2889262767190138E-004
          39          27   5.6957567389808927E-003
          39          28  0.17552056951443085     
          39          29  -3.8137127674810211E-004
          39          30  0.17554341638074028     
          39          31  -2.6541555074172709E-004
          39          32  -2.0481200827632494E-005
          39          33  0.17550726201971920     
          39          34   7.3360806556382357E-002
          39          35   8.9096555192130973E-005
          39          36   7.3355469035680118E-002
          39          37   6.2006796807421045E-005
          39          38   4.7848502257807881E-006
          39          39   7.3363915474148181E-002
