           1           1   2.1262795847787137     
           1           2  0.16422184540975887     
           1           3 -0.39394577345758075     
           1           4   6.6439747034713698E-002
           1           5   4.4584047190310422E-002
           1           6  -1.7979034679073797E-015
           1           7  -6.3645347387146672E-015
           1           8  -3.6566756091334135E-015
           1           9  -1.5450982489009485E-015
           1          10   2.3601519351671797E-015
           1          11  -6.1595519733532630E-016
           1          12   4.8380816269305900E-015
           1          13  -1.1893608980215504E-015
           1          14   4.9709817471216988E-015
           1          15  -2.8132615208462466E-015
           1          16  -1.5096015881615855E-015
           1          17  -2.7500624086440092E-015
           1          18   9.5695990815733599E-016
           1          19   6.6087709950737768E-015
           1          20  -1.6500872177366623E-015
           1          21  -1.9128456901445334E-003
           1          22  -2.3682190867204108E-015
           1          23  -1.9128456901411363E-003
           1          24  -9.9071986497678272E-016
           1          25  -3.4600819089639774E-016
           1          26  -1.9128456901433069E-003
           1          27   3.7673478969514336E-004
           1          28   2.8159080187788236E-015
           1          29   3.7673478968830746E-004
           1          30  -1.2565194098825379E-015
           1          31  -9.8670678149914259E-016
           1          32   3.7673478968720179E-004
           1          33  -1.4113196389747775E-004
           1          34  -1.8654506270226388E-015
           1          35  -1.4113196389965851E-004
           1          36   2.3369230327907433E-016
           1          37   3.1074821460417482E-015
           1          38  -1.4113196389342478E-004
           2           1  0.16422184540975887     
           2           2  0.30616917212927974     
           2           3 -0.57033263423736713     
           2           4  0.10736452712695246     
           2           5   6.5903596775257645E-002
           2           6   1.2297644331243322E-015
           2           7  -2.2820711642851617E-015
           2           8   1.9952654228759490E-016
           2           9   7.6380307044701074E-016
           2          10  -3.4534443879074668E-016
           2          11   5.3847035337646784E-017
           2          12   1.4527914072654249E-016
           2          13  -5.0597532236016557E-016
           2          14   2.9231107584301371E-016
           2          15  -4.3304917733786518E-016
           2          16   8.4731517457889778E-016
           2          17  -3.3912407230456004E-016
           2          18  -1.6151365217614427E-016
           2          19  -5.8872977511921961E-016
           2          20   1.1015151666349175E-016
           2          21  -3.2086578001999931E-005
           2          22   7.4996360504076942E-017
           2          23  -3.2086578001933199E-005
           2          24   1.3776234314890156E-016
           2          25  -1.2788515466603709E-016
           2          26  -3.2086578002194383E-005
           2          27   2.1700581731247236E-003
           2          28  -1.6970566446635837E-016
           2          29   2.1700581731236169E-003
           2          30  -4.3355379690766054E-016
           2          31   2.3883085818447767E-016
           2          32   2.1700581731244730E-003
           2          33   3.4574034187255225E-003
           2          34   1.4978710802594549E-016
           2          35   3.4574034187257029E-003
           2          36   1.0078855989621104E-017
           2          37  -5.9254693524284856E-016
           2          38   3.4574034187258317E-003
           3           1 -0.39394577345758075     
           3           2 -0.57033263423736713     
           3           3   1.0962067236172879     
           3           4 -0.34904304423637789     
           3           5 -0.21155700443043746     
           3           6  -4.2456196775434830E-015
           3           7   6.3716639674634579E-015
           3           8   1.2929090215889804E-015
           3           9  -1.9048237290258331E-015
           3          10   1.0278688048092677E-015
           3          11   2.8489578328503372E-016
           3          12  -3.5006186585718087E-016
           3          13   1.1391087612721277E-015
           3          14  -7.3734651478023171E-016
           3          15   1.0097995877989665E-015
           3          16  -1.5221984098289853E-015
           3          17   4.1922682511287346E-016
           3          18   3.7582006010813621E-016
           3          19   4.4233872806947379E-016
           3          20   2.2259731605805850E-016
           3          21  -3.4966849280305506E-004
           3          22  -4.6507791415428452E-017
           3          23  -3.4966849280320224E-004
           3          24  -1.8885892809714660E-016
           3          25   2.3846204177602548E-016
           3          26  -3.4966849280263201E-004
           3          27  -1.0770366347509969E-002
           3          28   2.0535132909517598E-016
           3          29  -1.0770366347507405E-002
           3          30   1.0005038053556754E-015
           3          31  -4.3200743258723146E-016
           3          32  -1.0770366347509533E-002
           3          33  -1.4009479536320212E-002
           3          34  -1.6398205486588278E-016
           3          35  -1.4009479536320774E-002
           3          36   2.5280305822958129E-016
           3          37   7.6070102315971563E-016
           3          38  -1.4009479536321427E-002
           4           1   6.6439747034713698E-002
           4           2  0.10736452712695246     
           4           3 -0.34904304423637789     
           4           4  0.77467300559781449     
           4           5  0.46135409421899387     
           4           6   1.0039006641946717E-014
           4           7  -2.0353158483322344E-014
           4           8  -1.3063139447974525E-014
           4           9   2.9173639323266054E-015
           4          10  -5.0981141007641478E-015
           4          11  -3.1770175297307237E-015
           4          12  -5.5622564599826676E-016
           4          13  -9.9729820479031641E-016
           4          14   2.7019399335859880E-017
           4          15  -6.2104506813030835E-016
           4          16   3.7587824933958964E-016
           4          17   1.4421482005691374E-015
           4          18  -6.4561305183435305E-016
           4          19   1.6100705572546044E-015
           4          20  -1.7093438480399924E-015
           4          21   2.4161895603301972E-003
           4          22   6.9522391040118164E-017
           4          23   2.4161895603296282E-003
           4          24  -6.4299474415824896E-017
           4          25   1.2173412550669822E-017
           4          26   2.4161895603295475E-003
           4          27   3.4279792774733586E-002
           4          28  -1.2013733360858633E-016
           4          29   3.4279792774732018E-002
           4          30  -8.9341027252413343E-016
           4          31   2.5374581297434058E-016
           4          32   3.4279792774735300E-002
           4          33   3.9154154797995222E-002
           4          34  -1.0957953271115335E-016
           4          35   3.9154154797996873E-002
           4          36  -1.3906968992191855E-015
           4          37   7.7454539796055117E-016
           4          38   3.9154154797997671E-002
           5           1   4.4584047190310422E-002
           5           2   6.5903596775257645E-002
           5           3 -0.21155700443043746     
           5           4  0.46135409421899387     
           5           5  0.27477896463319668     
           5           6  -1.9616075717118341E-015
           5           7   1.6466737971076439E-014
           5           8   1.5736562476969431E-014
           5           9  -2.5305182687460577E-016
           5          10   4.1396386159320524E-015
           5          11   4.0037941798040678E-015
           5          12  -3.4980068385733750E-016
           5          13  -4.9106412007976763E-016
           5          14   1.1607925471592433E-016
           5          15  -4.1910648457365900E-016
           5          16   3.8009613722760175E-016
           5          17   9.7833800009140887E-016
           5          18  -3.6316781564488274E-016
           5          19   8.9552060122611062E-016
           5          20  -1.0777999929424304E-015
           5          21   1.4327306227475021E-003
           5          22   3.7152152955994641E-017
           5          23   1.4327306227471708E-003
           5          24  -3.9380990609723960E-017
           5          25   5.8342013013486118E-018
           5          26   1.4327306227471172E-003
           5          27   2.0395512743699325E-002
           5          28  -6.6942133963310769E-017
           5          29   2.0395512743698371E-002
           5          30  -5.3614936071882925E-016
           5          31   1.5026511266998847E-016
           5          32   2.0395512743700328E-002
           5          33   2.3300088320447040E-002
           5          34  -6.7991598421231992E-017
           5          35   2.3300088320448019E-002
           5          36  -8.2636877818508673E-016
           5          37   4.6321422755251172E-016
           5          38   2.3300088320448508E-002
           6           1  -1.7979034679073797E-015
           6           2   1.2297644331243322E-015
           6           3  -4.2456196775434830E-015
           6           4   1.0039006641946717E-014
           6           5  -1.9616075717118341E-015
           6           6   1.5010266382727793     
           6           7   6.1409211049579089E-016
           6           8  -3.1918911957973180E-015
           6           9  0.37629785489412571     
           6          10  -5.9587751399803245E-016
           6          11   2.0539125955565424E-015
           6          12   5.6168440450212916E-003
           6          13   7.3922259372776944E-016
           6          14  -2.6717994136560495E-015
           6          15   8.1193456937334388E-003
           6          16   6.0041218958445370E-015
           6          17   1.8758865988343894E-015
           6          18  -3.7501401124489303E-003
           6          19  -5.9410281056694642E-015
           6          20  -1.5423318004692498E-015
           6          21  -4.6696557549556999E-016
           6          22   6.5411346089973408E-016
           6          23   2.2894118817327041E-016
           6          24   6.9817056886999625E-016
           6          25   1.3796541589463062E-016
           6          26  -7.2243172477431485E-016
           6          27  -4.1121818203881252E-015
           6          28  -9.5479477978410002E-016
           6          29  -1.9079760392109575E-015
           6          30   6.9707940149883295E-016
           6          31  -3.8729762550026087E-015
           6          32  -2.8223757646130317E-016
           6          33   3.1845299840809219E-015
           6          34   2.6331308707337886E-015
           6          35  -3.8940225322617925E-015
           6          36   2.0011488895368219E-015
           6          37   2.1066100932655147E-015
           6          38  -2.3273500297788750E-015
           7           1  -6.3645347387146672E-015
           7           2  -2.2820711642851617E-015
           7           3   6.3716639674634579E-015
           7           4  -2.0353158483322344E-014
           7           5   1.6466737971076439E-014
           7           6   6.1409211049579089E-016
           7           7   1.5010266382727746     
           7           8  -2.9143354396410167E-016
           7           9   1.1232334506949830E-015
           7          10  0.37629785489412421     
           7          11  -1.5230872119076358E-015
           7          12   2.5030026879271881E-015
           7          13   5.6168440450301040E-003
           7          14   1.4789059733788462E-015
           7          15  -1.8697066464512619E-015
           7          16   8.1193456937230582E-003
           7          17  -1.5395670849294246E-015
           7          18   1.1055609552834693E-015
           7          19  -3.7501401124397766E-003
           7          20   1.9756331987030866E-015
           7          21   1.4461037577707703E-015
           7          22  -1.5881107836693924E-016
           7          23  -3.7129069714631898E-016
           7          24  -6.5059744580281815E-016
           7          25  -2.0832617258381193E-017
           7          26   3.7672267329814170E-017
           7          27   5.7672096236725429E-015
           7          28   1.6030350939273643E-015
           7          29   2.8775498330861091E-015
           7          30  -6.3505561647394362E-016
           7          31   3.1754831666438074E-015
           7          32   3.4159979145438340E-015
           7          33  -7.1133562896269390E-015
           7          34  -4.0442489896419759E-015
           7          35   1.0547895422275160E-016
           7          36  -2.3466052532775930E-015
           7          37  -2.6949262200781403E-015
           7          38  -6.0124371796754366E-016
           8           1  -3.6566756091334135E-015
           8           2   1.9952654228759490E-016
           8           3   1.2929090215889804E-015
           8           4  -1.3063139447974525E-014
           8           5   1.5736562476969431E-014
           8           6  -3.1918911957973180E-015
           8           7  -2.9143354396410167E-016
           8           8   1.5010266382727742     
           8           9   9.5062846483529068E-016
           8          10   2.8345381597461044E-015
           8          11  0.37629785489412237     
           8          12   2.1177721035159185E-015
           8          13  -3.1065644848227222E-015
           8          14   5.6168440450328830E-003
           8          15  -3.1963364247045677E-015
           8          16   2.7807617319908194E-015
           8          17   8.1193456937290794E-003
           8          18   2.5493387782737940E-015
           8          19  -1.9439744952665150E-015
           8          20  -3.7501401124407831E-003
           8          21   9.9127086048426423E-016
           8          22   5.1308240004016102E-017
           8          23  -8.5404174419086951E-017
           8          24   8.8106508406997365E-018
           8          25  -6.4109329966702884E-016
           8          26  -9.0638671541951477E-017
           8          27   3.7000187671123328E-015
           8          28   1.1293293506247536E-015
           8          29   1.5336412528914608E-015
           8          30   1.3228575387323487E-018
           8          31   4.4440634438052458E-015
           8          32   4.3764184459493315E-016
           8          33  -7.9049758576849205E-015
           8          34  -3.5509703430789349E-015
           8          35  -1.2705361174278218E-015
           8          36  -1.9615344966451940E-015
           8          37  -3.4448005954324727E-015
           8          38  -2.2974650638625528E-015
           9           1  -1.5450982489009485E-015
           9           2   7.6380307044701074E-016
           9           3  -1.9048237290258331E-015
           9           4   2.9173639323266054E-015
           9           5  -2.5305182687460577E-016
           9           6  0.37629785489412571     
           9           7   1.1232334506949830E-015
           9           8   9.5062846483529068E-016
           9           9   9.4335484785840029E-002
           9          10   8.9988780316297065E-017
           9          11   9.5409791178724410E-016
           9          12   1.4081071658139520E-003
           9          13   1.8891884042380954E-016
           9          14  -6.6320646890938454E-016
           9          15   2.0354684519174153E-003
           9          16   1.5103613889080880E-015
           9          17   4.7965104110758558E-016
           9          18  -9.4013633328296118E-004
           9          19  -1.4917452987933326E-015
           9          20  -3.9101751350689757E-016
           9          21  -1.1505248158930215E-016
           9          22   1.6398210288291017E-016
           9          23   5.9406904441247334E-017
           9          24   1.7502692034990169E-016
           9          25   3.4587046019412741E-017
           9          26  -1.7909624611165527E-016
           9          27  -1.0159295777949257E-015
           9          28  -2.3936099563690275E-016
           9          29  -4.6334922994755186E-016
           9          30   1.7475333992010719E-016
           9          31  -9.7093046652555236E-016
           9          32  -5.5786842639518449E-017
           9          33   8.1749962841654617E-016
           9          34   6.6010908441329028E-016
           9          35  -9.5704841301861938E-016
           9          36   5.0167526543296302E-016
           9          37   5.2811368668026371E-016
           9          38  -5.6429362327325249E-016
          10           1   2.3601519351671797E-015
          10           2  -3.4534443879074668E-016
          10           3   1.0278688048092677E-015
          10           4  -5.0981141007641478E-015
          10           5   4.1396386159320524E-015
          10           6  -5.9587751399803245E-016
          10           7  0.37629785489412421     
          10           8   2.8345381597461044E-015
          10           9   8.9988780316297065E-017
          10          10   9.4335484785839613E-002
          10          11   3.4781205693335051E-016
          10          12   6.2460887156889654E-016
          10          13   1.4081071658161605E-003
          10          14   3.8159850713342442E-016
          10          15  -4.7279346236662384E-016
          10          16   2.0354684519148123E-003
          10          17  -3.7036346212105517E-016
          10          18   2.7904145194577352E-016
          10          19  -9.4013633328066571E-004
          10          20   4.8804005541719444E-016
          10          21   3.5863564236359090E-016
          10          22  -3.9812912893021294E-017
          10          23  -9.6973568847240973E-017
          10          24  -1.6310062917034580E-016
          10          25  -5.2226091218738165E-018
          10          26   5.5508185274640514E-018
          10          27   1.4417501933711115E-015
          10          28   4.0187075344557870E-016
          10          29   7.1733082716785989E-016
          10          30  -1.5920439564071805E-016
          10          31   7.9607336734666390E-016
          10          32   8.5231640025544023E-016
          10          33  -1.7891962492790902E-015
          10          34  -1.0138674801301854E-015
          10          35   2.0519799263820333E-017
          10          36  -5.8827899113138988E-016
          10          37  -6.7560079106803713E-016
          10          38  -1.5665107264304000E-016
          11           1  -6.1595519733532630E-016
          11           2   5.3847035337646784E-017
          11           3   2.8489578328503372E-016
          11           4  -3.1770175297307237E-015
          11           5   4.0037941798040678E-015
          11           6   2.0539125955565424E-015
          11           7  -1.5230872119076358E-015
          11           8  0.37629785489412237     
          11           9   9.5409791178724410E-016
          11          10   3.4781205693335051E-016
          11          11   9.4335484785838669E-002
          11          12   5.4158609021081411E-016
          11          13  -7.8423053641308026E-016
          11          14   1.4081071658168505E-003
          11          15  -7.8591104978045192E-016
          11          16   6.8928153115765866E-016
          11          17   2.0354684519163111E-003
          11          18   6.3198144634180172E-016
          11          19  -4.8371679925440987E-016
          11          20  -9.4013633328091345E-004
          11          21   2.4854158600786077E-016
          11          22   1.2862668173130895E-017
          11          23  -2.1373981747770135E-017
          11          24   2.2087860352679689E-018
          11          25  -1.6071801711518062E-016
          11          26  -2.2686270089920725E-017
          11          27   9.3181274136247712E-016
          11          28   2.8311570195824710E-016
          11          29   3.8871566669031349E-016
          11          30   3.3167218291293863E-019
          11          31   1.1140984427256430E-015
          11          32   1.1395553967516596E-016
          11          33  -1.9770727073008342E-015
          11          34  -8.9020567809995466E-016
          11          35  -3.1386091439784484E-016
          11          36  -4.9174420559252823E-016
          11          37  -8.6358959657871713E-016
          11          38  -5.7130542152127422E-016
          12           1   4.8380816269305900E-015
          12           2   1.4527914072654249E-016
          12           3  -3.5006186585718087E-016
          12           4  -5.5622564599826676E-016
          12           5  -3.4980068385733750E-016
          12           6   5.6168440450212916E-003
          12           7   2.5030026879271881E-015
          12           8   2.1177721035159185E-015
          12           9   1.4081071658139520E-003
          12          10   6.2460887156889654E-016
          12          11   5.4158609021081411E-016
          12          12   2.1018239325090413E-005
          12          13   1.2121306173016062E-017
          12          14  -2.0277968756713706E-018
          12          15   3.0382604358926932E-005
          12          16   3.5994982730929665E-017
          12          17   1.8537739567211305E-017
          12          18  -1.4033030203314617E-005
          12          19  -2.8479603497066653E-017
          12          20  -1.1091896444303212E-017
          12          21  -8.3909531836563568E-018
          12          22   2.4477504880519563E-018
          12          23  -5.7870366483923722E-018
          12          24   2.6124750434972861E-018
          12          25   5.1620898726134876E-019
          12          26  -9.3470570357658128E-018
          12          27  -4.6427159645171379E-017
          12          28  -3.5728578343346849E-018
          12          29  -3.8179408406682884E-017
          12          30   2.6081742349453546E-018
          12          31  -1.4491939072200368E-017
          12          32  -3.2095416881102597E-017
          12          33  -2.5368239584164228E-017
          12          34   9.8523634252003601E-018
          12          35  -5.1855066118340687E-017
          12          36   7.4878572090568954E-018
          12          37   7.8822636457041208E-018
          12          38  -4.5993034005376158E-017
          13           1  -1.1893608980215504E-015
          13           2  -5.0597532236016557E-016
          13           3   1.1391087612721277E-015
          13           4  -9.9729820479031641E-016
          13           5  -4.9106412007976763E-016
          13           6   7.3922259372776944E-016
          13           7   5.6168440450301040E-003
          13           8  -3.1065644848227222E-015
          13           9   1.8891884042380954E-016
          13          10   1.4081071658161605E-003
          13          11  -7.8423053641308026E-016
          13          12   1.2121306173016062E-017
          13          13   2.1018239325156441E-005
          13          14  -6.0869905171862031E-018
          13          15  -3.0101433362741064E-018
          13          16   3.0382604358935863E-005
          13          17  -2.2560722550091656E-017
          13          18   2.2959622128705793E-018
          13          19  -1.4033030203302427E-005
          13          20   1.5151725360483538E-017
          13          21   3.8443898863703733E-018
          13          22  -5.9415544201771095E-019
          13          23  -2.9559726305436214E-018
          13          24  -2.4343804113071973E-018
          13          25  -7.7984177719780695E-020
          13          26  -1.4258601591459428E-018
          13          27  -1.5383748720292481E-017
          13          28   5.9987378274306621E-018
          13          29  -2.6196793317901532E-017
          13          30  -2.3762536110905803E-018
          13          31   1.1881869396409100E-017
          13          32  -2.4181540163899852E-017
          13          33  -6.9609366412312595E-017
          13          34  -1.5133018258039501E-017
          13          35  -4.2597482529340993E-017
          13          36  -8.7806040194191906E-018
          13          37  -1.0083633566050292E-017
          13          38  -4.5241915010779270E-017
          14           1   4.9709817471216988E-015
          14           2   2.9231107584301371E-016
          14           3  -7.3734651478023171E-016
          14           4   2.7019399335859880E-017
          14           5   1.1607925471592433E-016
          14           6  -2.6717994136560495E-015
          14           7   1.4789059733788462E-015
          14           8   5.6168440450328830E-003
          14           9  -6.6320646890938454E-016
          14          10   3.8159850713342442E-016
          14          11   1.4081071658168505E-003
          14          12  -2.0277968756713706E-018
          14          13  -6.0869905171862031E-018
          14          14   2.1018239325177237E-005
          14          15  -2.6347383340656652E-017
          14          16   1.8410684625052375E-017
          14          17   3.0382604358973427E-005
          14          18   1.6184682039652121E-017
          14          19  -1.0971406007531049E-017
          14          20  -1.4033030203313140E-005
          14          21  -9.6691306066101126E-019
          14          22   1.9211866218614703E-019
          14          23  -4.9956096126307611E-018
          14          24   3.3050296081807884E-020
          14          25  -2.3989331943063553E-018
          14          26  -5.0154245961527765E-018
          14          27   1.1895654316538923E-017
          14          28   4.2259441727238078E-018
          14          29   3.7892274873490125E-018
          14          30   5.2261562198296997E-021
          14          31   1.6629231539841962E-017
          14          32  -3.1220295198140253E-019
          14          33  -3.3486075004543464E-017
          14          34  -1.3287340740265805E-017
          14          35  -8.6610728749429563E-018
          14          36  -7.3397376816167704E-018
          14          37  -1.2890057605858493E-017
          14          38  -1.2503400616493747E-017
          15           1  -2.8132615208462466E-015
          15           2  -4.3304917733786518E-016
          15           3   1.0097995877989665E-015
          15           4  -6.2104506813030835E-016
          15           5  -4.1910648457365900E-016
          15           6   8.1193456937334388E-003
          15           7  -1.8697066464512619E-015
          15           8  -3.1963364247045677E-015
          15           9   2.0354684519174153E-003
          15          10  -4.7279346236662384E-016
          15          11  -7.8591104978045192E-016
          15          12   3.0382604358926932E-005
          15          13  -3.0101433362741064E-018
          15          14  -2.6347383340656652E-017
          15          15   4.3919123632574282E-005
          15          16   2.2347376126537909E-017
          15          17  -7.0515492856640788E-018
          15          18  -2.0285238915021095E-005
          15          19  -2.7456361226987309E-017
          15          20  -4.0064658407754532E-019
          15          21  -1.7751945932275078E-018
          15          22   3.5382105798522699E-018
          15          23   1.9891498009082199E-018
          15          24   3.7765642055237484E-018
          15          25   7.4629874300029357E-019
          15          26  -3.1570171711985679E-018
          15          27  -4.7565677386451205E-017
          15          28  -5.1646669168698277E-018
          15          29  -3.5642584462912041E-017
          15          30   3.7707255427376352E-018
          15          31  -2.0949901256479065E-017
          15          32  -2.6848787343189641E-017
          15          33  -1.1540380867623753E-017
          15          34   1.4243357020612954E-017
          15          35  -4.9829981334321654E-017
          15          36   1.0824734650622351E-017
          15          37   1.1395262014111638E-017
          15          38  -4.1355410128770581E-017
          16           1  -1.5096015881615855E-015
          16           2   8.4731517457889778E-016
          16           3  -1.5221984098289853E-015
          16           4   3.7587824933958964E-016
          16           5   3.8009613722760175E-016
          16           6   6.0041218958445370E-015
          16           7   8.1193456937230582E-003
          16           8   2.7807617319908194E-015
          16           9   1.5103613889080880E-015
          16          10   2.0354684519148123E-003
          16          11   6.8928153115765866E-016
          16          12   3.5994982730929665E-017
          16          13   3.0382604358935863E-005
          16          14   1.8410684625052375E-017
          16          15   2.2347376126537909E-017
          16          16   4.3919123632462135E-005
          16          17   6.7199358870521175E-018
          16          18  -9.0120070423130745E-018
          16          19  -2.0285238914945709E-005
          16          20   3.7356270556260833E-018
          16          21   1.0170795277004334E-017
          16          22  -8.5907397611517410E-019
          16          23   3.4005773611389299E-019
          16          24  -3.5192541219501394E-018
          16          25  -1.1267935297607241E-019
          16          26   2.5522847118528460E-018
          16          27   4.6812046710617236E-017
          16          28   8.6710772488914370E-018
          16          29   3.1181294030102379E-017
          16          30  -3.4351763418677597E-018
          16          31   1.7177039636896159E-017
          16          32   3.4093753622273816E-017
          16          33  -1.6942492711253963E-017
          16          34  -2.1876297277969908E-017
          16          35   2.2105889515332134E-017
          16          36  -1.2693361260893933E-017
          16          37  -1.4577610795127142E-017
          16          38   1.8283052284184867E-017
          17           1  -2.7500624086440092E-015
          17           2  -3.3912407230456004E-016
          17           3   4.1922682511287346E-016
          17           4   1.4421482005691374E-015
          17           5   9.7833800009140887E-016
          17           6   1.8758865988343894E-015
          17           7  -1.5395670849294246E-015
          17           8   8.1193456937290794E-003
          17           9   4.7965104110758558E-016
          17          10  -3.7036346212105517E-016
          17          11   2.0354684519163111E-003
          17          12   1.8537739567211305E-017
          17          13  -2.2560722550091656E-017
          17          14   3.0382604358973427E-005
          17          15  -7.0515492856640788E-018
          17          16   6.7199358870521175E-018
          17          17   4.3919123632527268E-005
          17          18   9.0615584697120297E-018
          17          19  -6.6714432507846299E-018
          17          20  -2.0285238914966197E-005
          17          21   1.3199799395055630E-017
          17          22   2.7750024638477984E-019
          17          23   7.3757889729215156E-018
          17          24   4.7634882717955058E-020
          17          25  -3.4678100238744815E-018
          17          26   7.3475411070614923E-018
          17          27   9.3328614861254388E-017
          17          28   6.1087649578396952E-018
          17          29   8.1610209407256740E-017
          17          30   7.0748465314361609E-021
          17          31   2.4038940308016156E-017
          17          32   7.5681793150197106E-017
          17          33   4.0456928771291190E-017
          17          34  -1.9208006615952497E-017
          17          35   7.6344223112216956E-017
          17          36  -1.0610418276168836E-017
          17          37  -1.8633712517360401E-017
          17          38   7.0789234951517844E-017
          18           1   9.5695990815733599E-016
          18           2  -1.6151365217614427E-016
          18           3   3.7582006010813621E-016
          18           4  -6.4561305183435305E-016
          18           5  -3.6316781564488274E-016
          18           6  -3.7501401124489303E-003
          18           7   1.1055609552834693E-015
          18           8   2.5493387782737940E-015
          18           9  -9.4013633328296118E-004
          18          10   2.7904145194577352E-016
          18          11   6.3198144634180172E-016
          18          12  -1.4033030203314617E-005
          18          13   2.2959622128705793E-018
          18          14   1.6184682039652121E-017
          18          15  -2.0285238915021095E-005
          18          16  -9.0120070423130745E-018
          18          17   9.0615584697120297E-018
          18          18   9.3692879960105010E-006
          18          19   1.2076598715255074E-017
          18          20  -2.4964178537922353E-018
          18          21  -1.6638153194353039E-018
          18          22  -1.6342213768584861E-018
          18          23  -3.4024716118864998E-018
          18          24  -1.7443046701009181E-018
          18          25  -3.4469546029785208E-019
          18          26  -1.0255756827150738E-018
          18          27  -1.7152853804424379E-017
          18          28   2.3854422559790516E-018
          18          29  -2.2659838452977497E-017
          18          30  -1.7415971447066237E-018
          18          31   9.6762434742970587E-018
          18          32  -2.6721515814700702E-017
          18          33  -4.0082826384624733E-017
          18          34  -6.5786404696822736E-018
          18          35  -2.2397791365892666E-017
          18          36  -4.9996753629550222E-018
          18          37  -5.2631775362814957E-018
          18          38  -2.6311979292270826E-017
          19           1   6.6087709950737768E-015
          19           2  -5.8872977511921961E-016
          19           3   4.4233872806947379E-016
          19           4   1.6100705572546044E-015
          19           5   8.9552060122611062E-016
          19           6  -5.9410281056694642E-015
          19           7  -3.7501401124397766E-003
          19           8  -1.9439744952665150E-015
          19           9  -1.4917452987933326E-015
          19          10  -9.4013633328066571E-004
          19          11  -4.8371679925440987E-016
          19          12  -2.8479603497066653E-017
          19          13  -1.4033030203302427E-005
          19          14  -1.0971406007531049E-017
          19          15  -2.7456361226987309E-017
          19          16  -2.0285238914945709E-005
          19          17  -6.6714432507846299E-018
          19          18   1.2076598715255074E-017
          19          19   9.3692879959647917E-006
          19          20  -7.7503514680184909E-020
          19          21  -4.2359327800356353E-018
          19          22   3.9678088659671558E-019
          19          23   3.0464372813328302E-019
          19          24   1.6254552655212422E-018
          19          25   5.2045427681035344E-020
          19          26  -7.1712205314528134E-019
          19          27   5.7746917441872848E-017
          19          28  -4.0049811167507021E-018
          19          29   6.4966401366513184E-017
          19          30   1.5866231845123951E-018
          19          31  -7.9336425167316573E-018
          19          32   6.3621184078793375E-017
          19          33   9.3765690790284558E-017
          19          34   1.0104133347110929E-017
          19          35   7.5730185925616221E-017
          19          36   5.8627536695364835E-018
          19          37   6.7330262221590497E-018
          19          38   7.7495860841800333E-017
          20           1  -1.6500872177366623E-015
          20           2   1.1015151666349175E-016
          20           3   2.2259731605805850E-016
          20           4  -1.7093438480399924E-015
          20           5  -1.0777999929424304E-015
          20           6  -1.5423318004692498E-015
          20           7   1.9756331987030866E-015
          20           8  -3.7501401124407831E-003
          20           9  -3.9101751350689757E-016
          20          10   4.8804005541719444E-016
          20          11  -9.4013633328091345E-004
          20          12  -1.1091896444303212E-017
          20          13   1.5151725360483538E-017
          20          14  -1.4033030203313140E-005
          20          15  -4.0064658407754532E-019
          20          16   3.7356270556260833E-018
          20          17  -2.0285238914966197E-005
          20          18  -2.4964178537922353E-018
          20          19  -7.7503514680184909E-020
          20          20   9.3692879959698214E-006
          20          21  -6.7506959631631388E-018
          20          22  -1.2817711770434945E-019
          20          23  -4.0607297770155632E-018
          20          24  -2.2005466394264638E-020
          20          25   1.6017002234566956E-018
          20          26  -4.0476714663347219E-018
          20          27  -8.8456770007808147E-017
          20          28  -2.8214984480593287E-018
          20          29  -8.3044314477361865E-017
          20          30  -3.2813810877846820E-021
          20          31  -1.1103014007858561E-017
          20          32  -8.0306104719357806E-017
          20          33  -6.8627717929825850E-017
          20          34   8.8717194224582664E-018
          20          35  -8.5203184975347434E-017
          20          36   4.9006933546598991E-018
          20          37   8.6064663200199976E-018
          20          38  -8.2637484860658143E-017
          21           1  -1.9128456901445334E-003
          21           2  -3.2086578001999931E-005
          21           3  -3.4966849280305506E-004
          21           4   2.4161895603301972E-003
          21           5   1.4327306227475021E-003
          21           6  -4.6696557549556999E-016
          21           7   1.4461037577707703E-015
          21           8   9.9127086048426423E-016
          21           9  -1.1505248158930215E-016
          21          10   3.5863564236359090E-016
          21          11   2.4854158600786077E-016
          21          12  -8.3909531836563568E-018
          21          13   3.8443898863703733E-018
          21          14  -9.6691306066101126E-019
          21          15  -1.7751945932275078E-018
          21          16   1.0170795277004334E-017
          21          17   1.3199799395055630E-017
          21          18  -1.6638153194353039E-018
          21          19  -4.2359327800356353E-018
          21          20  -6.7506959631631388E-018
          21          21   9.8161106302605022E-006
          21          22   2.4095571346193061E-018
          21          23   9.8161106302553624E-006
          21          24   6.1882664551815450E-019
          21          25   4.6383410846574842E-019
          21          26   9.8161106302573427E-006
          21          27   1.1129295742724735E-004
          21          28  -2.9279831000618108E-018
          21          29   1.1129295742724945E-004
          21          30  -1.4377323425231098E-018
          21          31   1.5895251137771659E-018
          21          32   1.1129295742726070E-004
          21          33   1.2691664678171323E-004
          21          34   1.2860724511642104E-018
          21          35   1.2691664678172066E-004
          21          36  -4.8244517643629631E-018
          21          37   7.3733322675943846E-020
          21          38   1.2691664678171730E-004
          22           1  -2.3682190867204108E-015
          22           2   7.4996360504076942E-017
          22           3  -4.6507791415428452E-017
          22           4   6.9522391040118164E-017
          22           5   3.7152152955994641E-017
          22           6   6.5411346089973408E-016
          22           7  -1.5881107836693924E-016
          22           8   5.1308240004016102E-017
          22           9   1.6398210288291017E-016
          22          10  -3.9812912893021294E-017
          22          11   1.2862668173130895E-017
          22          12   2.4477504880519563E-018
          22          13  -5.9415544201771095E-019
          22          14   1.9211866218614703E-019
          22          15   3.5382105798522699E-018
          22          16  -8.5907397611517410E-019
          22          17   2.7750024638477984E-019
          22          18  -1.6342213768584861E-018
          22          19   3.9678088659671558E-019
          22          20  -1.2817711770434945E-019
          22          21   2.4095571346193061E-018
          22          22   6.2050269613021584E-030
          22          23   2.4095571346111926E-018
          22          24   3.6933400473614114E-030
          22          25  -3.1625759022905033E-031
          22          26   2.4095571346147733E-018
          22          27   3.9036289356437777E-018
          22          28  -5.3457723216900723E-030
          22          29   3.9036289356565682E-018
          22          30   3.1639670391943595E-030
          22          31  -2.0135393424439932E-030
          22          32   3.9036289356632512E-018
          22          33   5.9692987917491342E-018
          22          34   5.1362890127619979E-030
          22          35   5.9692987917502274E-018
          22          36  -9.2309256630432175E-031
          22          37  -3.6279697136214230E-030
          22          38   5.9692987917349502E-018
          23           1  -1.9128456901411363E-003
          23           2  -3.2086578001933199E-005
          23           3  -3.4966849280320224E-004
          23           4   2.4161895603296282E-003
          23           5   1.4327306227471708E-003
          23           6   2.2894118817327041E-016
          23           7  -3.7129069714631898E-016
          23           8  -8.5404174419086951E-017
          23           9   5.9406904441247334E-017
          23          10  -9.6973568847240973E-017
          23          11  -2.1373981747770135E-017
          23          12  -5.7870366483923722E-018
          23          13  -2.9559726305436214E-018
          23          14  -4.9956096126307611E-018
          23          15   1.9891498009082199E-018
          23          16   3.4005773611389299E-019
          23          17   7.3757889729215156E-018
          23          18  -3.4024716118864998E-018
          23          19   3.0464372813328302E-019
          23          20  -4.0607297770155632E-018
          23          21   9.8161106302553624E-006
          23          22   2.4095571346111926E-018
          23          23   9.8161106302502226E-006
          23          24   6.1882664551504268E-019
          23          25   4.6383410846745306E-019
          23          26   9.8161106302522046E-006
          23          27   1.1129295742721892E-004
          23          28  -2.9279831000548509E-018
          23          29   1.1129295742722102E-004
          23          30  -1.4377323425231742E-018
          23          31   1.5895251137582760E-018
          23          32   1.1129295742723227E-004
          23          33   1.2691664678167946E-004
          23          34   1.2860724511756359E-018
          23          35   1.2691664678168683E-004
          23          36  -4.8244517643457507E-018
          23          37   7.3733322700254859E-020
          23          38   1.2691664678168352E-004
          24           1  -9.9071986497678272E-016
          24           2   1.3776234314890156E-016
          24           3  -1.8885892809714660E-016
          24           4  -6.4299474415824896E-017
          24           5  -3.9380990609723960E-017
          24           6   6.9817056886999625E-016
          24           7  -6.5059744580281815E-016
          24           8   8.8106508406997365E-018
          24           9   1.7502692034990169E-016
          24          10  -1.6310062917034580E-016
          24          11   2.2087860352679689E-018
          24          12   2.6124750434972861E-018
          24          13  -2.4343804113071973E-018
          24          14   3.3050296081807884E-020
          24          15   3.7765642055237484E-018
          24          16  -3.5192541219501394E-018
          24          17   4.7634882717955058E-020
          24          18  -1.7443046701009181E-018
          24          19   1.6254552655212422E-018
          24          20  -2.2005466394264638E-020
          24          21   6.1882664551815450E-019
          24          22   3.6933400473614114E-030
          24          23   6.1882664551504268E-019
          24          24   3.0092535938719179E-030
          24          25  -2.3607598148936796E-031
          24          26   6.1882664551628414E-019
          24          27  -3.5241525936084531E-018
          24          28  -3.4081613522668102E-030
          24          29  -3.5241525935994397E-018
          24          30   2.9387329142612069E-030
          24          31  -6.0176007865408973E-030
          24          32  -3.5241525935959091E-018
          24          33  -2.9623497744188369E-018
          24          34   7.4768122000952688E-030
          24          35  -2.9623497744271064E-018
          24          36   2.3231733294610609E-030
          24          37   1.8504856946757598E-030
          24          38  -2.9623497744338456E-018
          25           1  -3.4600819089639774E-016
          25           2  -1.2788515466603709E-016
          25           3   2.3846204177602548E-016
          25           4   1.2173412550669822E-017
          25           5   5.8342013013486118E-018
          25           6   1.3796541589463062E-016
          25           7  -2.0832617258381193E-017
          25           8  -6.4109329966702884E-016
          25           9   3.4587046019412741E-017
          25          10  -5.2226091218738165E-018
          25          11  -1.6071801711518062E-016
          25          12   5.1620898726134876E-019
          25          13  -7.7984177719780695E-020
          25          14  -2.3989331943063553E-018
          25          15   7.4629874300029357E-019
          25          16  -1.1267935297607241E-019
          25          17  -3.4678100238744815E-018
          25          18  -3.4469546029785208E-019
          25          19   5.2045427681035344E-020
          25          20   1.6017002234566956E-018
          25          21   4.6383410846574842E-019
          25          22  -3.1625759022905033E-031
          25          23   4.6383410846745306E-019
          25          24  -2.3607598148936796E-031
          25          25   6.4655765228472462E-031
          25          26   4.6383410846698717E-019
          25          27   1.8490767376592124E-018
          25          28  -5.3179593617166419E-031
          25          29   1.8490767376610520E-018
          25          30   4.4544577926917145E-031
          25          31  -2.8910184756672298E-030
          25          32   1.8490767376601052E-018
          25          33   1.8256959647487831E-018
          25          34   2.6717773479633186E-030
          25          35   1.8256959647430204E-018
          25          36   2.0272199249037700E-030
          25          37   2.6783297181679497E-030
          25          38   1.8256959647460664E-018
          26           1  -1.9128456901433069E-003
          26           2  -3.2086578002194383E-005
          26           3  -3.4966849280263201E-004
          26           4   2.4161895603295475E-003
          26           5   1.4327306227471172E-003
          26           6  -7.2243172477431485E-016
          26           7   3.7672267329814170E-017
          26           8  -9.0638671541951477E-017
          26           9  -1.7909624611165527E-016
          26          10   5.5508185274640514E-018
          26          11  -2.2686270089920725E-017
          26          12  -9.3470570357658128E-018
          26          13  -1.4258601591459428E-018
          26          14  -5.0154245961527765E-018
          26          15  -3.1570171711985679E-018
          26          16   2.5522847118528460E-018
          26          17   7.3475411070614923E-018
          26          18  -1.0255756827150738E-018
          26          19  -7.1712205314528134E-019
          26          20  -4.0476714663347219E-018
          26          21   9.8161106302573427E-006
          26          22   2.4095571346147733E-018
          26          23   9.8161106302522046E-006
          26          24   6.1882664551628414E-019
          26          25   4.6383410846698717E-019
          26          26   9.8161106302541850E-006
          26          27   1.1129295742721874E-004
          26          28  -2.9279831000590640E-018
          26          29   1.1129295742722084E-004
          26          30  -1.4377323425227601E-018
          26          31   1.5895251137677000E-018
          26          32   1.1129295742723210E-004
          26          33   1.2691664678167951E-004
          26          34   1.2860724511714274E-018
          26          35   1.2691664678168691E-004
          26          36  -4.8244517643535977E-018
          26          37   7.3733322688222419E-020
          26          38   1.2691664678168358E-004
          27           1   3.7673478969514336E-004
          27           2   2.1700581731247236E-003
          27           3  -1.0770366347509969E-002
          27           4   3.4279792774733586E-002
          27           5   2.0395512743699325E-002
          27           6  -4.1121818203881252E-015
          27           7   5.7672096236725429E-015
          27           8   3.7000187671123328E-015
          27           9  -1.0159295777949257E-015
          27          10   1.4417501933711115E-015
          27          11   9.3181274136247712E-016
          27          12  -4.6427159645171379E-017
          27          13  -1.5383748720292481E-017
          27          14   1.1895654316538923E-017
          27          15  -4.7565677386451205E-017
          27          16   4.6812046710617236E-017
          27          17   9.3328614861254388E-017
          27          18  -1.7152853804424379E-017
          27          19   5.7746917441872848E-017
          27          20  -8.8456770007808147E-017
          27          21   1.1129295742724735E-004
          27          22   3.9036289356437777E-018
          27          23   1.1129295742721892E-004
          27          24  -3.5241525936084531E-018
          27          25   1.8490767376592124E-018
          27          26   1.1129295742721874E-004
          27          27   1.5404654366901883E-003
          27          28  -5.6575044966191604E-018
          27          29   1.5404654366901306E-003
          27          30  -3.6197105253015893E-017
          27          31   1.0075894988418648E-017
          27          32   1.5404654366902731E-003
          27          33   1.7514750012041238E-003
          27          34  -5.1759499480824605E-018
          27          35   1.7514750012041984E-003
          27          36  -6.3479335686263857E-017
          27          37   3.8482616050778832E-017
          27          38   1.7514750012042302E-003
          28           1   2.8159080187788236E-015
          28           2  -1.6970566446635837E-016
          28           3   2.0535132909517598E-016
          28           4  -1.2013733360858633E-016
          28           5  -6.6942133963310769E-017
          28           6  -9.5479477978410002E-016
          28           7   1.6030350939273643E-015
          28           8   1.1293293506247536E-015
          28           9  -2.3936099563690275E-016
          28          10   4.0187075344557870E-016
          28          11   2.8311570195824710E-016
          28          12  -3.5728578343346849E-018
          28          13   5.9987378274306621E-018
          28          14   4.2259441727238078E-018
          28          15  -5.1646669168698277E-018
          28          16   8.6710772488914370E-018
          28          17   6.1087649578396952E-018
          28          18   2.3854422559790516E-018
          28          19  -4.0049811167507021E-018
          28          20  -2.8214984480593287E-018
          28          21  -2.9279831000618108E-018
          28          22  -5.3457723216900723E-030
          28          23  -2.9279831000548509E-018
          28          24  -3.4081613522668102E-030
          28          25  -5.3179593617166419E-031
          28          26  -2.9279831000590640E-018
          28          27  -5.6575044966191604E-018
          28          28   9.4516930955188834E-030
          28          29  -5.6575044966343583E-018
          28          30  -2.4937812546682244E-030
          28          31   5.3245394957380031E-030
          28          32  -5.6575044966406222E-018
          28          33  -8.5330739466290085E-018
          28          34  -9.7004717578786697E-030
          28          35  -8.5330739466245388E-018
          28          36  -1.8986822604427634E-030
          28          37   2.2867530545012288E-030
          28          38  -8.5330739466070652E-018
          29           1   3.7673478968830746E-004
          29           2   2.1700581731236169E-003
          29           3  -1.0770366347507405E-002
          29           4   3.4279792774732018E-002
          29           5   2.0395512743698371E-002
          29           6  -1.9079760392109575E-015
          29           7   2.8775498330861091E-015
          29           8   1.5336412528914608E-015
          29           9  -4.6334922994755186E-016
          29          10   7.1733082716785989E-016
          29          11   3.8871566669031349E-016
          29          12  -3.8179408406682884E-017
          29          13  -2.6196793317901532E-017
          29          14   3.7892274873490125E-018
          29          15  -3.5642584462912041E-017
          29          16   3.1181294030102379E-017
          29          17   8.1610209407256740E-017
          29          18  -2.2659838452977497E-017
          29          19   6.4966401366513184E-017
          29          20  -8.3044314477361865E-017
          29          21   1.1129295742724945E-004
          29          22   3.9036289356565682E-018
          29          23   1.1129295742722102E-004
          29          24  -3.5241525935994397E-018
          29          25   1.8490767376610520E-018
          29          26   1.1129295742722084E-004
          29          27   1.5404654366901306E-003
          29          28  -5.6575044966343583E-018
          29          29   1.5404654366900725E-003
          29          30  -3.6197105253001965E-017
          29          31   1.0075894988398597E-017
          29          32   1.5404654366902152E-003
          29          33   1.7514750012040576E-003
          29          34  -5.1759499480507690E-018
          29          35   1.7514750012041329E-003
          29          36  -6.3479335686253084E-017
          29          37   3.8482616050784551E-017
          29          38   1.7514750012041645E-003
          30           1  -1.2565194098825379E-015
          30           2  -4.3355379690766054E-016
          30           3   1.0005038053556754E-015
          30           4  -8.9341027252413343E-016
          30           5  -5.3614936071882925E-016
          30           6   6.9707940149883295E-016
          30           7  -6.3505561647394362E-016
          30           8   1.3228575387323487E-018
          30           9   1.7475333992010719E-016
          30          10  -1.5920439564071805E-016
          30          11   3.3167218291293863E-019
          30          12   2.6081742349453546E-018
          30          13  -2.3762536110905803E-018
          30          14   5.2261562198296997E-021
          30          15   3.7707255427376352E-018
          30          16  -3.4351763418677597E-018
          30          17   7.0748465314361609E-021
          30          18  -1.7415971447066237E-018
          30          19   1.5866231845123951E-018
          30          20  -3.2813810877846820E-021
          30          21  -1.4377323425231098E-018
          30          22   3.1639670391943595E-030
          30          23  -1.4377323425231742E-018
          30          24   2.9387329142612069E-030
          30          25   4.4544577926917145E-031
          30          26  -1.4377323425227601E-018
          30          27  -3.6197105253015893E-017
          30          28  -2.4937812546682244E-030
          30          29  -3.6197105253001965E-017
          30          30   6.1282873374672972E-030
          30          31  -1.0194578691608435E-029
          30          32  -3.6197105253006260E-017
          30          33  -4.1839965416988484E-017
          30          34   1.1173669732133890E-029
          30          35  -4.1839965417007589E-017
          30          36   6.3923499131378672E-030
          30          37   5.9365436212120470E-030
          30          38  -4.1839965417008150E-017
          31           1  -9.8670678149914259E-016
          31           2   2.3883085818447767E-016
          31           3  -4.3200743258723146E-016
          31           4   2.5374581297434058E-016
          31           5   1.5026511266998847E-016
          31           6  -3.8729762550026087E-015
          31           7   3.1754831666438074E-015
          31           8   4.4440634438052458E-015
          31           9  -9.7093046652555236E-016
          31          10   7.9607336734666390E-016
          31          11   1.1140984427256430E-015
          31          12  -1.4491939072200368E-017
          31          13   1.1881869396409100E-017
          31          14   1.6629231539841962E-017
          31          15  -2.0949901256479065E-017
          31          16   1.7177039636896159E-017
          31          17   2.4038940308016156E-017
          31          18   9.6762434742970587E-018
          31          19  -7.9336425167316573E-018
          31          20  -1.1103014007858561E-017
          31          21   1.5895251137771659E-018
          31          22  -2.0135393424439932E-030
          31          23   1.5895251137582760E-018
          31          24  -6.0176007865408973E-030
          31          25  -2.8910184756672298E-030
          31          26   1.5895251137677000E-018
          31          27   1.0075894988418648E-017
          31          28   5.3245394957380031E-030
          31          29   1.0075894988398597E-017
          31          30  -1.0194578691608435E-029
          31          31   5.4538498969513488E-029
          31          32   1.0075894988396030E-017
          31          33   1.2794080875689806E-017
          31          34  -4.4793962404428702E-029
          31          35   1.2794080875775568E-017
          31          36  -2.9976822372872023E-029
          31          37  -4.5280751664109950E-029
          31          38   1.2794080875759403E-017
          32           1   3.7673478968720179E-004
          32           2   2.1700581731244730E-003
          32           3  -1.0770366347509533E-002
          32           4   3.4279792774735300E-002
          32           5   2.0395512743700328E-002
          32           6  -2.8223757646130317E-016
          32           7   3.4159979145438340E-015
          32           8   4.3764184459493315E-016
          32           9  -5.5786842639518449E-017
          32          10   8.5231640025544023E-016
          32          11   1.1395553967516596E-016
          32          12  -3.2095416881102597E-017
          32          13  -2.4181540163899852E-017
          32          14  -3.1220295198140253E-019
          32          15  -2.6848787343189641E-017
          32          16   3.4093753622273816E-017
          32          17   7.5681793150197106E-017
          32          18  -2.6721515814700702E-017
          32          19   6.3621184078793375E-017
          32          20  -8.0306104719357806E-017
          32          21   1.1129295742726070E-004
          32          22   3.9036289356632512E-018
          32          23   1.1129295742723227E-004
          32          24  -3.5241525935959091E-018
          32          25   1.8490767376601052E-018
          32          26   1.1129295742723210E-004
          32          27   1.5404654366902731E-003
          32          28  -5.6575044966406222E-018
          32          29   1.5404654366902152E-003
          32          30  -3.6197105253006260E-017
          32          31   1.0075894988396030E-017
          32          32   1.5404654366903579E-003
          32          33   1.7514750012042229E-003
          32          34  -5.1759499480498461E-018
          32          35   1.7514750012042979E-003
          32          36  -6.3479335686261256E-017
          32          37   3.8482616050783454E-017
          32          38   1.7514750012043298E-003
          33           1  -1.4113196389747775E-004
          33           2   3.4574034187255225E-003
          33           3  -1.4009479536320212E-002
          33           4   3.9154154797995222E-002
          33           5   2.3300088320447040E-002
          33           6   3.1845299840809219E-015
          33           7  -7.1133562896269390E-015
          33           8  -7.9049758576849205E-015
          33           9   8.1749962841654617E-016
          33          10  -1.7891962492790902E-015
          33          11  -1.9770727073008342E-015
          33          12  -2.5368239584164228E-017
          33          13  -6.9609366412312595E-017
          33          14  -3.3486075004543464E-017
          33          15  -1.1540380867623753E-017
          33          16  -1.6942492711253963E-017
          33          17   4.0456928771291190E-017
          33          18  -4.0082826384624733E-017
          33          19   9.3765690790284558E-017
          33          20  -6.8627717929825850E-017
          33          21   1.2691664678171323E-004
          33          22   5.9692987917491342E-018
          33          23   1.2691664678167946E-004
          33          24  -2.9623497744188369E-018
          33          25   1.8256959647487831E-018
          33          26   1.2691664678167951E-004
          33          27   1.7514750012041238E-003
          33          28  -8.5330739466290085E-018
          33          29   1.7514750012040576E-003
          33          30  -4.1839965416988484E-017
          33          31   1.2794080875689806E-017
          33          32   1.7514750012042229E-003
          33          33   1.9952205603436975E-003
          33          34  -4.3128893941841974E-018
          33          35   1.9952205603437846E-003
          33          36  -7.1956134446871905E-017
          33          37   3.9773323001637263E-017
          33          38   1.9952205603438176E-003
          34           1  -1.8654506270226388E-015
          34           2   1.4978710802594549E-016
          34           3  -1.6398205486588278E-016
          34           4  -1.0957953271115335E-016
          34           5  -6.7991598421231992E-017
          34           6   2.6331308707337886E-015
          34           7  -4.0442489896419759E-015
          34           8  -3.5509703430789349E-015
          34           9   6.6010908441329028E-016
          34          10  -1.0138674801301854E-015
          34          11  -8.9020567809995466E-016
          34          12   9.8523634252003601E-018
          34          13  -1.5133018258039501E-017
          34          14  -1.3287340740265805E-017
          34          15   1.4243357020612954E-017
          34          16  -2.1876297277969908E-017
          34          17  -1.9208006615952497E-017
          34          18  -6.5786404696822736E-018
          34          19   1.0104133347110929E-017
          34          20   8.8717194224582664E-018
          34          21   1.2860724511642104E-018
          34          22   5.1362890127619979E-030
          34          23   1.2860724511756359E-018
          34          24   7.4768122000952688E-030
          34          25   2.6717773479633186E-030
          34          26   1.2860724511714274E-018
          34          27  -5.1759499480824605E-018
          34          28  -9.7004717578786697E-030
          34          29  -5.1759499480507690E-018
          34          30   1.1173669732133890E-029
          34          31  -4.4793962404428702E-029
          34          32  -5.1759499480498461E-018
          34          33  -4.3128893941841974E-018
          34          34   4.5805213673406326E-029
          34          35  -4.3128893942672435E-018
          34          36   2.6005770668864830E-029
          34          37   3.4123835501850557E-029
          34          38  -4.3128893942501936E-018
          35           1  -1.4113196389965851E-004
          35           2   3.4574034187257029E-003
          35           3  -1.4009479536320774E-002
          35           4   3.9154154797996873E-002
          35           5   2.3300088320448019E-002
          35           6  -3.8940225322617925E-015
          35           7   1.0547895422275160E-016
          35           8  -1.2705361174278218E-015
          35           9  -9.5704841301861938E-016
          35          10   2.0519799263820333E-017
          35          11  -3.1386091439784484E-016
          35          12  -5.1855066118340687E-017
          35          13  -4.2597482529340993E-017
          35          14  -8.6610728749429563E-018
          35          15  -4.9829981334321654E-017
          35          16   2.2105889515332134E-017
          35          17   7.6344223112216956E-017
          35          18  -2.2397791365892666E-017
          35          19   7.5730185925616221E-017
          35          20  -8.5203184975347434E-017
          35          21   1.2691664678172066E-004
          35          22   5.9692987917502274E-018
          35          23   1.2691664678168683E-004
          35          24  -2.9623497744271064E-018
          35          25   1.8256959647430204E-018
          35          26   1.2691664678168691E-004
          35          27   1.7514750012041984E-003
          35          28  -8.5330739466245388E-018
          35          29   1.7514750012041329E-003
          35          30  -4.1839965417007589E-017
          35          31   1.2794080875775568E-017
          35          32   1.7514750012042979E-003
          35          33   1.9952205603437846E-003
          35          34  -4.3128893942672435E-018
          35          35   1.9952205603438709E-003
          35          36  -7.1956134446929097E-017
          35          37   3.9773323001560127E-017
          35          38   1.9952205603439039E-003
          36           1   2.3369230327907433E-016
          36           2   1.0078855989621104E-017
          36           3   2.5280305822958129E-016
          36           4  -1.3906968992191855E-015
          36           5  -8.2636877818508673E-016
          36           6   2.0011488895368219E-015
          36           7  -2.3466052532775930E-015
          36           8  -1.9615344966451940E-015
          36           9   5.0167526543296302E-016
          36          10  -5.8827899113138988E-016
          36          11  -4.9174420559252823E-016
          36          12   7.4878572090568954E-018
          36          13  -8.7806040194191906E-018
          36          14  -7.3397376816167704E-018
          36          15   1.0824734650622351E-017
          36          16  -1.2693361260893933E-017
          36          17  -1.0610418276168836E-017
          36          18  -4.9996753629550222E-018
          36          19   5.8627536695364835E-018
          36          20   4.9006933546598991E-018
          36          21  -4.8244517643629631E-018
          36          22  -9.2309256630432175E-031
          36          23  -4.8244517643457507E-018
          36          24   2.3231733294610609E-030
          36          25   2.0272199249037700E-030
          36          26  -4.8244517643535977E-018
          36          27  -6.3479335686263857E-017
          36          28  -1.8986822604427634E-030
          36          29  -6.3479335686253084E-017
          36          30   6.3923499131378672E-030
          36          31  -2.9976822372872023E-029
          36          32  -6.3479335686261256E-017
          36          33  -7.1956134446871905E-017
          36          34   2.6005770668864830E-029
          36          35  -7.1956134446929097E-017
          36          36   2.2037000412686883E-029
          36          37   2.4723738903024964E-029
          36          38  -7.1956134446910362E-017
          37           1   3.1074821460417482E-015
          37           2  -5.9254693524284856E-016
          37           3   7.6070102315971563E-016
          37           4   7.7454539796055117E-016
          37           5   4.6321422755251172E-016
          37           6   2.1066100932655147E-015
          37           7  -2.6949262200781403E-015
          37           8  -3.4448005954324727E-015
          37           9   5.2811368668026371E-016
          37          10  -6.7560079106803713E-016
          37          11  -8.6358959657871713E-016
          37          12   7.8822636457041208E-018
          37          13  -1.0083633566050292E-017
          37          14  -1.2890057605858493E-017
          37          15   1.1395262014111638E-017
          37          16  -1.4577610795127142E-017
          37          17  -1.8633712517360401E-017
          37          18  -5.2631775362814957E-018
          37          19   6.7330262221590497E-018
          37          20   8.6064663200199976E-018
          37          21   7.3733322675943846E-020
          37          22  -3.6279697136214230E-030
          37          23   7.3733322700254859E-020
          37          24   1.8504856946757598E-030
          37          25   2.6783297181679497E-030
          37          26   7.3733322688222419E-020
          37          27   3.8482616050778832E-017
          37          28   2.2867530545012288E-030
          37          29   3.8482616050784551E-017
          37          30   5.9365436212120470E-030
          37          31  -4.5280751664109950E-029
          37          32   3.8482616050783454E-017
          37          33   3.9773323001637263E-017
          37          34   3.4123835501850557E-029
          37          35   3.9773323001560127E-017
          37          36   2.4723738903024964E-029
          37          37   4.6269974101757563E-029
          37          38   3.9773323001595274E-017
          38           1  -1.4113196389342478E-004
          38           2   3.4574034187258317E-003
          38           3  -1.4009479536321427E-002
          38           4   3.9154154797997671E-002
          38           5   2.3300088320448508E-002
          38           6  -2.3273500297788750E-015
          38           7  -6.0124371796754366E-016
          38           8  -2.2974650638625528E-015
          38           9  -5.6429362327325249E-016
          38          10  -1.5665107264304000E-016
          38          11  -5.7130542152127422E-016
          38          12  -4.5993034005376158E-017
          38          13  -4.5241915010779270E-017
          38          14  -1.2503400616493747E-017
          38          15  -4.1355410128770581E-017
          38          16   1.8283052284184867E-017
          38          17   7.0789234951517844E-017
          38          18  -2.6311979292270826E-017
          38          19   7.7495860841800333E-017
          38          20  -8.2637484860658143E-017
          38          21   1.2691664678171730E-004
          38          22   5.9692987917349502E-018
          38          23   1.2691664678168352E-004
          38          24  -2.9623497744338456E-018
          38          25   1.8256959647460664E-018
          38          26   1.2691664678168358E-004
          38          27   1.7514750012042302E-003
          38          28  -8.5330739466070652E-018
          38          29   1.7514750012041645E-003
          38          30  -4.1839965417008150E-017
          38          31   1.2794080875759403E-017
          38          32   1.7514750012043298E-003
          38          33   1.9952205603438176E-003
          38          34  -4.3128893942501936E-018
          38          35   1.9952205603439039E-003
          38          36  -7.1956134446910362E-017
          38          37   3.9773323001595274E-017
          38          38   1.9952205603439373E-003
