           1           1  0.61923438598259817     
           1           2  0.63202958051143154     
           1           3  -8.8850112826966227E-002
           1           4 -0.11530760703342222     
           1           5  -2.7772198065770450E-002
           1           6  -6.3159138468960850E-016
           1           7   3.5304728746419038E-016
           1           8   1.0055776236664712E-016
           1           9   9.2410686346577018E-016
           1          10  -1.0000744461139983E-015
           1          11   1.5483394960220659E-015
           1          12   1.0835102983813417E-015
           1          13   4.5652295450853052E-016
           1          14   2.0544656926104185E-015
           1          15  -5.4798139498533116E-016
           1          16  -2.6406419923710566E-017
           1          17  -1.0496466503179711E-015
           1          18  -8.4244941047297711E-004
           1          19  -2.3186770520227802E-016
           1          20  -8.4244941047112248E-004
           1          21   3.4022865867319251E-016
           1          22   1.6609190594155633E-016
           1          23  -8.4244941047229385E-004
           2           1  0.63202958051143154     
           2           2  0.66361315649680719     
           2           3 -0.17568943841847007     
           2           4 -0.21816748614798881     
           2           5  -5.3003387707694694E-002
           2           6  -6.3906582642932072E-016
           2           7   3.3455322151361507E-016
           2           8   1.0564563238646255E-016
           2           9   8.7133453015488867E-016
           2          10  -9.5641187692206744E-016
           2          11   1.5160605716728528E-015
           2          12   8.8682144960062991E-016
           2          13   6.1003681461167053E-016
           2          14   1.9338471648040239E-015
           2          15  -4.2040308896928294E-016
           2          16  -1.6912083829303735E-016
           2          17  -7.0803323126779808E-016
           2          18  -8.1888628894076000E-004
           2          19  -1.0616504794371391E-016
           2          20  -8.1888628893895762E-004
           2          21   2.3967657580626629E-016
           2          22   3.6948452366199371E-016
           2          23  -8.1888628894012942E-004
           3           1  -8.8850112826966227E-002
           3           2 -0.17568943841847007     
           3           3  0.40281460989696588     
           3           4  0.47761772842603994     
           3           5  0.11713312075606080     
           3           6   6.5035618110789416E-017
           3           7   6.7681227041360496E-017
           3           8  -2.8243872901257658E-017
           3           9   1.9717276069603417E-016
           3          10  -1.5176346270866406E-016
           3          11   7.2750931295630553E-017
           3          12   8.4982604158948113E-016
           3          13  -7.2661596962930864E-016
           3          14   4.5351368517043258E-016
           3          15  -5.5877173604573599E-016
           3          16   6.5618009336299147E-016
           3          17  -1.5165171075624030E-015
           3          18  -6.7129134776728488E-005
           3          19  -5.6554499156528335E-016
           3          20  -6.7129134776579342E-005
           3          21   4.4485913692358225E-016
           3          22  -9.4142310929265688E-016
           3          23  -6.7129134776519671E-005
           4           1 -0.11530760703342222     
           4           2 -0.21816748614798881     
           4           3  0.47761772842603994     
           4           4  0.56647723693900498     
           4           5  0.13891701815236934     
           4           6   8.7366490856573440E-017
           4           7   7.4144122795475179E-017
           4           8  -3.5051729128727949E-017
           4           9   2.1775272299159868E-016
           4          10  -1.6263325598980532E-016
           4          11   6.0316604489131688E-017
           4          12   9.8655602983412595E-016
           4          13  -8.6657509244020342E-016
           4          14   5.0194382353544574E-016
           4          15  -6.5137380080065110E-016
           4          16   7.7606337054018278E-016
           4          17  -1.7751535248357042E-015
           4          18  -6.5358953990249163E-005
           4          19  -6.6463935623130223E-016
           4          20  -6.5358953990103622E-005
           4          21   5.2019034568588972E-016
           4          22  -1.1155447263395417E-015
           4          23  -6.5358953990013661E-005
           5           1  -2.7772198065770450E-002
           5           2  -5.3003387707694694E-002
           5           3  0.11713312075606080     
           5           4  0.13891701815236934     
           5           5   3.4067000638683578E-002
           5           6   2.0907721561821821E-017
           5           7   1.8499096614915396E-017
           5           8  -8.5132380402180982E-018
           5           9   5.4250316061770145E-017
           5          10  -4.0622038351303176E-017
           5          11   1.6145634725043220E-017
           5          12   2.4304193303538131E-016
           5          13  -2.1236881664948380E-016
           5          14   1.2491108398768083E-016
           5          15  -1.6029885601979493E-016
           5          16   1.9042052117293263E-016
           5          17  -4.3651932000493888E-016
           5          18  -1.6752816426440076E-005
           5          19  -1.6329518039283685E-016
           5          20  -1.6752816426402762E-005
           5          21   1.2794389197931522E-016
           5          22  -2.7360571311033025E-016
           5          23  -1.6752816426381695E-005
           6           1  -6.3159138468960850E-016
           6           2  -6.3906582642932072E-016
           6           3   6.5035618110789416E-017
           6           4   8.7366490856573440E-017
           6           5   2.0907721561821821E-017
           6           6   1.2830269726047244E-030
           6           7  -7.3916032425926107E-031
           6           8  -4.6830754832285983E-031
           6           9  -1.5424201359788754E-030
           6          10   2.1463478036204059E-030
           6          11  -2.8245604885310094E-030
           6          12  -2.7079208184653001E-030
           6          13  -1.8762772168089014E-030
           6          14  -4.7239741695284323E-030
           6          15   1.7697567641662774E-030
           6          16   1.8885978664165792E-031
           6          17   2.8824416556987362E-030
           6          18   8.7157065319608734E-019
           6          19   9.3629632820095838E-031
           6          20   8.7157065319261161E-019
           6          21  -3.0416113343554395E-031
           6          22  -3.5420796499696158E-031
           6          23   8.7157065319387791E-019
           7           1   3.5304728746419038E-016
           7           2   3.3455322151361507E-016
           7           3   6.7681227041360496E-017
           7           4   7.4144122795475179E-017
           7           5   1.8499096614915396E-017
           7           6  -7.3916032425926107E-031
           7           7   5.3368687996097148E-031
           7           8   3.2745592994781350E-031
           7           9   1.3686779968853674E-030
           7          10   2.9368907306660032E-031
           7          11   2.1471223037906477E-030
           7          12   2.1604889552903253E-030
           7          13  -1.9081067949318240E-031
           7          14   2.9516793986816163E-030
           7          15  -1.0811289072543090E-030
           7          16  -4.5578398486399981E-033
           7          17  -2.2347930252486930E-030
           7          18  -5.3719917036680553E-019
           7          19  -6.7186899743694835E-031
           7          20  -5.3719917036425723E-019
           7          21   2.9472971291381108E-031
           7          22   1.0169011657776630E-031
           7          23  -5.3719917036523522E-019
           8           1   1.0055776236664712E-016
           8           2   1.0564563238646255E-016
           8           3  -2.8243872901257658E-017
           8           4  -3.5051729128727949E-017
           8           5  -8.5132380402180982E-018
           8           6  -4.6830754832285983E-031
           8           7   3.2745592994781350E-031
           8           8   2.7371580856789441E-031
           8           9   7.7754967355633995E-031
           8          10   4.2108847566748933E-031
           8          11   1.2950174298469066E-030
           8          12   1.2837184509013216E-030
           8          13   1.0322046182201958E-031
           8          14   1.8294216255442379E-030
           8          15  -6.5894522827445084E-031
           8          16  -1.9676723273900297E-031
           8          17  -1.1959006428936917E-030
           8          18  -1.3003161295445497E-019
           8          19  -3.7616488570830388E-031
           8          20  -1.3003161295292621E-019
           8          21  -9.4464836491980987E-033
           8          22   3.0839706937472055E-031
           8          23  -1.3003161295333114E-019
           9           1   9.2410686346577018E-016
           9           2   8.7133453015488867E-016
           9           3   1.9717276069603417E-016
           9           4   2.1775272299159868E-016
           9           5   5.4250316061770145E-017
           9           6  -1.5424201359788754E-030
           9           7   1.3686779968853674E-030
           9           8   7.7754967355633995E-031
           9           9   4.2277933515700620E-030
           9          10   5.3295780137289665E-030
           9          11   5.9988921712909092E-030
           9          12   5.5902531856575555E-030
           9          13  -4.1047774696913525E-030
           9          14   6.2929413892620818E-030
           9          15  -1.8824026669909936E-030
           9          16  -1.7830068366868438E-032
           9          17  -5.2203824133097182E-030
           9          18  -1.4154607355074105E-018
           9          19  -1.3157242790201835E-030
           9          20  -1.4154607355005665E-018
           9          21   8.3069021280008788E-031
           9          22   4.1492958348531410E-031
           9          23  -1.4154607355036761E-018
          10           1  -1.0000744461139983E-015
          10           2  -9.5641187692206744E-016
          10           3  -1.5176346270866406E-016
          10           4  -1.6263325598980532E-016
          10           5  -4.0622038351303176E-017
          10           6   2.1463478036204059E-030
          10           7   2.9368907306660032E-031
          10           8   4.2108847566748933E-031
          10           9   5.3295780137289665E-030
          10          10   3.5654610641802457E-029
          10          11   4.3327465415084488E-030
          10          12   1.6455804374845689E-030
          10          13  -2.4666814894767576E-029
          10          14  -7.3649030724206797E-030
          10          15   5.5118462672458858E-030
          10          16  -1.4546254896595361E-030
          10          17   3.1527070788501799E-030
          10          18   1.5055314127162741E-018
          10          19   2.5123176515095983E-030
          10          20   1.5055314127193924E-018
          10          21  -8.9559910197571787E-031
          10          22   2.8457951872323730E-030
          10          23   1.5055314127166945E-018
          11           1   1.5483394960220659E-015
          11           2   1.5160605716728528E-015
          11           3   7.2750931295630553E-017
          11           4   6.0316604489131688E-017
          11           5   1.6145634725043220E-017
          11           6  -2.8245604885310094E-030
          11           7   2.1471223037906477E-030
          11           8   1.2950174298469066E-030
          11           9   5.9988921712909092E-030
          11          10   4.3327465415084488E-030
          11          11   9.0995248593106392E-030
          11          12   8.3926980027217658E-030
          11          13  -2.8698576586908291E-030
          11          14   1.0954238679510174E-029
          11          15  -3.4927273294260578E-030
          11          16  -3.5818126080177270E-031
          11          17  -7.9564631434696986E-030
          11          18  -2.2477936785299300E-018
          11          19  -2.1487533928083061E-030
          11          20  -2.2477936785193528E-018
          11          21   1.0494703324514387E-030
          11          22   1.0124625603935564E-030
          11          23  -2.2477936785238657E-018
          12           1   1.0835102983813417E-015
          12           2   8.8682144960062991E-016
          12           3   8.4982604158948113E-016
          12           4   9.8655602983412595E-016
          12           5   2.4304193303538131E-016
          12           6  -2.7079208184653001E-030
          12           7   2.1604889552903253E-030
          12           8   1.2837184509013216E-030
          12           9   5.5902531856575555E-030
          12          10   1.6455804374845689E-030
          12          11   8.3926980027217658E-030
          12          12   9.6548407429489539E-030
          12          13  -2.0862509349848663E-030
          12          14   1.1959265428264886E-029
          12          15  -4.9689568994980682E-030
          12          16   8.5045289879182854E-031
          12          17  -1.0830911660285446E-029
          12          18  -1.9579898184744731E-018
          12          19  -3.4272561126414144E-030
          12          20  -1.9579898184644482E-018
          12          21   1.6640735011454952E-030
          12          22  -8.7431877174414168E-031
          12          23  -1.9579898184679565E-018
          13           1   4.5652295450853052E-016
          13           2   6.1003681461167053E-016
          13           3  -7.2661596962930864E-016
          13           4  -8.6657509244020342E-016
          13           5  -2.1236881664948380E-016
          13           6  -1.8762772168089014E-030
          13           7  -1.9081067949318240E-031
          13           8   1.0322046182201958E-031
          13           9  -4.1047774696913525E-030
          13          10  -2.4666814894767576E-029
          13          11  -2.8698576586908291E-030
          13          12  -2.0862509349848663E-030
          13          13   1.9818634662251953E-029
          13          14   5.4453525516526129E-030
          13          15  -3.4429154966495113E-030
          13          16  -6.5893575349536371E-031
          13          17   6.3637062681946020E-032
          13          18  -3.0423266819257592E-019
          13          19  -1.0321965048127720E-030
          13          20  -3.0423266819463194E-019
          13          21  -6.8674460144100875E-031
          13          22   2.8273096235290691E-031
          13          23  -3.0423266819217359E-019
          14           1   2.0544656926104185E-015
          14           2   1.9338471648040239E-015
          14           3   4.5351368517043258E-016
          14           4   5.0194382353544574E-016
          14           5   1.2491108398768083E-016
          14           6  -4.7239741695284323E-030
          14           7   2.9516793986816163E-030
          14           8   1.8294216255442379E-030
          14           9   6.2929413892620818E-030
          14          10  -7.3649030724206797E-030
          14          11   1.0954238679510174E-029
          14          12   1.1959265428264886E-029
          14          13   5.4453525516526129E-030
          14          14   1.8725561140831116E-029
          14          15  -7.7071625223769347E-030
          14          16   2.9248852924803413E-031
          14          17  -1.3659613716040271E-029
          14          18  -3.1555298301399611E-018
          14          19  -4.5752048844489355E-030
          14          20  -3.1555298301264225E-018
          14          21   1.7680150806470267E-030
          14          22  -1.2813618887033511E-031
          14          23  -3.1555298301309281E-018
          15           1  -5.4798139498533116E-016
          15           2  -4.2040308896928294E-016
          15           3  -5.5877173604573599E-016
          15           4  -6.5137380080065110E-016
          15           5  -1.6029885601979493E-016
          15           6   1.7697567641662774E-030
          15           7  -1.0811289072543090E-030
          15           8  -6.5894522827445084E-031
          15           9  -1.8824026669909936E-030
          15          10   5.5118462672458858E-030
          15          11  -3.4927273294260578E-030
          15          12  -4.9689568994980682E-030
          15          13  -3.4429154966495113E-030
          15          14  -7.7071625223769347E-030
          15          15   3.8114229737894173E-030
          15          16  -7.5713494725754466E-031
          15          17   6.5937118303793635E-030
          15          18   1.0528660618698803E-018
          15          19   2.4311845886145225E-030
          15          20   1.0528660618653093E-018
          15          21  -9.7657138501214426E-031
          15          22   1.0914602226575900E-030
          15          23   1.0528660618663245E-018
          16           1  -2.6406419923710566E-017
          16           2  -1.6912083829303735E-016
          16           3   6.5618009336299147E-016
          16           4   7.7606337054018278E-016
          16           5   1.9042052117293263E-016
          16           6   1.8885978664165792E-031
          16           7  -4.5578398486399981E-033
          16           8  -1.9676723273900297E-031
          16           9  -1.7830068366868438E-032
          16          10  -1.4546254896595361E-030
          16          11  -3.5818126080177270E-031
          16          12   8.5045289879182854E-031
          16          13  -6.5893575349536371E-031
          16          14   2.9248852924803413E-031
          16          15  -7.5713494725754466E-031
          16          16   1.2159576421295449E-030
          16          17  -2.0787957401642059E-030
          16          18  -2.7864132957550545E-019
          16          19  -8.0229377356352438E-031
          16          20  -2.7864132957577941E-019
          16          21   8.3974404580988203E-031
          16          22  -1.7417311981980277E-030
          16          23  -2.7864132957568620E-019
          17           1  -1.0496466503179711E-015
          17           2  -7.0803323126779808E-016
          17           3  -1.5165171075624030E-015
          17           4  -1.7751535248357042E-015
          17           5  -4.3651932000493888E-016
          17           6   2.8824416556987362E-030
          17           7  -2.2347930252486930E-030
          17           8  -1.1959006428936917E-030
          17           9  -5.2203824133097182E-030
          17          10   3.1527070788501799E-030
          17          11  -7.9564631434696986E-030
          17          12  -1.0830911660285446E-029
          17          13   6.3637062681946020E-032
          17          14  -1.3659613716040271E-029
          17          15   6.5937118303793635E-030
          17          16  -2.0787957401642059E-030
          17          17   1.3692761236197502E-029
          17          18   2.2312510751513401E-018
          17          19   4.6707518081878185E-030
          17          20   2.2312510751414709E-018
          17          21  -2.4766822486815741E-030
          17          22   2.7391662628367183E-030
          17          23   2.2312510751445062E-018
          18           1  -8.4244941047297711E-004
          18           2  -8.1888628894076000E-004
          18           3  -6.7129134776728488E-005
          18           4  -6.5358953990249163E-005
          18           5  -1.6752816426440076E-005
          18           6   8.7157065319608734E-019
          18           7  -5.3719917036680553E-019
          18           8  -1.3003161295445497E-019
          18           9  -1.4154607355074105E-018
          18          10   1.5055314127162741E-018
          18          11  -2.2477936785299300E-018
          18          12  -1.9579898184744731E-018
          18          13  -3.0423266819257592E-019
          18          14  -3.1555298301399611E-018
          18          15   1.0528660618698803E-018
          18          16  -2.7864132957550545E-019
          18          17   2.2312510751513401E-018
          18          18   1.2367438732875852E-006
          18          19   6.0409144725019827E-019
          18          20   1.2367438732848629E-006
          18          21  -7.0082798629599374E-019
          18          22   2.1655359057290969E-019
          18          23   1.2367438732865082E-006
          19           1  -2.3186770520227802E-016
          19           2  -1.0616504794371391E-016
          19           3  -5.6554499156528335E-016
          19           4  -6.6463935623130223E-016
          19           5  -1.6329518039283685E-016
          19           6   9.3629632820095838E-031
          19           7  -6.7186899743694835E-031
          19           8  -3.7616488570830388E-031
          19           9  -1.3157242790201835E-030
          19          10   2.5123176515095983E-030
          19          11  -2.1487533928083061E-030
          19          12  -3.4272561126414144E-030
          19          13  -1.0321965048127720E-030
          19          14  -4.5752048844489355E-030
          19          15   2.4311845886145225E-030
          19          16  -8.0229377356352438E-031
          19          17   4.6707518081878185E-030
          19          18   6.0409144725019827E-019
          19          19   1.6998852521950449E-030
          19          20   6.0409144724740634E-019
          19          21  -8.0900557261365921E-031
          19          22   1.1403882842613363E-030
          19          23   6.0409144724799770E-019
          20           1  -8.4244941047112248E-004
          20           2  -8.1888628893895762E-004
          20           3  -6.7129134776579342E-005
          20           4  -6.5358953990103622E-005
          20           5  -1.6752816426402762E-005
          20           6   8.7157065319261161E-019
          20           7  -5.3719917036425723E-019
          20           8  -1.3003161295292621E-019
          20           9  -1.4154607355005665E-018
          20          10   1.5055314127193924E-018
          20          11  -2.2477936785193528E-018
          20          12  -1.9579898184644482E-018
          20          13  -3.0423266819463194E-019
          20          14  -3.1555298301264225E-018
          20          15   1.0528660618653093E-018
          20          16  -2.7864132957577941E-019
          20          17   2.2312510751414709E-018
          20          18   1.2367438732848629E-006
          20          19   6.0409144724740634E-019
          20          20   1.2367438732821401E-006
          20          21  -7.0082798629466263E-019
          20          22   2.1655359057384357E-019
          20          23   1.2367438732837859E-006
          21           1   3.4022865867319251E-016
          21           2   2.3967657580626629E-016
          21           3   4.4485913692358225E-016
          21           4   5.2019034568588972E-016
          21           5   1.2794389197931522E-016
          21           6  -3.0416113343554395E-031
          21           7   2.9472971291381108E-031
          21           8  -9.4464836491980987E-033
          21           9   8.3069021280008788E-031
          21          10  -8.9559910197571787E-031
          21          11   1.0494703324514387E-030
          21          12   1.6640735011454952E-030
          21          13  -6.8674460144100875E-031
          21          14   1.7680150806470267E-030
          21          15  -9.7657138501214426E-031
          21          16   8.3974404580988203E-031
          21          17  -2.4766822486815741E-030
          21          18  -7.0082798629599374E-019
          21          19  -8.0900557261365921E-031
          21          20  -7.0082798629466263E-019
          21          21   8.2096024493600478E-031
          21          22  -1.1082017913879110E-030
          21          23  -7.0082798629542029E-019
          22           1   1.6609190594155633E-016
          22           2   3.6948452366199371E-016
          22           3  -9.4142310929265688E-016
          22           4  -1.1155447263395417E-015
          22           5  -2.7360571311033025E-016
          22           6  -3.5420796499696158E-031
          22           7   1.0169011657776630E-031
          22           8   3.0839706937472055E-031
          22           9   4.1492958348531410E-031
          22          10   2.8457951872323730E-030
          22          11   1.0124625603935564E-030
          22          12  -8.7431877174414168E-031
          22          13   2.8273096235290691E-031
          22          14  -1.2813618887033511E-031
          22          15   1.0914602226575900E-030
          22          16  -1.7417311981980277E-030
          22          17   2.7391662628367183E-030
          22          18   2.1655359057290969E-019
          22          19   1.1403882842613363E-030
          22          20   2.1655359057384357E-019
          22          21  -1.1082017913879110E-030
          22          22   2.5511029957921373E-030
          22          23   2.1655359057333284E-019
          23           1  -8.4244941047229385E-004
          23           2  -8.1888628894012942E-004
          23           3  -6.7129134776519671E-005
          23           4  -6.5358953990013661E-005
          23           5  -1.6752816426381695E-005
          23           6   8.7157065319387791E-019
          23           7  -5.3719917036523522E-019
          23           8  -1.3003161295333114E-019
          23           9  -1.4154607355036761E-018
          23          10   1.5055314127166945E-018
          23          11  -2.2477936785238657E-018
          23          12  -1.9579898184679565E-018
          23          13  -3.0423266819217359E-019
          23          14  -3.1555298301309281E-018
          23          15   1.0528660618663245E-018
          23          16  -2.7864132957568620E-019
          23          17   2.2312510751445062E-018
          23          18   1.2367438732865082E-006
          23          19   6.0409144724799770E-019
          23          20   1.2367438732837859E-006
          23          21  -7.0082798629542029E-019
          23          22   2.1655359057333284E-019
          23          23   1.2367438732854312E-006
