           1           1   2.0891436794000313     
           1           2 -0.17195778794626537     
           1           3  -3.3453262930132514E-012
           1           4   7.5499320300410191E-013
           1           5   1.3107862654369259E-012
           1           6 -0.28612531670171293     
           1           7   2.7913354728944516E-012
           1           8  -7.5955210120178269E-013
           1           9  -1.8385939675703377E-012
           2           1 -0.17195778794626537     
           2           2  0.43529634330032896     
           2           3  -8.1997619433278240E-014
           2           4   1.9460485332505358E-014
           2           5  -1.6373181942409211E-012
           2           6  0.56232587990461325     
           2           7  -8.7713843274278054E-013
           2           8   7.5179012415902272E-013
           2           9  -4.5936963935003415E-013
           3           1  -3.3453262930132514E-012
           3           2  -8.1997619433278240E-014
           3           3  0.13509301085050338     
           3           4   5.3283543567146679E-002
           3           5  0.19212687820155588     
           3           6   2.8958351354075920E-012
           3           7   9.6756306198601011E-002
           3           8   3.8162735615471496E-002
           3           9  0.13760509844048791     
           4           1   7.5499320300410191E-013
           4           2   1.9460485332505358E-014
           4           3   5.3283543567146679E-002
           4           4  0.41970006156582018     
           4           5  -3.4790166455096722E-002
           4           6  -1.0177376749565754E-012
           4           7   3.8162735616516008E-002
           4           8  0.30059754692112439     
           4           9  -2.4917410422121533E-002
           5           1   1.3107862654369259E-012
           5           2  -1.6373181942409211E-012
           5           3  0.19212687820155588     
           5           4  -3.4790166455096722E-002
           5           5  0.30390412529790267     
           5           6   2.5773517570195176E-012
           5           7  0.13760509843712965     
           5           8  -2.4917410435189719E-002
           5           9  0.21766219005292559     
           6           1 -0.28612531670171293     
           6           2  0.56232587990461325     
           6           3   2.8958351354075920E-012
           6           4  -1.0177376749565754E-012
           6           5   2.5773517570195176E-012
           6           6  0.74281675116287482     
           6           7   7.9117720703807257E-013
           6           8   1.1538103592638830E-013
           6           9   2.7836333035464171E-012
           7           1   2.7913354728944516E-012
           7           2  -8.7713843274278054E-013
           7           3   9.6756306198601011E-002
           7           4   3.8162735616516008E-002
           7           5  0.13760509843712965     
           7           6   7.9117720703807257E-013
           7           7   6.9298794439909037E-002
           7           8   2.7332911668326333E-002
           7           9   9.8555513385741950E-002
           8           1  -7.5955210120178269E-013
           8           2   7.5179012415902272E-013
           8           3   3.8162735615471496E-002
           8           4  0.30059754692112439     
           8           5  -2.4917410435189719E-002
           8           6   1.1538103592638830E-013
           8           7   2.7332911668326333E-002
           8           8  0.21529395272873195     
           8           9  -1.7846345842335534E-002
           9           1  -1.8385939675703377E-012
           9           2  -4.5936963935003415E-013
           9           3  0.13760509844048791     
           9           4  -2.4917410422121533E-002
           9           5  0.21766219005292559     
           9           6   2.7836333035464171E-012
           9           7   9.8555513385741950E-002
           9           8  -1.7846345842335534E-002
           9           9  0.15589399759609929     
