           1           1   2.1902526213796047     
           1           2  0.68744771796887416     
           1           3   1.1181524814572239E-015
           1           4  -2.1132797742336980E-014
           1           5   9.2253653048894864E-015
           1           6 -0.39270956332293938     
           1           7  -7.7700921340138355E-016
           1           8   2.9615090665367279E-015
           1           9  -1.8872241722097394E-015
           1          10  -4.2630539286490896E-002
           1          11   1.2259786716854890E-015
           1          12  -2.2083374827621937E-015
           1          13  -3.1814589087627675E-016
           1          14  -1.6342562895213089E-002
           1          15   1.2147153163581812E-015
           1          16   2.0819694434150395E-015
           1          17   3.6028395571826494E-016
           1          18  -6.5254345493053034E-002
           1          19  -3.1371048796777077E-015
           1          20  -6.5254345493048177E-002
           1          21  -2.0917168431502453E-016
           1          22   1.7867673820145608E-016
           1          23  -6.5254345493048163E-002
           1          24  -3.1712196092338163E-002
           1          25   5.3698277484979782E-016
           1          26  -3.1712196092334777E-002
           1          27  -2.7886943536337175E-017
           1          28   2.0965719217299512E-018
           1          29  -3.1712196092337074E-002
           2           1  0.68744771796887416     
           2           2   2.4692320295427925     
           2           3  -2.0403828665711641E-015
           2           4  -5.1694021727144682E-014
           2           5   2.5554069326925317E-014
           2           6  -1.6823316652278644     
           2           7  -3.6977635422548505E-016
           2           8   3.3161679026983154E-016
           2           9  -2.1229118255107623E-015
           2          10 -0.15024696996952369     
           2          11   2.1328029793323209E-016
           2          12   6.6672176715731714E-016
           2          13  -4.5735958458349197E-016
           2          14  -5.6749871601387322E-002
           2          15  -3.6534855608735993E-016
           2          16  -4.7058713630904076E-016
           2          17   1.2439461666194533E-015
           2          18 -0.33767301861763455     
           2          19  -6.7386299826683295E-015
           2          20 -0.33767301861762844     
           2          21   2.2798577475455298E-015
           2          22   4.6070984084863003E-015
           2          23 -0.33767301861762000     
           2          24 -0.11956850609442005     
           2          25   1.0863183365194167E-015
           2          26 -0.11956850609441957     
           2          27   7.2759215134028716E-016
           2          28  -2.1781791846547668E-015
           2          29 -0.11956850609441891     
           3           1   1.1181524814572239E-015
           3           2  -2.0403828665711641E-015
           3           3   2.2671753075743672     
           3           4   1.4888047392136459E-014
           3           5   1.1011157263762862E-015
           3           6  -2.5295050097147783E-014
           3           7 -0.78248867693413016     
           3           8   4.6685745547225458E-015
           3           9  -1.7546727959505648E-015
           3          10   9.7440625665892230E-015
           3          11  0.14380411280660949     
           3          12  -1.8031366330606791E-015
           3          13   2.1607065095463720E-015
           3          14   4.0142740528148787E-015
           3          15  -7.7893088864700727E-002
           3          16  -1.2932905614493085E-015
           3          17   2.0274580625507529E-017
           3          18  -9.5300937789162569E-015
           3          19  -3.0225086561115126E-015
           3          20  -1.0870579867200584E-014
           3          21   7.5286032417250356E-016
           3          22  -6.0985141187372942E-016
           3          23  -1.1560569895673996E-014
           3          24   1.5296285337259244E-015
           3          25  -1.3687403217794434E-015
           3          26   1.4442720301547589E-015
           3          27  -5.5218141612330102E-016
           3          28   8.5460154306418015E-016
           3          29   2.5192623178803720E-015
           4           1  -2.1132797742336980E-014
           4           2  -5.1694021727144682E-014
           4           3   1.4888047392136459E-014
           4           4   2.2671753075743712     
           4           5  -4.2223169405275453E-015
           4           6  -1.2107663115054398E-013
           4           7  -5.4790373626989546E-014
           4           8 -0.78248867693412982     
           4           9   6.3282712403632779E-015
           4          10   6.4725365441611037E-014
           4          11   2.6037548853108169E-014
           4          12  0.14380411280664859     
           4          13   2.6043403544839818E-014
           4          14   6.4920972062975199E-014
           4          15  -5.1997251990229743E-015
           4          16  -7.7893088864752033E-002
           4          17  -2.5841308259888545E-014
           4          18  -5.2214378000221771E-014
           4          19  -1.4869576408088211E-015
           4          20  -7.2952828286831873E-014
           4          21   4.1644843012674557E-014
           4          22   2.5041161742562964E-014
           4          23  -2.2204628048849059E-014
           4          24  -6.7105657746878955E-015
           4          25   7.4866092061662620E-017
           4          26  -1.5452679303337295E-015
           4          27  -2.5865936415745241E-014
           4          28  -1.3429718623834230E-014
           4          29  -2.0242134558884368E-015
           5           1   9.2253653048894864E-015
           5           2   2.5554069326925317E-014
           5           3   1.1011157263762862E-015
           5           4  -4.2223169405275453E-015
           5           5   2.2671753075743761     
           5           6  -4.2544809150182771E-014
           5           7  -2.6341775982708060E-015
           5           8   1.0089151736281097E-014
           5           9 -0.78248867693413049     
           5          10   2.4352105084173262E-014
           5          11  -2.2360585605340499E-015
           5          12  -6.9180772221955446E-015
           5          13  0.14380411280661110     
           5          14   5.8741864084319961E-015
           5          15   3.8327088898448682E-015
           5          16  -2.3219273725949374E-015
           5          17  -7.7893088864705945E-002
           5          18  -1.8594283515610063E-014
           5          19  -1.0312671742738154E-014
           5          20  -1.7681877129086024E-014
           5          21   9.8151028143024592E-015
           5          22  -3.0776992617554569E-015
           5          23  -1.5559631785475943E-014
           5          24  -2.0197715940259475E-015
           5          25  -3.0224722761146920E-015
           5          26   1.0409486521432011E-014
           5          27  -3.5887741322460789E-015
           5          28   3.1066365417331915E-015
           5          29   7.7318803031205204E-015
           6           1 -0.39270956332293938     
           6           2  -1.6823316652278644     
           6           3  -2.5295050097147783E-014
           6           4  -1.2107663115054398E-013
           6           5  -4.2544809150182771E-014
           6           6   8.4597560718479805     
           6           7  -1.2404512897293785E-014
           6           8   2.0084984991138036E-015
           6           9   5.6878926025670920E-016
           6          10  0.65915787138286319     
           6          11   1.8665092164833987E-015
           6          12   6.4210034358952800E-017
           6          13  -5.6479014955426778E-016
           6          14  0.24365309097784466     
           6          15  -6.9588075273834549E-016
           6          16  -8.6738859699100243E-016
           6          17   4.4419225236165760E-015
           6          18   1.6999791191277911     
           6          19  -4.1348692268243692E-014
           6          20   1.6999791191277309     
           6          21   3.5752072416678683E-014
           6          22   2.5208416280959913E-014
           6          23   1.6999791191276561     
           6          24  0.56122729837682417     
           6          25   1.3106290605354902E-014
           6          26  0.56122729837682894     
           6          27  -4.2207667523890313E-015
           6          28  -4.2261367147024088E-015
           6          29  0.56122729837684060     
           7           1  -7.7700921340138355E-016
           7           2  -3.6977635422548505E-016
           7           3 -0.78248867693413016     
           7           4  -5.4790373626989546E-014
           7           5  -2.6341775982708060E-015
           7           6  -1.2404512897293785E-014
           7           7   2.3055135207830069     
           7           8   1.2993078835069506E-015
           7           9   5.9674487573616235E-016
           7          10  -9.8602679481167358E-015
           7          11 -0.35851611114667586     
           7          12   1.2177758801358874E-015
           7          13   5.6781836177410428E-015
           7          14  -6.7769848182320119E-015
           7          15  0.19315590281947476     
           7          16  -2.0764640007444010E-015
           7          17  -4.8333732849404411E-015
           7          18  -7.1124418031832886E-015
           7          19   1.3725288427643792E-014
           7          20  -3.8333869050893743E-015
           7          21  -1.1666281221713555E-015
           7          22  -6.8693609446088543E-015
           7          23   4.5260443147890465E-017
           7          24  -5.0925250679350951E-015
           7          25   8.0923814927789906E-016
           7          26  -3.0485247493955973E-015
           7          27   1.3873689835697223E-015
           7          28   6.5135074143094565E-016
           7          29  -1.9317260978665314E-015
           8           1   2.9615090665367279E-015
           8           2   3.3161679026983154E-016
           8           3   4.6685745547225458E-015
           8           4 -0.78248867693412982     
           8           5   1.0089151736281097E-014
           8           6   2.0084984991138036E-015
           8           7   1.2993078835069506E-015
           8           8   2.3055135207830073     
           8           9  -1.0547118733934526E-015
           8          10   2.2178436301169462E-015
           8          11   9.2504129356546148E-016
           8          12 -0.35851611114667847     
           8          13  -4.1182335319689913E-015
           8          14   1.7049912745301496E-015
           8          15  -1.3261960973852677E-015
           8          16  0.19315590281948058     
           8          17   4.4027281820292800E-015
           8          18   6.4401520020028618E-015
           8          19   3.7459096959583668E-014
           8          20   3.8384049623466901E-015
           8          21   7.2025449973174607E-016
           8          22  -1.5669833610893266E-014
           8          23  -7.2768340022288165E-015
           8          24  -1.2356682061792997E-015
           8          25  -3.0977901892253403E-015
           8          26   6.3515595508861214E-016
           8          27  -9.3076987556150740E-016
           8          28  -1.3277608434296067E-015
           8          29   2.9913259840788968E-015
           9           1  -1.8872241722097394E-015
           9           2  -2.1229118255107623E-015
           9           3  -1.7546727959505648E-015
           9           4   6.3282712403632779E-015
           9           5 -0.78248867693413049     
           9           6   5.6878926025670920E-016
           9           7   5.9674487573616235E-016
           9           8  -1.0547118733934526E-015
           9           9   2.3055135207830073     
           9          10  -1.1155687135069176E-014
           9          11  -3.3306690738738179E-016
           9          12   4.0523140398820170E-015
           9          13 -0.35851611114666959     
           9          14  -5.2094967885065093E-015
           9          15   2.9598719308553321E-017
           9          16  -4.6559978095219664E-015
           9          17  0.19315590281947467     
           9          18  -4.6506868248424412E-015
           9          19   2.4164210615614167E-014
           9          20  -8.6186869009025502E-015
           9          21  -6.8987550748850821E-015
           9          22  -2.0489013287887799E-014
           9          23   1.1934804499257290E-014
           9          24   1.2130471090589313E-015
           9          25  -1.9384721205995628E-015
           9          26  -6.5664459499096809E-015
           9          27   2.1029418401302952E-015
           9          28   3.2789389956236697E-015
           9          29  -6.3158010623393879E-015
          10           1  -4.2630539286490896E-002
          10           2 -0.15024696996952369     
          10           3   9.7440625665892230E-015
          10           4   6.4725365441611037E-014
          10           5   2.4352105084173262E-014
          10           6  0.65915787138286319     
          10           7  -9.8602679481167358E-015
          10           8   2.2178436301169462E-015
          10           9  -1.1155687135069176E-014
          10          10   5.1936143963614172E-002
          10          11   1.6680812572195314E-015
          10          12   9.6994386857305498E-016
          10          13   1.7839156111044491E-015
          10          14   1.9268915960847306E-002
          10          15  -8.9579190528981700E-016
          10          16  -5.8740602933980156E-016
          10          17  -6.3995389492401373E-016
          10          18  0.13558929777962028     
          10          19  -3.9155981829574034E-014
          10          20  0.13558929777961543     
          10          21  -6.4272878007822234E-015
          10          22   1.8231087810490851E-014
          10          23  0.13558929777960949     
          10          24   4.4443036191132712E-002
          10          25  -3.0659241089250547E-016
          10          26   4.4443036191133087E-002
          10          27  -4.3741328522652678E-016
          10          28   1.7320330968714913E-016
          10          29   4.4443036191134003E-002
          11           1   1.2259786716854890E-015
          11           2   2.1328029793323209E-016
          11           3  0.14380411280660949     
          11           4   2.6037548853108169E-014
          11           5  -2.2360585605340499E-015
          11           6   1.8665092164833987E-015
          11           7 -0.35851611114667586     
          11           8   9.2504129356546148E-016
          11           9  -3.3306690738738179E-016
          11          10   1.6680812572195314E-015
          11          11   6.1330508195773195E-002
          11          12  -2.2556826198555289E-016
          11          13  -8.3076991466699095E-016
          11          14   1.1335414386021446E-015
          11          15  -3.2811118871656393E-002
          11          16   2.7950732006648512E-016
          11          17   6.0834583898192045E-016
          11          18   5.5287811164168657E-016
          11          19   1.3889993518864327E-014
          11          20   6.4987410651995441E-016
          11          21  -3.5729040644801803E-015
          11          22  -1.0391587243316813E-014
          11          23   3.3863561351931579E-016
          11          24   8.7876153754382450E-016
          11          25  -4.3607735322380964E-015
          11          26   5.1240004288471030E-016
          11          27  -5.9537999671568010E-016
          11          28   2.1379169898028656E-015
          11          29   2.9038812602377142E-016
          12           1  -2.2083374827621937E-015
          12           2   6.6672176715731714E-016
          12           3  -1.8031366330606791E-015
          12           4  0.14380411280664859     
          12           5  -6.9180772221955446E-015
          12           6   6.4210034358952800E-017
          12           7   1.2177758801358874E-015
          12           8 -0.35851611114667847     
          12           9   4.0523140398820170E-015
          12          10   9.6994386857305498E-016
          12          11  -2.2556826198555289E-016
          12          12   6.1330508195774486E-002
          12          13   1.2143064331833126E-016
          12          14   7.1350549156785785E-016
          12          15   4.1340628836849412E-016
          12          16  -3.2811118871658065E-002
          12          17  -4.0354004859917811E-016
          12          18  -1.8759711990889455E-015
          12          19   1.7433534397412075E-014
          12          20  -7.7222122641394791E-016
          12          21   4.5219542334396932E-015
          12          22  -8.9377656069548558E-015
          12          23   7.9701631456751939E-016
          12          24   3.5578868677639766E-016
          12          25   2.1785169905652440E-016
          12          26   1.3783897753355891E-016
          12          27   2.1257666326842463E-016
          12          28   5.5176316935431472E-016
          12          29  -2.9688183185898511E-016
          13           1  -3.1814589087627675E-016
          13           2  -4.5735958458349197E-016
          13           3   2.1607065095463720E-015
          13           4   2.6043403544839818E-014
          13           5  0.14380411280661110     
          13           6  -5.6479014955426778E-016
          13           7   5.6781836177410428E-015
          13           8  -4.1182335319689913E-015
          13           9 -0.35851611114666959     
          13          10   1.7839156111044491E-015
          13          11  -8.3076991466699095E-016
          13          12   1.2143064331833126E-016
          13          13   6.1330508195771342E-002
          13          14   7.5080775303795036E-016
          13          15   5.6812193838242099E-016
          13          16   1.1969591984243354E-016
          13          17  -3.2811118871655956E-002
          13          18   3.1422022959883451E-016
          13          19  -4.8374989463697193E-015
          13          20   7.6712213869970710E-016
          13          21   1.9864030206273617E-015
          13          22   4.1488601434139763E-015
          13          23  -2.2818296159532870E-015
          13          24  -3.1684998410574591E-016
          13          25  -9.2078015714583855E-017
          13          26   9.4167623421376328E-016
          13          27  -3.8443981059594559E-016
          13          28  -4.9493702552851605E-016
          13          29   9.6516503333105547E-016
          14           1  -1.6342562895213089E-002
          14           2  -5.6749871601387322E-002
          14           3   4.0142740528148787E-015
          14           4   6.4920972062975199E-014
          14           5   5.8741864084319961E-015
          14           6  0.24365309097784466     
          14           7  -6.7769848182320119E-015
          14           8   1.7049912745301496E-015
          14           9  -5.2094967885065093E-015
          14          10   1.9268915960847306E-002
          14          11   1.1335414386021446E-015
          14          12   7.1350549156785785E-016
          14          13   7.5080775303795036E-016
          14          14   7.1589393680354732E-003
          14          15  -6.1017487458877048E-016
          14          16  -4.0942367235770802E-016
          14          17  -2.8288927704535001E-016
          14          18   5.0619317538365058E-002
          14          19  -1.6430434183397239E-014
          14          20   5.0619317538363254E-002
          14          21  -5.8001763343439022E-015
          14          22   4.8961260670380956E-015
          14          23   5.0619317538361012E-002
          14          24   1.6532220343637303E-002
          14          25  -2.1881465327728726E-015
          14          26   1.6532220343637445E-002
          14          27  -4.1659520830767073E-016
          14          28   9.6976481210651926E-016
          14          29   1.6532220343637789E-002
          15           1   1.2147153163581812E-015
          15           2  -3.6534855608735993E-016
          15           3  -7.7893088864700727E-002
          15           4  -5.1997251990229743E-015
          15           5   3.8327088898448682E-015
          15           6  -6.9588075273834549E-016
          15           7  0.19315590281947476     
          15           8  -1.3261960973852677E-015
          15           9   2.9598719308553321E-017
          15          10  -8.9579190528981700E-016
          15          11  -3.2811118871656393E-002
          15          12   4.1340628836849412E-016
          15          13   5.6812193838242099E-016
          15          14  -6.1017487458877048E-016
          15          15   1.7563310843175046E-002
          15          16  -3.0593474802069746E-016
          15          17  -3.9779377708511878E-016
          15          18  -3.3760672813705145E-016
          15          19  -2.5940047147192533E-014
          15          20  -3.6260073865095031E-016
          15          21  -2.7323551679611489E-016
          15          22   1.5975255160001238E-014
          15          23  -1.8341826017001634E-016
          15          24  -4.7348559660850517E-016
          15          25   3.3315407980799677E-015
          15          26  -2.7923286591452924E-016
          15          27   2.1411656934388406E-016
          15          28  -1.8259177619107985E-015
          15          29  -1.6258956135771807E-016
          16           1   2.0819694434150395E-015
          16           2  -4.7058713630904076E-016
          16           3  -1.2932905614493085E-015
          16           4  -7.7893088864752033E-002
          16           5  -2.3219273725949374E-015
          16           6  -8.6738859699100243E-016
          16           7  -2.0764640007444010E-015
          16           8  0.19315590281948058     
          16           9  -4.6559978095219664E-015
          16          10  -5.8740602933980156E-016
          16          11   2.7950732006648512E-016
          16          12  -3.2811118871658065E-002
          16          13   1.1969591984243354E-016
          16          14  -4.0942367235770802E-016
          16          15  -3.0593474802069746E-016
          16          16   1.7563310843176486E-002
          16          17   1.2273168592534409E-016
          16          18   7.3643914789814801E-016
          16          19  -1.8302520538753649E-014
          16          20   1.8379289810973864E-016
          16          21  -2.2647869989165674E-015
          16          22   1.1249466691875155E-014
          16          23  -6.9422275379875482E-016
          16          24  -2.6008195651268311E-016
          16          25   9.0289359032732137E-016
          16          26  -1.4384090677393718E-016
          16          27  -1.9351474413394518E-016
          16          28  -8.5123060297009101E-016
          16          29   8.7093388885782999E-017
          17           1   3.6028395571826494E-016
          17           2   1.2439461666194533E-015
          17           3   2.0274580625507529E-017
          17           4  -2.5841308259888545E-014
          17           5  -7.7893088864705945E-002
          17           6   4.4419225236165760E-015
          17           7  -4.8333732849404411E-015
          17           8   4.4027281820292800E-015
          17           9  0.19315590281947467     
          17          10  -6.3995389492401373E-016
          17          11   6.0834583898192045E-016
          17          12  -4.0354004859917811E-016
          17          13  -3.2811118871655956E-002
          17          14  -2.8288927704535001E-016
          17          15  -3.9779377708511878E-016
          17          16   1.2273168592534409E-016
          17          17   1.7563310843175105E-002
          17          18   9.2940760678047591E-016
          17          19  -1.8407025755094815E-015
          17          20   6.7873450498358811E-016
          17          21  -4.1357559723176220E-015
          17          22  -7.5180159493930486E-016
          17          23   2.3221017776664489E-015
          17          24   4.8725668628498377E-016
          17          25  -1.7483173121787242E-015
          17          26  -1.9733169153166233E-016
          17          27  -2.4876142827131522E-017
          17          28   1.1242051951438834E-015
          17          29  -2.0593007644564279E-016
          18           1  -6.5254345493053034E-002
          18           2 -0.33767301861763455     
          18           3  -9.5300937789162569E-015
          18           4  -5.2214378000221771E-014
          18           5  -1.8594283515610063E-014
          18           6   1.6999791191277911     
          18           7  -7.1124418031832886E-015
          18           8   6.4401520020028618E-015
          18           9  -4.6506868248424412E-015
          18          10  0.13558929777962028     
          18          11   5.5287811164168657E-016
          18          12  -1.8759711990889455E-015
          18          13   3.1422022959883451E-016
          18          14   5.0619317538365058E-002
          18          15  -3.3760672813705145E-016
          18          16   7.3643914789814801E-016
          18          17   9.2940760678047591E-016
          18          18  0.36872616831583993     
          18          19  -1.1550154158841014E-013
          18          20  0.36872616831582622     
          18          21  -1.2790791192316524E-014
          18          22   5.4133805565362962E-014
          18          23  0.36872616831580945     
          18          24  0.11809156201681890     
          18          25  -4.0461409752145253E-014
          18          26  0.11809156201682014     
          18          27  -4.1332710876537328E-015
          18          28   2.5193757258945952E-014
          18          29  0.11809156201682269     
          19           1  -3.1371048796777077E-015
          19           2  -6.7386299826683295E-015
          19           3  -3.0225086561115126E-015
          19           4  -1.4869576408088211E-015
          19           5  -1.0312671742738154E-014
          19           6  -4.1348692268243692E-014
          19           7   1.3725288427643792E-014
          19           8   3.7459096959583668E-014
          19           9   2.4164210615614167E-014
          19          10  -3.9155981829574034E-014
          19          11   1.3889993518864327E-014
          19          12   1.7433534397412075E-014
          19          13  -4.8374989463697193E-015
          19          14  -1.6430434183397239E-014
          19          15  -2.5940047147192533E-014
          19          16  -1.8302520538753649E-014
          19          17  -1.8407025755094815E-015
          19          18  -1.1550154158841014E-013
          19          19   2.0040009464238757     
          19          20   7.2689473823113048E-014
          19          21   7.0776717819853729E-016
          19          22   8.5764728652293343E-015
          19          23  -2.2378206056906062E-014
          19          24  -7.4549988807866518E-014
          19          25  -3.8887913712366343E-002
          19          26  -3.6447518935345677E-014
          19          27  -6.5442443131225048E-015
          19          28  -2.4855117963795692E-014
          19          29   1.0207646116760136E-013
          20           1  -6.5254345493048177E-002
          20           2 -0.33767301861762844     
          20           3  -1.0870579867200584E-014
          20           4  -7.2952828286831873E-014
          20           5  -1.7681877129086024E-014
          20           6   1.6999791191277309     
          20           7  -3.8333869050893743E-015
          20           8   3.8384049623466901E-015
          20           9  -8.6186869009025502E-015
          20          10  0.13558929777961543     
          20          11   6.4987410651995441E-016
          20          12  -7.7222122641394791E-016
          20          13   7.6712213869970710E-016
          20          14   5.0619317538363254E-002
          20          15  -3.6260073865095031E-016
          20          16   1.8379289810973864E-016
          20          17   6.7873450498358811E-016
          20          18  0.36872616831582622     
          20          19   7.2689473823113048E-014
          20          20  0.36872616831581267     
          20          21   3.2113579336936863E-014
          20          22  -8.8591657352339639E-014
          20          23  0.36872616831579580     
          20          24  0.11809156201681462     
          20          25  -3.9627940258248595E-014
          20          26  0.11809156201681587     
          20          27   3.5516478644343004E-015
          20          28   1.7314600271126658E-014
          20          29  0.11809156201681842     
          21           1  -2.0917168431502453E-016
          21           2   2.2798577475455298E-015
          21           3   7.5286032417250356E-016
          21           4   4.1644843012674557E-014
          21           5   9.8151028143024592E-015
          21           6   3.5752072416678683E-014
          21           7  -1.1666281221713555E-015
          21           8   7.2025449973174607E-016
          21           9  -6.8987550748850821E-015
          21          10  -6.4272878007822234E-015
          21          11  -3.5729040644801803E-015
          21          12   4.5219542334396932E-015
          21          13   1.9864030206273617E-015
          21          14  -5.8001763343439022E-015
          21          15  -2.7323551679611489E-016
          21          16  -2.2647869989165674E-015
          21          17  -4.1357559723176220E-015
          21          18  -1.2790791192316524E-014
          21          19   7.0776717819853729E-016
          21          20   3.2113579336936863E-014
          21          21   2.0040009464238766     
          21          22  -1.0408340855860843E-015
          21          23   2.8172880121215076E-014
          21          24  -1.4456768061145142E-015
          21          25   1.9706458687096529E-015
          21          26   5.4556059178335563E-015
          21          27  -3.8887913712360264E-002
          21          28   3.6212352561015848E-016
          21          29  -1.8822883446799981E-015
          22           1   1.7867673820145608E-016
          22           2   4.6070984084863003E-015
          22           3  -6.0985141187372942E-016
          22           4   2.5041161742562964E-014
          22           5  -3.0776992617554569E-015
          22           6   2.5208416280959913E-014
          22           7  -6.8693609446088543E-015
          22           8  -1.5669833610893266E-014
          22           9  -2.0489013287887799E-014
          22          10   1.8231087810490851E-014
          22          11  -1.0391587243316813E-014
          22          12  -8.9377656069548558E-015
          22          13   4.1488601434139763E-015
          22          14   4.8961260670380956E-015
          22          15   1.5975255160001238E-014
          22          16   1.1249466691875155E-014
          22          17  -7.5180159493930486E-016
          22          18   5.4133805565362962E-014
          22          19   8.5764728652293343E-015
          22          20  -8.8591657352339639E-014
          22          21  -1.0408340855860843E-015
          22          22   2.0040009464238615     
          22          23   7.6310667432815381E-014
          22          24   4.6190355574353819E-014
          22          25   4.6698755973295647E-015
          22          26   1.8025027316524455E-014
          22          27   4.2600471761300440E-015
          22          28  -3.8887913712343208E-002
          22          29  -5.4144320540872700E-014
          23           1  -6.5254345493048163E-002
          23           2 -0.33767301861762000     
          23           3  -1.1560569895673996E-014
          23           4  -2.2204628048849059E-014
          23           5  -1.5559631785475943E-014
          23           6   1.6999791191276561     
          23           7   4.5260443147890465E-017
          23           8  -7.2768340022288165E-015
          23           9   1.1934804499257290E-014
          23          10  0.13558929777960949     
          23          11   3.3863561351931579E-016
          23          12   7.9701631456751939E-016
          23          13  -2.2818296159532870E-015
          23          14   5.0619317538361012E-002
          23          15  -1.8341826017001634E-016
          23          16  -6.9422275379875482E-016
          23          17   2.3221017776664489E-015
          23          18  0.36872616831580945     
          23          19  -2.2378206056906062E-014
          23          20  0.36872616831579580     
          23          21   2.8172880121215076E-014
          23          22   7.6310667432815381E-014
          23          23  0.36872616831577903     
          23          24  0.11809156201680934     
          23          25   1.0043767973678328E-013
          23          26  0.11809156201681056     
          23          27  -3.0268269505488832E-015
          23          28  -5.0208689804027618E-014
          23          29  0.11809156201681312     
          24           1  -3.1712196092338163E-002
          24           2 -0.11956850609442005     
          24           3   1.5296285337259244E-015
          24           4  -6.7105657746878955E-015
          24           5  -2.0197715940259475E-015
          24           6  0.56122729837682417     
          24           7  -5.0925250679350951E-015
          24           8  -1.2356682061792997E-015
          24           9   1.2130471090589313E-015
          24          10   4.4443036191132712E-002
          24          11   8.7876153754382450E-016
          24          12   3.5578868677639766E-016
          24          13  -3.1684998410574591E-016
          24          14   1.6532220343637303E-002
          24          15  -4.7348559660850517E-016
          24          16  -2.6008195651268311E-016
          24          17   4.8725668628498377E-016
          24          18  0.11809156201681890     
          24          19  -7.4549988807866518E-014
          24          20  0.11809156201681462     
          24          21  -1.4456768061145142E-015
          24          22   4.6190355574353819E-014
          24          23  0.11809156201680934     
          24          24   3.8323863994950018E-002
          24          25   4.3358579051160878E-015
          24          26   3.8323863994950379E-002
          24          27  -4.1763248293177887E-016
          24          28  -2.2145961218981390E-015
          24          29   3.8323863994951184E-002
          25           1   5.3698277484979782E-016
          25           2   1.0863183365194167E-015
          25           3  -1.3687403217794434E-015
          25           4   7.4866092061662620E-017
          25           5  -3.0224722761146920E-015
          25           6   1.3106290605354902E-014
          25           7   8.0923814927789906E-016
          25           8  -3.0977901892253403E-015
          25           9  -1.9384721205995628E-015
          25          10  -3.0659241089250547E-016
          25          11  -4.3607735322380964E-015
          25          12   2.1785169905652440E-016
          25          13  -9.2078015714583855E-017
          25          14  -2.1881465327728726E-015
          25          15   3.3315407980799677E-015
          25          16   9.0289359032732137E-016
          25          17  -1.7483173121787242E-015
          25          18  -4.0461409752145253E-014
          25          19  -3.8887913712366343E-002
          25          20  -3.9627940258248595E-014
          25          21   1.9706458687096529E-015
          25          22   4.6698755973295647E-015
          25          23   1.0043767973678328E-013
          25          24   4.3358579051160878E-015
          25          25   2.7403650529062972E-002
          25          26   2.5285864032792279E-015
          25          27   1.7639969346339157E-016
          25          28   2.1684043449710089E-016
          25          29  -5.1032443205103122E-015
          26           1  -3.1712196092334777E-002
          26           2 -0.11956850609441957     
          26           3   1.4442720301547589E-015
          26           4  -1.5452679303337295E-015
          26           5   1.0409486521432011E-014
          26           6  0.56122729837682894     
          26           7  -3.0485247493955973E-015
          26           8   6.3515595508861214E-016
          26           9  -6.5664459499096809E-015
          26          10   4.4443036191133087E-002
          26          11   5.1240004288471030E-016
          26          12   1.3783897753355891E-016
          26          13   9.4167623421376328E-016
          26          14   1.6532220343637445E-002
          26          15  -2.7923286591452924E-016
          26          16  -1.4384090677393718E-016
          26          17  -1.9733169153166233E-016
          26          18  0.11809156201682014     
          26          19  -3.6447518935345677E-014
          26          20  0.11809156201681587     
          26          21   5.4556059178335563E-015
          26          22   1.8025027316524455E-014
          26          23  0.11809156201681056     
          26          24   3.8323863994950379E-002
          26          25   2.5285864032792279E-015
          26          26   3.8323863994950733E-002
          26          27  -1.0696724272639030E-016
          26          28  -1.1642616806364206E-015
          26          29   3.8323863994951538E-002
          27           1  -2.7886943536337175E-017
          27           2   7.2759215134028716E-016
          27           3  -5.5218141612330102E-016
          27           4  -2.5865936415745241E-014
          27           5  -3.5887741322460789E-015
          27           6  -4.2207667523890313E-015
          27           7   1.3873689835697223E-015
          27           8  -9.3076987556150740E-016
          27           9   2.1029418401302952E-015
          27          10  -4.3741328522652678E-016
          27          11  -5.9537999671568010E-016
          27          12   2.1257666326842463E-016
          27          13  -3.8443981059594559E-016
          27          14  -4.1659520830767073E-016
          27          15   2.1411656934388406E-016
          27          16  -1.9351474413394518E-016
          27          17  -2.4876142827131522E-017
          27          18  -4.1332710876537328E-015
          27          19  -6.5442443131225048E-015
          27          20   3.5516478644343004E-015
          27          21  -3.8887913712360264E-002
          27          22   4.2600471761300440E-015
          27          23  -3.0268269505488832E-015
          27          24  -4.1763248293177887E-016
          27          25   1.7639969346339157E-016
          27          26  -1.0696724272639030E-016
          27          27   2.7403650529058403E-002
          27          28   3.8760227666356784E-016
          27          29  -1.0083925989586138E-016
          28           1   2.0965719217299512E-018
          28           2  -2.1781791846547668E-015
          28           3   8.5460154306418015E-016
          28           4  -1.3429718623834230E-014
          28           5   3.1066365417331915E-015
          28           6  -4.2261367147024088E-015
          28           7   6.5135074143094565E-016
          28           8  -1.3277608434296067E-015
          28           9   3.2789389956236697E-015
          28          10   1.7320330968714913E-016
          28          11   2.1379169898028656E-015
          28          12   5.5176316935431472E-016
          28          13  -4.9493702552851605E-016
          28          14   9.6976481210651926E-016
          28          15  -1.8259177619107985E-015
          28          16  -8.5123060297009101E-016
          28          17   1.1242051951438834E-015
          28          18   2.5193757258945952E-014
          28          19  -2.4855117963795692E-014
          28          20   1.7314600271126658E-014
          28          21   3.6212352561015848E-016
          28          22  -3.8887913712343208E-002
          28          23  -5.0208689804027618E-014
          28          24  -2.2145961218981390E-015
          28          25   2.1684043449710089E-016
          28          26  -1.1642616806364206E-015
          28          27   3.8760227666356784E-016
          28          28   2.7403650529057005E-002
          28          29   3.9395789099260193E-015
          29           1  -3.1712196092337074E-002
          29           2 -0.11956850609441891     
          29           3   2.5192623178803720E-015
          29           4  -2.0242134558884368E-015
          29           5   7.7318803031205204E-015
          29           6  0.56122729837684060     
          29           7  -1.9317260978665314E-015
          29           8   2.9913259840788968E-015
          29           9  -6.3158010623393879E-015
          29          10   4.4443036191134003E-002
          29          11   2.9038812602377142E-016
          29          12  -2.9688183185898511E-016
          29          13   9.6516503333105547E-016
          29          14   1.6532220343637789E-002
          29          15  -1.6258956135771807E-016
          29          16   8.7093388885782999E-017
          29          17  -2.0593007644564279E-016
          29          18  0.11809156201682269     
          29          19   1.0207646116760136E-013
          29          20  0.11809156201681842     
          29          21  -1.8822883446799981E-015
          29          22  -5.4144320540872700E-014
          29          23  0.11809156201681312     
          29          24   3.8323863994951184E-002
          29          25  -5.1032443205103122E-015
          29          26   3.8323863994951538E-002
          29          27  -1.0083925989586138E-016
          29          28   3.9395789099260193E-015
          29          29   3.8323863994952356E-002
