           1           1   2.1797224465148872     
           1           2  0.67063279242065832     
           1           3   9.2142630579838304E-014
           1           4   5.9085889546348761E-014
           1           5  -5.8398613916575314E-014
           1           6 -0.18596296863542272     
           1           7  -7.6331686655122843E-014
           1           8  -7.7032079836241872E-014
           1           9   1.1598395437305733E-013
           1          10   1.5847781862230594E-002
           1          11  -2.2361186461076348E-015
           1          12   3.4017445443939327E-014
           1          13   8.8202876969218616E-016
           1          14  -1.0632660133255164E-002
           1          15   1.7374646651699396E-014
           1          16  -1.7190696483582288E-014
           1          17  -2.9248172091248427E-014
           1          18   1.4105752840525477E-002
           1          19  -4.8937200805470836E-006
           1          20   1.4114547724781568E-002
           1          21   1.8950754011024570E-005
           1          22   6.5948211041338416E-005
           1          23   1.4445249605421262E-002
           1          24   1.4610855111001869E-003
           1          25  -3.0377598963573442E-005
           1          26   1.3740564842794354E-003
           1          27  -1.7431377646096290E-004
           1          28  -6.4884402207964929E-004
           1          29  -1.8983949011946197E-003
           2           1  0.67063279242065832     
           2           2   2.5037612751724243     
           2           3   1.0993904042769714E-013
           2           4   8.3213410446375527E-014
           2           5  -8.9123766284167483E-014
           2           6 -0.88572485515912414     
           2           7  -7.2960856250966400E-014
           2           8  -1.0937687942954154E-013
           2           9   1.7563773349450234E-013
           2          10   7.5948428521880343E-002
           2          11  -5.6118236178859939E-015
           2          12   3.8531651654540057E-014
           2          13  -1.0681790570031869E-015
           2          14  -4.4126390350181448E-002
           2          15   3.0161836058394632E-014
           2          16  -3.2367755288623479E-014
           2          17  -4.4461268531495123E-014
           2          18   9.2458180697267255E-003
           2          19  -2.2554093716772293E-005
           2          20   9.2767129642584954E-003
           2          21   6.7469877485396994E-005
           2          22   2.3191917864331740E-004
           2          23   1.0438409848904671E-002
           2          24   7.9349176326365227E-003
           2          25  -1.3181491322431389E-004
           2          26   7.5564222110257647E-003
           2          27  -7.5815320095339522E-004
           2          28  -2.8218829716745129E-003
           2          29  -6.6757013254699939E-003
           3           1   9.2142630579838304E-014
           3           2   1.0993904042769714E-013
           3           3   2.2234482893845096     
           3           4   4.6160315411761940E-005
           3           5   2.8235418268968891E-004
           3           6   6.3373444452449308E-015
           3           7 -0.70570641405417134     
           3           8  -8.1104509390458255E-005
           3           9  -4.9724945850341900E-004
           3          10  -1.5136906280849115E-014
           3          11  -4.1770896535512836E-003
           3          12   3.2737992285364575E-004
           3          13   1.9940961713745754E-003
           3          14  -1.7825704734661587E-014
           3          15   1.2558802484083061E-003
           3          16   2.7006704183052177E-004
           3          17   1.6037459950353425E-003
           3          18   2.8716458550215319E-014
           3          19  -1.5100583994991152E-014
           3          20  -2.0250846782193801E-015
           3          21   5.1587437421864433E-014
           3          22   3.4920577074528052E-014
           3          23   3.0220129376968087E-014
           3          24  -1.7850693923018433E-014
           3          25   4.1214723415569967E-015
           3          26   1.3786567072640844E-014
           3          27   4.0903133773587926E-014
           3          28  -2.5229659391678895E-014
           3          29  -1.2618571228611465E-014
           4           1   5.9085889546348761E-014
           4           2   8.3213410446375527E-014
           4           3   4.6160315411761940E-005
           4           4   2.2236107815777073     
           4           5   1.0492948580151794E-003
           4           6  -2.4227289626047263E-014
           4           7  -8.1104500561832166E-005
           4           8 -0.70599255882958234     
           4           9  -1.8477913010836555E-003
           4          10   2.4899565505363297E-014
           4          11   3.2737995757489848E-004
           4          12  -3.0293765143212643E-003
           4          13   7.4113044222384340E-003
           4          14  -8.8180233986872564E-015
           4          15   2.7006696159970829E-004
           4          16   2.1795611350906431E-003
           4          17   5.9643147358468453E-003
           4          18   2.3813451136753887E-014
           4          19   1.8517292280703277E-014
           4          20   1.8568020530080715E-014
           4          21  -2.0396425599203115E-014
           4          22  -4.5972886704279090E-014
           4          23  -9.8451932105026460E-015
           4          24   1.7457018033650332E-014
           4          25   6.3143307433852318E-015
           4          26  -1.8987747201815144E-015
           4          27  -4.7155088804195669E-015
           4          28  -1.4890905690632950E-014
           4          29   1.5961427902841162E-014
           5           1  -5.8398613916575314E-014
           5           2  -8.9123766284167483E-014
           5           3   2.8235418268968891E-004
           5           4   1.0492948580151794E-003
           5           5   2.2297207892035438     
           5           6   7.0790192077275373E-014
           5           7  -4.9724938153150383E-004
           5           8  -1.8477912114707898E-003
           5           9 -0.71675213297082241     
           5          10  -6.1242343659530265E-015
           5          11   1.9940964742262281E-003
           5          12   7.4113047748336899E-003
           5          13   4.0126763776436675E-002
           5          14   4.8909772544033133E-014
           5          15   1.6037452953540847E-003
           5          16   5.9643139212973498E-003
           5          17   3.6911683951675704E-002
           5          18  -2.2874475274527047E-014
           5          19  -1.9958980723589382E-014
           5          20  -1.1911758944477286E-014
           5          21   1.9367830644336624E-014
           5          22  -7.2682416024089079E-016
           5          23   3.7571262759759214E-015
           5          24  -2.1096094889112236E-014
           5          25  -2.8358376509562374E-014
           5          26  -2.6114788305283047E-015
           5          27   1.8318151224231809E-014
           5          28   2.2495039497488222E-014
           5          29  -7.6348943209823374E-015
           6           1 -0.18596296863542272     
           6           2 -0.88572485515912414     
           6           3   6.3373444452449308E-015
           6           4  -2.4227289626047263E-014
           6           5   7.0790192077275373E-014
           6           6   2.3641879743148353     
           6           7  -9.6306883817561945E-014
           6           8  -1.4195674591665503E-014
           6           9  -1.3937101369235480E-013
           6          10 -0.19310760285427242     
           6          11   3.0034878277426097E-014
           6          12   8.4499899030195859E-015
           6          13  -1.8096479173693785E-014
           6          14  0.12097426841128479     
           6          15   3.3025689764579709E-015
           6          16   1.7467707328060110E-014
           6          17   5.7163320493787939E-014
           6          18  -6.1242743640301080E-003
           6          19   8.2996912860574854E-005
           6          20  -6.2533939353466104E-003
           6          21  -2.8008903416920205E-004
           6          22  -9.6873000382197171E-004
           6          23  -1.1108507892210974E-002
           6          24  -1.4672399349790836E-002
           6          25   3.8259991452225275E-004
           6          26  -1.3636712297484803E-002
           6          27   2.0708815563257026E-003
           6          28   7.7205523709976973E-003
           6          29   2.5307021453882129E-002
           7           1  -7.6331686655122843E-014
           7           2  -7.2960856250966400E-014
           7           3 -0.70570641405417134     
           7           4  -8.1104500561832166E-005
           7           5  -4.9724938153150383E-004
           7           6  -9.6306883817561945E-014
           7           7   2.2233736179234658     
           7           8   1.3247556800290150E-004
           7           9   8.0675616501588534E-004
           7          10   1.1417235887845445E-015
           7          11   6.8914484953275885E-004
           7          12  -6.2225712466623781E-004
           7          13  -3.8331319611146410E-003
           7          14  -9.8003172703863474E-015
           7          15   2.6424602288340525E-003
           7          16  -4.4496613062646308E-004
           7          17  -2.6203099800121924E-003
           7          18  -2.4862511323434300E-014
           7          19   3.2957652391166600E-015
           7          20   6.5206784844010972E-014
           7          21  -1.6529050860624580E-014
           7          22  -6.2945986309144267E-014
           7          23  -5.4962916495530733E-014
           7          24  -1.1704003407823202E-015
           7          25  -2.6142461230403010E-014
           7          26  -1.4623114610160200E-014
           7          27  -2.0871244490733841E-014
           7          28   3.1803401136724697E-014
           7          29   2.6197032432755943E-014
           8           1  -7.7032079836241872E-014
           8           2  -1.0937687942954154E-013
           8           3  -8.1104509390458255E-005
           8           4 -0.70599255882958234     
           8           5  -1.8477912114707898E-003
           8           6  -1.4195674591665503E-014
           8           7   1.3247556800290150E-004
           8           8   2.2238379534473234     
           8           9   2.9984241164522961E-003
           8          10  -5.9729661525781441E-014
           8          11  -6.2225724898828927E-004
           8          12  -1.5163740424685751E-003
           8          13  -1.4242361292072441E-002
           8          14   5.2673288069341826E-015
           8          15  -4.4496604826002053E-004
           8          16   1.1329383165638858E-003
           8          17  -9.7469869813831943E-003
           8          18  -4.1784375373350443E-014
           8          19   1.8348698752426626E-014
           8          20  -6.2216651049703932E-014
           8          21   3.0802735893725692E-015
           8          22   4.8038428240140129E-014
           8          23   1.4294576087901690E-014
           8          24  -7.5830143476539302E-015
           8          25  -1.4849830747212009E-015
           8          26  -2.2106562216069249E-014
           8          27  -3.7773990322640387E-014
           8          28   6.9705517116553324E-015
           8          29  -3.0518846686739616E-014
           9           1   1.1598395437305733E-013
           9           2   1.7563773349450234E-013
           9           3  -4.9724945850341900E-004
           9           4  -1.8477913010836555E-003
           9           5 -0.71675213297082241     
           9           6  -1.3937101369235480E-013
           9           7   8.0675616501588534E-004
           9           8   2.9984241164522961E-003
           9           9   2.2412978316158454     
           9          10   1.4023558263294166E-014
           9          11  -3.8331330453652158E-003
           9          12  -1.4242362554343810E-002
           9          13  -8.4447968582206837E-002
           9          14  -5.6300215990452085E-014
           9          15  -2.6203092615356902E-003
           9          16  -9.7469861449542942E-003
           9          17  -5.5627905196971889E-002
           9          18   1.5308886011710894E-014
           9          19  -3.1979371675871152E-014
           9          20   5.3934875758589627E-014
           9          21  -9.8006244512325836E-015
           9          22   8.1164312450802880E-014
           9          23  -2.4809658995920051E-014
           9          24  -8.8383546397185767E-015
           9          25  -1.1869783549060110E-014
           9          26   2.9572018190365317E-014
           9          27   1.3570354368469612E-014
           9          28   2.9097666564324858E-014
           9          29   2.1559301639746165E-014
          10           1   1.5847781862230594E-002
          10           2   7.5948428521880343E-002
          10           3  -1.5136906280849115E-014
          10           4   2.4899565505363297E-014
          10           5  -6.1242343659530265E-015
          10           6 -0.19310760285427242     
          10           7   1.1417235887845445E-015
          10           8  -5.9729661525781441E-014
          10           9   1.4023558263294166E-014
          10          10  0.44139329628199475     
          10          11  -9.6294791260050561E-014
          10          12  -1.2321156402099832E-013
          10          13   7.3988803973765651E-014
          10          14 -0.28600916059735443     
          10          15  -1.6756823805432536E-015
          10          16  -1.2061177098962270E-014
          10          17   3.0983709024557050E-014
          10          18   1.2420216023040987E-002
          10          19  -3.2699675930770978E-004
          10          20   1.1659508237329284E-002
          10          21  -1.5133457412210927E-003
          10          22  -5.6685297505294384E-003
          10          23  -1.6944500507510570E-002
          10          24   3.7882997598657556E-002
          10          25  -7.2298348706281766E-004
          10          26   3.5738855471656963E-002
          10          27  -4.2988481796716891E-003
          10          28  -1.5986837392198749E-002
          10          29  -4.4884827969661659E-002
          11           1  -2.2361186461076348E-015
          11           2  -5.6118236178859939E-015
          11           3  -4.1770896535512836E-003
          11           4   3.2737995757489848E-004
          11           5   1.9940964742262281E-003
          11           6   3.0034878277426097E-014
          11           7   6.8914484953275885E-004
          11           8  -6.2225724898828927E-004
          11           9  -3.8331330453652158E-003
          11          10  -9.6294791260050561E-014
          11          11   5.8919755532417279E-004
          11          12   2.1065394106398786E-003
          11          13   1.2618779883744321E-002
          11          14   6.5618215629631731E-014
          11          15   5.6311554237599654E-004
          11          16   2.1121944901961527E-003
          11          17   1.2652164910490973E-002
          11          18  -3.5150188198034189E-015
          11          19  -7.3116514230591018E-015
          11          20  -3.3896335213879148E-015
          11          21   2.0593730473690594E-015
          11          22   1.1093222550602471E-015
          11          23   4.8182605182865754E-015
          11          24  -8.8801007903199446E-015
          11          25  -4.5218285051405922E-015
          11          26  -8.8040730672374010E-015
          11          27   2.1741505055526700E-015
          11          28   3.2547933728822910E-015
          11          29   1.0870695334705361E-014
          12           1   3.4017445443939327E-014
          12           2   3.8531651654540057E-014
          12           3   3.2737992285364575E-004
          12           4  -3.0293765143212643E-003
          12           5   7.4113047748336899E-003
          12           6   8.4499899030195859E-015
          12           7  -6.2225712466623781E-004
          12           8  -1.5163740424685751E-003
          12           9  -1.4242362554343810E-002
          12          10  -1.2321156402099832E-013
          12          11   2.1065394106398786E-003
          12          12   7.8552793672847336E-003
          12          13   4.6918777567464591E-002
          12          14   9.1956224440781147E-014
          12          15   2.1121936846382298E-003
          12          16   7.8484276297670942E-003
          12          17   4.7042954913286063E-002
          12          18  -5.3842517695832688E-015
          12          19  -8.8535235670481914E-014
          12          20  -4.8056574222272152E-015
          12          21   1.6906581346952964E-014
          12          22   3.0666652940497767E-015
          12          23   7.2159954427259591E-015
          12          24  -1.2705059644216316E-014
          12          25  -5.5712803124403084E-014
          12          26  -1.3445880719340570E-014
          12          27   1.2235984725533923E-014
          12          28   4.9198175590443147E-015
          12          29   1.5757517893445859E-014
          13           1   8.8202876969218616E-016
          13           2  -1.0681790570031869E-015
          13           3   1.9940961713745754E-003
          13           4   7.4113044222384340E-003
          13           5   4.0126763776436675E-002
          13           6  -1.8096479173693785E-014
          13           7  -3.8331319611146410E-003
          13           8  -1.4242361292072441E-002
          13           9  -8.4447968582206837E-002
          13          10   7.3988803973765651E-014
          13          11   1.2618779883744321E-002
          13          12   4.6918777567464591E-002
          13          13  0.28107342838326110     
          13          14   2.3657897466471629E-014
          13          15   1.2652157885483736E-002
          13          16   4.7042946734831115E-002
          13          17  0.28178971168886435     
          13          18  -1.5483996772688595E-014
          13          19   3.4550661901796879E-014
          13          20  -1.7734965543282835E-014
          13          21   3.7537918368201990E-015
          13          22  -1.5523399914313468E-014
          13          23   1.7549359437941638E-014
          13          24  -8.8140631158655892E-015
          13          25   2.2328660080939094E-014
          13          26  -1.7366765807937450E-014
          13          27   6.2442938845533561E-015
          13          28  -1.6063695249644797E-014
          13          29   1.6408028314026425E-014
          14           1  -1.0632660133255164E-002
          14           2  -4.4126390350181448E-002
          14           3  -1.7825704734661587E-014
          14           4  -8.8180233986872564E-015
          14           5   4.8909772544033133E-014
          14           6  0.12097426841128479     
          14           7  -9.8003172703863474E-015
          14           8   5.2673288069341826E-015
          14           9  -5.6300215990452085E-014
          14          10 -0.28600916059735443     
          14          11   6.5618215629631731E-014
          14          12   9.1956224440781147E-014
          14          13   2.3657897466471629E-014
          14          14  0.18534304561374776     
          14          15   4.3073799441882773E-015
          14          16   1.9634756418971246E-014
          14          17   5.1096600283290362E-014
          14          18  -8.0225504826691336E-003
          14          19   1.7823551382674437E-004
          14          20  -7.5296203895680357E-003
          14          21   9.8627288189671761E-004
          14          22   3.6747420280451204E-003
          14          23   1.1005458745744242E-002
          14          24  -2.4542460051084593E-002
          14          25   4.4708532343965891E-004
          14          26  -2.3153369772616419E-002
          14          27   2.7885955146844180E-003
          14          28   1.0358142549285396E-002
          14          29   2.9078978836182899E-002
          15           1   1.7374646651699396E-014
          15           2   3.0161836058394632E-014
          15           3   1.2558802484083061E-003
          15           4   2.7006696159970829E-004
          15           5   1.6037452953540847E-003
          15           6   3.3025689764579709E-015
          15           7   2.6424602288340525E-003
          15           8  -4.4496604826002053E-004
          15           9  -2.6203092615356902E-003
          15          10  -1.6756823805432536E-015
          15          11   5.6311554237599654E-004
          15          12   2.1121936846382298E-003
          15          13   1.2652157885483736E-002
          15          14   4.3073799441882773E-015
          15          15   5.7618035793527411E-004
          15          16   2.1207132481562072E-003
          15          17   1.2703537856783857E-002
          15          18  -6.9072209055243429E-016
          15          19   9.0758746036342038E-015
          15          20  -6.3479699737684070E-016
          15          21  -1.0736501027629066E-015
          15          22  -1.0189080491982290E-015
          15          23   1.0788484768518264E-015
          15          24  -8.4445847140778638E-016
          15          25   5.7550667802999593E-015
          15          26  -1.1744965152432674E-015
          15          27  -4.6080061446133412E-016
          15          28  -7.1825114654899266E-016
          15          29   1.3809631972881617E-015
          16           1  -1.7190696483582288E-014
          16           2  -3.2367755288623479E-014
          16           3   2.7006704183052177E-004
          16           4   2.1795611350906431E-003
          16           5   5.9643139212973498E-003
          16           6   1.7467707328060110E-014
          16           7  -4.4496613062646308E-004
          16           8   1.1329383165638858E-003
          16           9  -9.7469861449542942E-003
          16          10  -1.2061177098962270E-014
          16          11   2.1121944901961527E-003
          16          12   7.8484276297670942E-003
          16          13   4.7042946734831115E-002
          16          14   1.9634756418971246E-014
          16          15   2.1207132481562072E-003
          16          16   7.8910713754809670E-003
          16          17   4.7233954193293091E-002
          16          18  -3.5055212026519666E-015
          16          19   1.1754445748139055E-014
          16          20  -3.8280893582770887E-015
          16          21  -3.2714678438138493E-016
          16          22  -2.3037001733184589E-015
          16          23   3.7393898808003533E-015
          16          24  -3.6433879959077278E-015
          16          25   7.5205009942168028E-015
          16          26  -4.9169069479567022E-015
          16          27   6.1772577545025346E-016
          16          28  -1.9102660955136665E-015
          16          29   5.2656643613154457E-015
          17           1  -2.9248172091248427E-014
          17           2  -4.4461268531495123E-014
          17           3   1.6037459950353425E-003
          17           4   5.9643147358468453E-003
          17           5   3.6911683951675704E-002
          17           6   5.7163320493787939E-014
          17           7  -2.6203099800121924E-003
          17           8  -9.7469869813831943E-003
          17           9  -5.5627905196971889E-002
          17          10   3.0983709024557050E-014
          17          11   1.2652164910490973E-002
          17          12   4.7042954913286063E-002
          17          13  0.28178971168886435     
          17          14   5.1096600283290362E-014
          17          15   1.2703537856783857E-002
          17          16   4.7233954193293091E-002
          17          17  0.28294461908216673     
          17          18  -1.7138007866998448E-014
          17          19   1.3746642694556808E-015
          17          20  -1.8387851883691137E-014
          17          21   9.2762751127536888E-015
          17          22  -1.2330243991578801E-014
          17          23   1.7930104504998642E-014
          17          24  -1.2716900568316616E-014
          17          25   1.4535306151675176E-015
          17          26  -2.0518869446445576E-014
          17          27   1.0285867563886510E-014
          17          28  -1.3102157264768152E-014
          17          29   2.0986542740862182E-014
          18           1   1.4105752840525477E-002
          18           2   9.2458180697267255E-003
          18           3   2.8716458550215319E-014
          18           4   2.3813451136753887E-014
          18           5  -2.2874475274527047E-014
          18           6  -6.1242743640301080E-003
          18           7  -2.4862511323434300E-014
          18           8  -4.1784375373350443E-014
          18           9   1.5308886011710894E-014
          18          10   1.2420216023040987E-002
          18          11  -3.5150188198034189E-015
          18          12  -5.3842517695832688E-015
          18          13  -1.5483996772688595E-014
          18          14  -8.0225504826691336E-003
          18          15  -6.9072209055243429E-016
          18          16  -3.5055212026519666E-015
          18          17  -1.7138007866998448E-014
          18          18   6.1401526217434211E-004
          18          19  -3.1348506995759469E-003
          18          20   5.8583857537746181E-004
          18          21   4.6743942348898422E-004
          18          22  -6.1643947391094508E-005
          18          23  -4.7337214510036272E-004
          18          24   1.1106395272682226E-003
          18          25  -2.0013536213310517E-003
          18          26   1.0486071129338448E-003
          18          27   2.0762870102881059E-004
          18          28  -3.6845330577508475E-004
          18          29  -1.2837453137250353E-003
          19           1  -4.8937200805470836E-006
          19           2  -2.2554093716772293E-005
          19           3  -1.5100583994991152E-014
          19           4   1.8517292280703277E-014
          19           5  -1.9958980723589382E-014
          19           6   8.2996912860574854E-005
          19           7   3.2957652391166600E-015
          19           8   1.8348698752426626E-014
          19           9  -3.1979371675871152E-014
          19          10  -3.2699675930770978E-004
          19          11  -7.3116514230591018E-015
          19          12  -8.8535235670481914E-014
          19          13   3.4550661901796879E-014
          19          14   1.7823551382674437E-004
          19          15   9.0758746036342038E-015
          19          16   1.1754445748139055E-014
          19          17   1.3746642694556808E-015
          19          18  -3.1348506995759469E-003
          19          19  0.51009684287333568     
          19          20  -2.8950282947837109E-003
          19          21  -8.5017922811565783E-002
          19          22  -2.2435803233089587E-002
          19          23   6.0763220760904936E-003
          19          24  -1.9928712455654315E-003
          19          25  0.32342630639342240     
          19          26  -1.8395725038528696E-003
          19          27  -5.3902957815663913E-002
          19          28  -1.4216133013309156E-002
          19          29   3.8953012009157136E-003
          20           1   1.4114547724781568E-002
          20           2   9.2767129642584954E-003
          20           3  -2.0250846782193801E-015
          20           4   1.8568020530080715E-014
          20           5  -1.1911758944477286E-014
          20           6  -6.2533939353466104E-003
          20           7   6.5206784844010972E-014
          20           8  -6.2216651049703932E-014
          20           9   5.3934875758589627E-014
          20          10   1.1659508237329284E-002
          20          11  -3.3896335213879148E-015
          20          12  -4.8056574222272152E-015
          20          13  -1.7734965543282835E-014
          20          14  -7.5296203895680357E-003
          20          15  -6.3479699737684070E-016
          20          16  -3.8280893582770887E-015
          20          17  -1.8387851883691137E-014
          20          18   5.8583857537746181E-004
          20          19  -2.8950282947837109E-003
          20          20   5.5936971819384911E-004
          20          21   4.3075636141913943E-004
          20          22  -6.0273633221892710E-005
          20          23  -4.3564524768634151E-004
          20          24   1.0430363008951458E-003
          20          25  -1.8484561546926548E-003
          20          26   9.8477717351611992E-004
          20          27   1.8977552354134303E-004
          20          28  -3.4752113011809544E-004
          20          29  -1.2057065361373745E-003
          21           1   1.8950754011024570E-005
          21           2   6.7469877485396994E-005
          21           3   5.1587437421864433E-014
          21           4  -2.0396425599203115E-014
          21           5   1.9367830644336624E-014
          21           6  -2.8008903416920205E-004
          21           7  -1.6529050860624580E-014
          21           8   3.0802735893725692E-015
          21           9  -9.8006244512325836E-015
          21          10  -1.5133457412210927E-003
          21          11   2.0593730473690594E-015
          21          12   1.6906581346952964E-014
          21          13   3.7537918368201990E-015
          21          14   9.8627288189671761E-004
          21          15  -1.0736501027629066E-015
          21          16  -3.2714678438138493E-016
          21          17   9.2762751127536888E-015
          21          18   4.6743942348898422E-004
          21          19  -8.5017922811565783E-002
          21          20   4.3075636141913943E-004
          21          21   1.4176729286473204E-002
          21          22   3.7639484121979117E-003
          21          23  -9.4085847087439745E-004
          21          24   1.9472277873894294E-004
          21          25  -5.3903786262901175E-002
          21          26   1.7680232996010665E-004
          21          27   8.9994535620908731E-003
          21          28   2.4263340539283583E-003
          21          29  -4.9213251830322992E-004
          22           1   6.5948211041338416E-005
          22           2   2.3191917864331740E-004
          22           3   3.4920577074528052E-014
          22           4  -4.5972886704279090E-014
          22           5  -7.2682416024089079E-016
          22           6  -9.6873000382197171E-004
          22           7  -6.2945986309144267E-014
          22           8   4.8038428240140129E-014
          22           9   8.1164312450802880E-014
          22          10  -5.6685297505294384E-003
          22          11   1.1093222550602471E-015
          22          12   3.0666652940497767E-015
          22          13  -1.5523399914313468E-014
          22          14   3.6747420280451204E-003
          22          15  -1.0189080491982290E-015
          22          16  -2.3037001733184589E-015
          22          17  -1.2330243991578801E-014
          22          18  -6.1643947391094508E-005
          22          19  -2.2435803233089587E-002
          22          20  -6.0273633221892710E-005
          22          21   3.7639484121979117E-003
          22          22   1.0758593565976459E-003
          22          23  -6.7055836563778104E-006
          22          24  -4.1048170927125677E-004
          22          25  -1.4219130569141317E-002
          22          26  -3.8956859053395168E-004
          22          27   2.4267972319575583E-003
          22          28   8.3162204961477427E-004
          22          29   3.9809826934503629E-004
          23           1   1.4445249605421262E-002
          23           2   1.0438409848904671E-002
          23           3   3.0220129376968087E-014
          23           4  -9.8451932105026460E-015
          23           5   3.7571262759759214E-015
          23           6  -1.1108507892210974E-002
          23           7  -5.4962916495530733E-014
          23           8   1.4294576087901690E-014
          23           9  -2.4809658995920051E-014
          23          10  -1.6944500507510570E-002
          23          11   4.8182605182865754E-015
          23          12   7.2159954427259591E-015
          23          13   1.7549359437941638E-014
          23          14   1.1005458745744242E-002
          23          15   1.0788484768518264E-015
          23          16   3.7393898808003533E-015
          23          17   1.7930104504998642E-014
          23          18  -4.7337214510036272E-004
          23          19   6.0763220760904936E-003
          23          20  -4.3564524768634151E-004
          23          21  -9.4085847087439745E-004
          23          22  -6.7055836563778104E-006
          23          23   9.8240348686351171E-004
          23          24  -1.4987902843589646E-003
          23          25   3.8713416408157186E-003
          23          26  -1.4151807009204790E-003
          23          27  -4.7663195432472616E-004
          23          28   4.4086165222388760E-004
          23          29   1.7283433503116779E-003
          24           1   1.4610855111001869E-003
          24           2   7.9349176326365227E-003
          24           3  -1.7850693923018433E-014
          24           4   1.7457018033650332E-014
          24           5  -2.1096094889112236E-014
          24           6  -1.4672399349790836E-002
          24           7  -1.1704003407823202E-015
          24           8  -7.5830143476539302E-015
          24           9  -8.8383546397185767E-015
          24          10   3.7882997598657556E-002
          24          11  -8.8801007903199446E-015
          24          12  -1.2705059644216316E-014
          24          13  -8.8140631158655892E-015
          24          14  -2.4542460051084593E-002
          24          15  -8.4445847140778638E-016
          24          16  -3.6433879959077278E-015
          24          17  -1.2716900568316616E-014
          24          18   1.1106395272682226E-003
          24          19  -1.9928712455654315E-003
          24          20   1.0430363008951458E-003
          24          21   1.9472277873894294E-004
          24          22  -4.1048170927125677E-004
          24          23  -1.4987902843589646E-003
          24          24   3.2678705703465564E-003
          24          25  -1.3075840126592806E-003
          24          26   3.0832316425684222E-003
          24          27  -1.6142197502134133E-004
          24          28  -1.3175291281445644E-003
          24          29  -3.8594179003908972E-003
          25           1  -3.0377598963573442E-005
          25           2  -1.3181491322431389E-004
          25           3   4.1214723415569967E-015
          25           4   6.3143307433852318E-015
          25           5  -2.8358376509562374E-014
          25           6   3.8259991452225275E-004
          25           7  -2.6142461230403010E-014
          25           8  -1.4849830747212009E-015
          25           9  -1.1869783549060110E-014
          25          10  -7.2298348706281766E-004
          25          11  -4.5218285051405922E-015
          25          12  -5.5712803124403084E-014
          25          13   2.2328660080939094E-014
          25          14   4.4708532343965891E-004
          25          15   5.7550667802999593E-015
          25          16   7.5205009942168028E-015
          25          17   1.4535306151675176E-015
          25          18  -2.0013536213310517E-003
          25          19  0.32342630639342240     
          25          20  -1.8484561546926548E-003
          25          21  -5.3903786262901175E-002
          25          22  -1.4219130569141317E-002
          25          23   3.8713416408157186E-003
          25          24  -1.3075840126592806E-003
          25          25  0.20506868277830514     
          25          26  -1.2078798100045344E-003
          25          27  -3.4172045278577957E-002
          25          28  -8.9950316702300422E-003
          25          29   2.5225146148038376E-003
          26           1   1.3740564842794354E-003
          26           2   7.5564222110257647E-003
          26           3   1.3786567072640844E-014
          26           4  -1.8987747201815144E-015
          26           5  -2.6114788305283047E-015
          26           6  -1.3636712297484803E-002
          26           7  -1.4623114610160200E-014
          26           8  -2.2106562216069249E-014
          26           9   2.9572018190365317E-014
          26          10   3.5738855471656963E-002
          26          11  -8.8040730672374010E-015
          26          12  -1.3445880719340570E-014
          26          13  -1.7366765807937450E-014
          26          14  -2.3153369772616419E-002
          26          15  -1.1744965152432674E-015
          26          16  -4.9169069479567022E-015
          26          17  -2.0518869446445576E-014
          26          18   1.0486071129338448E-003
          26          19  -1.8395725038528696E-003
          26          20   9.8477717351611992E-004
          26          21   1.7680232996010665E-004
          26          22  -3.8956859053395168E-004
          26          23  -1.4151807009204790E-003
          26          24   3.0832316425684222E-003
          26          25  -1.2078798100045344E-003
          26          26   2.9090617388875732E-003
          26          27  -1.5655491952042420E-004
          26          28  -1.2440394572512084E-003
          26          29  -3.6399420190818222E-003
          27           1  -1.7431377646096290E-004
          27           2  -7.5815320095339522E-004
          27           3   4.0903133773587926E-014
          27           4  -4.7155088804195669E-015
          27           5   1.8318151224231809E-014
          27           6   2.0708815563257026E-003
          27           7  -2.0871244490733841E-014
          27           8  -3.7773990322640387E-014
          27           9   1.3570354368469612E-014
          27          10  -4.2988481796716891E-003
          27          11   2.1741505055526700E-015
          27          12   1.2235984725533923E-014
          27          13   6.2442938845533561E-015
          27          14   2.7885955146844180E-003
          27          15  -4.6080061446133412E-016
          27          16   6.1772577545025346E-016
          27          17   1.0285867563886510E-014
          27          18   2.0762870102881059E-004
          27          19  -5.3902957815663913E-002
          27          20   1.8977552354134303E-004
          27          21   8.9994535620908731E-003
          27          22   2.4267972319575583E-003
          27          23  -4.7663195432472616E-004
          27          24  -1.6142197502134133E-004
          27          25  -3.4172045278577957E-002
          27          26  -1.5655491952042420E-004
          27          27   5.7386126892581815E-003
          27          28   1.6594167863007746E-003
          27          29   2.9566547007853368E-005
          28           1  -6.4884402207964929E-004
          28           2  -2.8218829716745129E-003
          28           3  -2.5229659391678895E-014
          28           4  -1.4890905690632950E-014
          28           5   2.2495039497488222E-014
          28           6   7.7205523709976973E-003
          28           7   3.1803401136724697E-014
          28           8   6.9705517116553324E-015
          28           9   2.9097666564324858E-014
          28          10  -1.5986837392198749E-002
          28          11   3.2547933728822910E-015
          28          12   4.9198175590443147E-015
          28          13  -1.6063695249644797E-014
          28          14   1.0358142549285396E-002
          28          15  -7.1825114654899266E-016
          28          16  -1.9102660955136665E-015
          28          17  -1.3102157264768152E-014
          28          18  -3.6845330577508475E-004
          28          19  -1.4216133013309156E-002
          28          20  -3.4752113011809544E-004
          28          21   2.4263340539283583E-003
          28          22   8.3162204961477427E-004
          28          23   4.4086165222388760E-004
          28          24  -1.3175291281445644E-003
          28          25  -8.9950316702300422E-003
          28          26  -1.2440394572512084E-003
          28          27   1.6594167863007746E-003
          28          28   9.7635164585566439E-004
          28          29   1.5201283722268654E-003
          29           1  -1.8983949011946197E-003
          29           2  -6.6757013254699939E-003
          29           3  -1.2618571228611465E-014
          29           4   1.5961427902841162E-014
          29           5  -7.6348943209823374E-015
          29           6   2.5307021453882129E-002
          29           7   2.6197032432755943E-014
          29           8  -3.0518846686739616E-014
          29           9   2.1559301639746165E-014
          29          10  -4.4884827969661659E-002
          29          11   1.0870695334705361E-014
          29          12   1.5757517893445859E-014
          29          13   1.6408028314026425E-014
          29          14   2.9078978836182899E-002
          29          15   1.3809631972881617E-015
          29          16   5.2656643613154457E-015
          29          17   2.0986542740862182E-014
          29          18  -1.2837453137250353E-003
          29          19   3.8953012009157136E-003
          29          20  -1.2057065361373745E-003
          29          21  -4.9213251830322992E-004
          29          22   3.9809826934503629E-004
          29          23   1.7283433503116779E-003
          29          24  -3.8594179003908972E-003
          29          25   2.5225146148038376E-003
          29          26  -3.6399420190818222E-003
          29          27   2.9566547007853368E-005
          29          28   1.5201283722268654E-003
          29          29   4.6125314487694916E-003
