           1           1   5.6830758779731108E-002
           1           2  0.11967742434903085     
           1           3   9.1591192109680905E-002
           1           4  -4.5814391998701712E-018
           1           5   5.4256793304561916E-017
           1           6  -5.8469245669224286E-017
           1           7   3.2330375063552080E-016
           1           8  -6.9927322706281899E-017
           1           9   3.2783482867381355E-016
           1          10   1.0291620537593474E-004
           1          11  -3.7790543725538570E-017
           1          12   1.0291620537609684E-004
           1          13  -5.9415848274533634E-017
           1          14   6.4446834889495287E-017
           1          15   1.0291620537592481E-004
           2           1  0.11967742434903085     
           2           2  0.25202348528076030     
           2           3  0.19287790978172389     
           2           4  -9.6478536451935995E-018
           2           5   1.1425702235113524E-016
           2           6  -1.2312784266078029E-016
           2           7   6.8083131369768326E-016
           2           8  -1.4725690898387326E-016
           2           9   6.9037311396202771E-016
           2          10   2.1672676289447262E-004
           2          11  -7.9581463188820091E-017
           2          12   2.1672676289481401E-004
           2          13  -1.2512125193628532E-016
           2          14   1.3571578794004883E-016
           2          15   2.1672676289445172E-004
           3           1   9.1591192109680905E-002
           3           2  0.19287790978172389     
           3           3  0.14761278315123294     
           3           4  -7.3836684025375088E-018
           3           5   8.7442865193377454E-017
           3           6  -9.4231856614028274E-017
           3           7   5.2105191924341337E-016
           3           8  -1.1269824625306582E-016
           3           9   5.2835442316875672E-016
           3          10   1.6586472079884509E-004
           3          11  -6.0905063113983584E-017
           3          12   1.6586472079910635E-004
           3          13  -9.5757447032598132E-017
           3          14   1.0386562773344302E-016
           3          15   1.6586472079882909E-004
           4           1  -4.5814391998701712E-018
           4           2  -9.6478536451935995E-018
           4           3  -7.3836684025375088E-018
           4           4   3.6933494454050904E-034
           4           5  -4.3739377239043354E-033
           4           6   4.7135266156495761E-033
           4           7  -2.6063288761769972E-032
           4           8   5.6372250567731597E-033
           4           9  -2.6428563816828868E-032
           4          10  -8.2966398431998475E-021
           4          11   3.0465030227669494E-033
           4          12  -8.2966398432129168E-021
           4          13   4.7898374440774067E-033
           4          14  -5.1954128716577973E-033
           4          15  -8.2966398431990486E-021
           5           1   5.4256793304561916E-017
           5           2   1.1425702235113524E-016
           5           3   8.7442865193377454E-017
           5           4  -4.3739377239043354E-033
           5           5   5.1799407273511044E-032
           5           6  -5.5821070227909492E-032
           5           7   3.0866075254791940E-031
           5           8  -6.6760190711535802E-032
           5           9   3.1298661005623350E-031
           5          10   9.8254948599480151E-020
           5          11  -3.6078943230911704E-032
           5          12   9.8254948599634912E-020
           5          13  -5.6724799528742734E-032
           5          14   6.1527923871037223E-032
           5          15   9.8254948599470666E-020
           6           1  -5.8469245669224286E-017
           6           2  -1.2312784266078029E-016
           6           3  -9.4231856614028274E-017
           6           4   4.7135266156495761E-033
           6           5  -5.5821070227909492E-032
           6           6   6.0154971753559937E-032
           6           7  -3.3262491699181455E-031
           6           8   7.1943396465136330E-032
           6           9  -3.3728663048387249E-031
           6          10  -1.0588338119490335E-019
           6          11   3.8880082414984989E-032
           6          12  -1.0588338119507014E-019
           6          13   6.1128865846642146E-032
           6          14  -6.6304900773236946E-032
           6          15  -1.0588338119489314E-019
           7           1   3.2330375063552080E-016
           7           2   6.8083131369768326E-016
           7           3   5.2105191924341337E-016
           7           4  -2.6063288761769972E-032
           7           5   3.0866075254791940E-031
           7           6  -3.3262491699181455E-031
           7           7   1.8392384233355397E-030
           7           8  -3.9780861963265743E-031
           7           9   1.8650152131524786E-030
           7          10   5.8547863716157624E-019
           7          11  -2.1498612348951778E-031
           7          12   5.8547863716249847E-019
           7          13  -3.3801003201102517E-031
           7          14   3.6663074510617248E-031
           7          15   5.8547863716151981E-019
           8           1  -6.9927322706281899E-017
           8           2  -1.4725690898387326E-016
           8           3  -1.1269824625306582E-016
           8           4   5.6372250567731597E-033
           8           5  -6.6760190711535802E-032
           8           6   7.1943396465136330E-032
           8           7  -3.9780861963265743E-031
           8           8   8.6041970331961576E-032
           8           9  -4.0338387787298987E-031
           8          10  -1.2663309200080019E-019
           8          11   4.6499318381159506E-032
           8          12  -1.2663309200099967E-019
           8          13   7.3108142234458729E-032
           8          14  -7.9298512240232447E-032
           8          15  -1.2663309200078798E-019
           9           1   3.2783482867381355E-016
           9           2   6.9037311396202771E-016
           9           3   5.2835442316875672E-016
           9           4  -2.6428563816828868E-032
           9           5   3.1298661005623350E-031
           9           6  -3.3728663048387249E-031
           9           7   1.8650152131524786E-030
           9           8  -4.0338387787298987E-031
           9           9   1.8911532627630560E-030
           9          10   5.9368407675056228E-019
           9          11  -2.1799913803316662E-031
           9          12   5.9368407675149741E-019
           9          13  -3.4274721748987344E-031
           9          14   3.7176904775205263E-031
           9          15   5.9368407675050498E-019
          10           1   1.0291620537593474E-004
          10           2   2.1672676289447262E-004
          10           3   1.6586472079884509E-004
          10           4  -8.2966398431998475E-021
          10           5   9.8254948599480151E-020
          10           6  -1.0588338119490335E-019
          10           7   5.8547863716157624E-019
          10           8  -1.2663309200080019E-019
          10           9   5.9368407675056228E-019
          10          10   1.8637346318098363E-007
          10          11  -6.8435816146675973E-020
          10          12   1.8637346318127721E-007
          10          13  -1.0759760691050575E-019
          10          14   1.1670834311791385E-019
          10          15   1.8637346318096566E-007
          11           1  -3.7790543725538570E-017
          11           2  -7.9581463188820091E-017
          11           3  -6.0905063113983584E-017
          11           4   3.0465030227669494E-033
          11           5  -3.6078943230911704E-032
          11           6   3.8880082414984989E-032
          11           7  -2.1498612348951778E-031
          11           8   4.6499318381159506E-032
          11           9  -2.1799913803316662E-031
          11          10  -6.8435816146675973E-020
          11          11   2.5129440917850086E-032
          11          12  -6.8435816146783777E-020
          11          13   3.9509541319190403E-032
          11          14  -4.2854978257525213E-032
          11          15  -6.8435816146669377E-020
          12           1   1.0291620537609684E-004
          12           2   2.1672676289481401E-004
          12           3   1.6586472079910635E-004
          12           4  -8.2966398432129168E-021
          12           5   9.8254948599634912E-020
          12           6  -1.0588338119507014E-019
          12           7   5.8547863716249847E-019
          12           8  -1.2663309200099967E-019
          12           9   5.9368407675149741E-019
          12          10   1.8637346318127721E-007
          12          11  -6.8435816146783777E-020
          12          12   1.8637346318157079E-007
          12          13  -1.0759760691067523E-019
          12          14   1.1670834311809771E-019
          12          15   1.8637346318125924E-007
          13           1  -5.9415848274533634E-017
          13           2  -1.2512125193628532E-016
          13           3  -9.5757447032598132E-017
          13           4   4.7898374440774067E-033
          13           5  -5.6724799528742734E-032
          13           6   6.1128865846642146E-032
          13           7  -3.3801003201102517E-031
          13           8   7.3108142234458729E-032
          13           9  -3.4274721748987344E-031
          13          10  -1.0759760691050575E-019
          13          11   3.9509541319190403E-032
          13          12  -1.0759760691067523E-019
          13          13   6.2118527043870387E-032
          13          14  -6.7378360693889899E-032
          13          15  -1.0759760691049537E-019
          14           1   6.4446834889495287E-017
          14           2   1.3571578794004883E-016
          14           3   1.0386562773344302E-016
          14           4  -5.1954128716577973E-033
          14           5   6.1527923871037223E-032
          14           6  -6.6304900773236946E-032
          14           7   3.6663074510617248E-031
          14           8  -7.9298512240232447E-032
          14           9   3.7176904775205263E-031
          14          10   1.1670834311791385E-019
          14          11  -4.2854978257525213E-032
          14          12   1.1670834311809771E-019
          14          13  -6.7378360693889899E-032
          14          14   7.3083566302042602E-032
          14          15   1.1670834311790261E-019
          15           1   1.0291620537592481E-004
          15           2   2.1672676289445172E-004
          15           3   1.6586472079882909E-004
          15           4  -8.2966398431990486E-021
          15           5   9.8254948599470666E-020
          15           6  -1.0588338119489314E-019
          15           7   5.8547863716151981E-019
          15           8  -1.2663309200078798E-019
          15           9   5.9368407675050498E-019
          15          10   1.8637346318096566E-007
          15          11  -6.8435816146669377E-020
          15          12   1.8637346318125924E-007
          15          13  -1.0759760691049537E-019
          15          14   1.1670834311790261E-019
          15          15   1.8637346318094769E-007
