           1           1   2.2151881125479762     
           1           2 -0.73914874122648899     
           1           3  0.23699034838918676     
           1           4  -6.7346102838836228E-002
           1           5  -1.6046568704679326E-002
           1           6  -3.0157124891932809E-010
           1           7   7.6660502754037492E-011
           1           8  -7.4016535104716372E-010
           1           9  -5.8840603455777209E-012
           1          10   2.0475190942381616E-012
           1          11  -2.3292773767836384E-011
           1          12  -1.8272324651548264E-012
           1          13   1.3256322327468650E-011
           1          14   2.4198647363944405E-012
           1          15   3.5406490494055897E-013
           1          16  -1.2298514022988521E-012
           1          17  -5.2004420292894965E-012
           1          18   9.4994502468829338E-003
           1          19   2.3746944994809984E-008
           1          20   9.4994690827197581E-003
           1          21   1.5619033165858166E-009
           1          22   5.2816137848063821E-008
           1          23   9.4994682419091842E-003
           1          24   5.0994717760739373E-003
           1          25   2.8022154755552159E-008
           1          26   5.0994941569402989E-003
           1          27   1.9235192732126444E-009
           1          28   6.2387987732073075E-008
           1          29   5.0994931316012231E-003
           2           1 -0.73914874122648899     
           2           2   2.5533884554902961     
           2           3 -0.96345271250863174     
           2           4  0.13947732395342632     
           2           5   4.3412582271753278E-002
           2           6   7.3932886085360403E-010
           2           7  -6.5634689116941740E-010
           2           8   1.9203777126159242E-009
           2           9   1.6102903961319946E-011
           2          10  -1.5614554641500980E-011
           2          11   7.8123779877143305E-011
           2          12   5.2622717007650444E-012
           2          13  -3.5656316340601222E-011
           2          14  -2.0465530483085497E-011
           2          15  -1.2525561036470210E-012
           2          16   9.5266721028178035E-012
           2          17   7.2521435654647416E-012
           2          18  -6.5589333318252013E-003
           2          19  -6.6413762236489123E-008
           2          20  -6.5589859723635549E-003
           2          21  -4.3478587742811366E-009
           2          22  -1.4769834378510584E-007
           2          23  -6.5589836293974066E-003
           2          24  -7.9461015017893771E-004
           2          25  -7.6057835254870985E-008
           2          26  -7.9467090291905932E-004
           2          27  -5.2245765709571356E-009
           2          28  -1.6933541969100997E-007
           2          29  -7.9466811858648363E-004
           3           1  0.23699034838918676     
           3           2 -0.96345271250863174     
           3           3   2.6972992236337676     
           3           4 -0.80036941753114310     
           3           5 -0.22938220153487715     
           3           6   1.0831798587658186E-009
           3           7   3.4944586940547489E-009
           3           8   3.8471642947052160E-009
           3           9  -9.4361401014370091E-011
           3          10   1.5831392316962886E-010
           3          11  -2.5355477149011207E-010
           3          12  -5.9684681700437778E-011
           3          13   1.4301343736487805E-010
           3          14   1.3210664646422644E-011
           3          15   1.8985868964304045E-011
           3          16  -3.8265270170972349E-011
           3          17   1.6492577104631750E-011
           3          18   2.5598236769622043E-002
           3          19   3.4070642285351251E-007
           3          20   2.5598507185012401E-002
           3          21   2.2496824024266293E-008
           3          22   7.5785151781767073E-007
           3          23   2.5598495085692154E-002
           3          24   2.4316276607034441E-002
           3          25   4.0839249496986063E-007
           3          26   2.4316602751575728E-002
           3          27   2.8019618012692365E-008
           3          28   9.0921563852786828E-007
           3          29   2.4316587814641216E-002
           4           1  -6.7346102838836228E-002
           4           2  0.13947732395342632     
           4           3 -0.80036941753114310     
           4           4   2.0255310095721955     
           4           5  0.52847070601304513     
           4           6   3.1703957034618559E-009
           4           7  -1.4786674331931700E-008
           4           8   3.2821264226029235E-009
           4           9   1.5379639095088927E-010
           4          10  -1.8242305656696870E-010
           4          11  -1.9333064946859590E-010
           4          12   1.1150809131841043E-010
           4          13  -2.2408529348685963E-010
           4          14  -5.9416044327390749E-014
           4          15  -3.0181215918115398E-011
           4          16   3.1264826841386468E-011
           4          17  -3.3498614735125261E-011
           4          18  -9.4076607161356962E-002
           4          19  -7.7737289356892428E-007
           4          20  -9.4077224910460722E-002
           4          21  -5.1716173749199454E-008
           4          22  -1.7294389866806448E-006
           4          23  -9.4077197134621315E-002
           4          24  -9.1048922898405688E-002
           4          25  -9.7963495001159234E-007
           4          26  -9.1049705106204970E-002
           4          27  -6.7144440354658217E-008
           4          28  -2.1809351301908144E-006
           4          29  -9.1049669304454045E-002
           5           1  -1.6046568704679326E-002
           5           2   4.3412582271753278E-002
           5           3 -0.22938220153487715     
           5           4  0.52847070601304513     
           5           5  0.13806319904287065     
           5           6   1.5959026985467598E-009
           5           7  -1.8616893938408729E-009
           5           8   1.5204541182388094E-009
           5           9   5.2462751541973116E-011
           5          10   3.1626980028600558E-011
           5          11   5.9266268012714862E-011
           5          12   2.6123528171336173E-011
           5          13  -6.6689230620221535E-011
           5          14  -2.8722077083213241E-012
           5          15  -6.6448775721556664E-012
           5          16   1.1758784476699633E-011
           5          17  -7.3457853813626734E-012
           5          18  -2.4434016176748639E-002
           5          19  -2.0311773246246915E-007
           5          20  -2.4434177583945560E-002
           5          21  -1.3511325900552759E-008
           5          22  -4.5187951312923391E-007
           5          23  -2.4434170327108720E-002
           5          24  -2.3649504910509822E-002
           5          25  -2.5578535531020091E-007
           5          26  -2.3649709147579457E-002
           5          27  -1.7531840125918492E-008
           5          28  -5.6944829767673038E-007
           5          29  -2.3649699799542956E-002
           6           1  -3.0157124891932809E-010
           6           2   7.3932886085360403E-010
           6           3   1.0831798587658186E-009
           6           4   3.1703957034618559E-009
           6           5   1.5959026985467598E-009
           6           6   2.2304526555155437     
           6           7   6.0227935381717175E-009
           6           8   7.6016579841552331E-010
           6           9 -0.71615422346390423     
           6          10  -1.4318487721769456E-008
           6          11  -7.1228194195077799E-010
           6          12  -9.1921174805746995E-003
           6          13   2.3969810028792947E-008
           6          14   1.5147988072000210E-009
           6          15   1.5457331383967570E-003
           6          16  -6.7539309176148194E-009
           6          17  -6.2249961857038854E-010
           6          18  -1.3211328134904113E-009
           6          19   1.0339345819617233E-010
           6          20  -1.3745151248149746E-009
           6          21  -3.1876151395099366E-010
           6          22   5.5785097523734241E-011
           6          23  -9.3651197177198030E-010
           6          24  -1.9828780991447956E-009
           6          25   2.0773780641716593E-011
           6          26  -1.5308857279121276E-009
           6          27   1.7427037937742163E-010
           6          28   1.7141314788217421E-010
           6          29  -1.4897713860599664E-009
           7           1   7.6660502754037492E-011
           7           2  -6.5634689116941740E-010
           7           3   3.4944586940547489E-009
           7           4  -1.4786674331931700E-008
           7           5  -1.8616893938408729E-009
           7           6   6.0227935381717175E-009
           7           7   2.2304526578689390     
           7           8   8.3179810886023125E-009
           7           9  -1.9765514239103587E-008
           7          10 -0.71615423458715821     
           7          11  -2.9248157340393490E-008
           7          12   2.5241333646272478E-008
           7          13  -9.1920918109522545E-003
           7          14   5.5641892186512388E-008
           7          15  -5.8765770790614410E-009
           7          16   1.5457255992845117E-003
           7          17  -1.8501744718593782E-008
           7          18  -1.6152241125653175E-009
           7          19   2.1699794224961973E-009
           7          20   3.9660144812628018E-009
           7          21  -7.5453561727926957E-010
           7          22  -1.8270522270113710E-009
           7          23   1.3917712579156815E-009
           7          24   6.2279455621218062E-009
           7          25  -5.2869542699728511E-010
           7          26   3.9492582577012011E-009
           7          27   4.8164066420172952E-010
           7          28   2.8084334442998515E-009
           7          29   7.6400814232163877E-009
           8           1  -7.4016535104716372E-010
           8           2   1.9203777126159242E-009
           8           3   3.8471642947052160E-009
           8           4   3.2821264226029235E-009
           8           5   1.5204541182388094E-009
           8           6   7.6016579841552331E-010
           8           7   8.3179810886023125E-009
           8           8   2.2304526588407683     
           8           9  -2.5598922081187329E-009
           8          10  -3.1420945317713469E-008
           8          11 -0.71615423552345581     
           8          12   1.0701468923883778E-009
           8          13   5.3625135670339140E-008
           8          14  -9.1920954710263646E-003
           8          15  -1.0171739824243635E-010
           8          16  -1.4955231177383583E-008
           8          17   1.5457254575251371E-003
           8          18  -3.1083503141901763E-009
           8          19   3.1709751162295694E-010
           8          20  -1.7112944966461006E-009
           8          21  -8.0434875380314147E-010
           8          22  -6.0609137376663788E-010
           8          23  -2.3689897882772101E-009
           8          24  -2.0187953107238142E-009
           8          25  -5.2710095466519077E-010
           8          26  -1.6067554561059871E-009
           8          27   1.9478355466967474E-010
           8          28   6.0175243044497880E-010
           8          29  -1.2135368207269617E-009
           9           1  -5.8840603455777209E-012
           9           2   1.6102903961319946E-011
           9           3  -9.4361401014370091E-011
           9           4   1.5379639095088927E-010
           9           5   5.2462751541973116E-011
           9           6 -0.71615422346390423     
           9           7  -1.9765514239103587E-008
           9           8  -2.5598922081187329E-009
           9           9   2.2280262805418607     
           9          10   4.7806963443147571E-008
           9          11   3.1795040773706100E-009
           9          12   4.0399767808890572E-003
           9          13  -7.1591779500399341E-008
           9          14  -4.7705070335552187E-009
           9          15   5.1109814180309888E-003
           9          16   2.0062601571080910E-008
           9          17   1.3239982387507699E-009
           9          18   1.9885707021443280E-011
           9          19  -1.2789909015397928E-010
           9          20   5.0666903154012946E-011
           9          21  -1.7537781655992693E-011
           9          22   1.0855917500975449E-011
           9          23   1.8030721214879962E-011
           9          24  -1.4348416434417975E-010
           9          25   4.9517766546066245E-011
           9          26  -1.3017206660766957E-010
           9          27   2.3302029938914323E-011
           9          28  -3.1218063405188636E-011
           9          29  -1.2846311288588019E-010
          10           1   2.0475190942381616E-012
          10           2  -1.5614554641500980E-011
          10           3   1.5831392316962886E-010
          10           4  -1.8242305656696870E-010
          10           5   3.1626980028600558E-011
          10           6  -1.4318487721769456E-008
          10           7 -0.71615423458715821     
          10           8  -3.1420945317713469E-008
          10           9   4.7806963443147571E-008
          10          10   2.2280263246484973     
          10          11   1.0666880678702945E-007
          10          12  -7.1624051352555315E-008
          10          13   4.0399109414100791E-003
          10          14  -1.5940337275960778E-007
          10          15   2.0110425241729087E-008
          10          16   5.1109999411628835E-003
          10          17   4.4661386228113996E-008
          10          18  -7.7317314561487303E-011
          10          19   5.3573702533270733E-011
          10          20  -1.1845178407248998E-010
          10          21   1.1813320185032105E-011
          10          22  -6.2974928552178154E-011
          10          23   9.7315027332946076E-012
          10          24   1.3872781137983162E-010
          10          25  -2.6373114354520278E-012
          10          26   1.2097987911488520E-010
          10          27   2.3562349989366635E-011
          10          28   4.7738691819968517E-011
          10          29   1.2664647680634846E-010
          11           1  -2.3292773767836384E-011
          11           2   7.8123779877143305E-011
          11           3  -2.5355477149011207E-010
          11           4  -1.9333064946859590E-010
          11           5   5.9266268012714862E-011
          11           6  -7.1228194195077799E-010
          11           7  -2.9248157340393490E-008
          11           8 -0.71615423552345581     
          11           9   3.1795040773706100E-009
          11          10   1.0666880678702945E-007
          11          11   2.2280263226009476     
          11          12  -4.8027999822992969E-009
          11          13  -1.5948061796745754E-007
          11          14   4.0399138966894536E-003
          11          15   1.3473774484919198E-009
          11          16   4.4749504154148060E-008
          11          17   5.1109990741180049E-003
          11          18   1.5796665418468202E-010
          11          19   1.6036905573536267E-012
          11          20   2.1168774465700626E-010
          11          21  -9.6287249998760043E-012
          11          22  -1.1638549229938688E-010
          11          23   1.0506047381239047E-010
          11          24   3.2459195297662434E-011
          11          25  -1.2487529902232269E-011
          11          26   1.6758512806467942E-011
          11          27  -1.5960375169994662E-011
          11          28   5.3407353116100987E-011
          11          29  -1.0843999695430884E-012
          12           1  -1.8272324651548264E-012
          12           2   5.2622717007650444E-012
          12           3  -5.9684681700437778E-011
          12           4   1.1150809131841043E-010
          12           5   2.6123528171336173E-011
          12           6  -9.1921174805746995E-003
          12           7   2.5241333646272478E-008
          12           8   1.0701468923883778E-009
          12           9   4.0399767808890572E-003
          12          10  -7.1624051352555315E-008
          12          11  -4.8027999822992969E-009
          12          12   3.8475518335898881E-005
          12          13  -2.7261666675715679E-010
          12          14  -1.1650460015851560E-011
          12          15  -3.3153709815378838E-006
          12          16  -1.2331274410298196E-010
          12          17  -9.4178404543565055E-012
          12          18  -4.7391583318808042E-013
          12          19  -5.1396023170052636E-013
          12          20  -2.7495373666442146E-013
          12          21   1.2460649610940031E-012
          12          22  -2.9436998474955245E-013
          12          23  -2.0204211521908289E-012
          12          24   2.2261397158025161E-012
          12          25  -9.1312664294675739E-014
          12          26   4.2057857182435568E-013
          12          27  -6.7757241002516365E-013
          12          28  -7.7433725071351410E-013
          12          29   2.6071053437245708E-013
          13           1   1.3256322327468650E-011
          13           2  -3.5656316340601222E-011
          13           3   1.4301343736487805E-010
          13           4  -2.2408529348685963E-010
          13           5  -6.6689230620221535E-011
          13           6   2.3969810028792947E-008
          13           7  -9.1920918109522545E-003
          13           8   5.3625135670339140E-008
          13           9  -7.1591779500399341E-008
          13          10   4.0399109414100791E-003
          13          11  -1.5948061796745754E-007
          13          12  -2.7261666675715679E-010
          13          13   3.8475251968399325E-005
          13          14  -6.0278843734310603E-010
          13          15  -1.2875032272283639E-010
          13          16  -3.3154768955809015E-006
          13          17  -2.6566125500588208E-010
          13          18   1.9216821172480832E-011
          13          19  -8.5114141508629048E-012
          13          20  -2.8120646549642621E-012
          13          21   2.9846153592991984E-012
          13          22   7.2261886158974161E-012
          13          23   7.4140466409739392E-012
          13          24  -1.2044501161017322E-011
          13          25   2.1076229743765820E-012
          13          26  -3.0436441621663874E-012
          13          27  -1.8862153497108266E-012
          13          28  -1.1006139784747171E-011
          13          29  -1.7606163503228457E-011
          14           1   2.4198647363944405E-012
          14           2  -2.0465530483085497E-011
          14           3   1.3210664646422644E-011
          14           4  -5.9416044327390749E-014
          14           5  -2.8722077083213241E-012
          14           6   1.5147988072000210E-009
          14           7   5.5641892186512388E-008
          14           8  -9.1920954710263646E-003
          14           9  -4.7705070335552187E-009
          14          10  -1.5940337275960778E-007
          14          11   4.0399138966894536E-003
          14          12  -1.1650460015851560E-011
          14          13  -6.0278843734310603E-010
          14          14   3.8475282304162374E-005
          14          15  -1.0682812288985528E-011
          14          16  -2.7620303547945365E-010
          14          17  -3.3154739711871290E-006
          14          18   1.1597940711133057E-011
          14          19  -1.2916661628726837E-012
          14          20   6.0825298952486971E-012
          14          21   3.1659598692136865E-012
          14          22   2.2370746019246858E-012
          14          23   8.6201286886229886E-012
          14          24   7.2507313778783629E-012
          14          25   2.0320302345550903E-012
          14          26   5.5830513374832456E-012
          14          27  -7.8025387923211759E-013
          14          28  -2.4372728379729557E-012
          14          29   4.0233347100354896E-012
          15           1   3.5406490494055897E-013
          15           2  -1.2525561036470210E-012
          15           3   1.8985868964304045E-011
          15           4  -3.0181215918115398E-011
          15           5  -6.6448775721556664E-012
          15           6   1.5457331383967570E-003
          15           7  -5.8765770790614410E-009
          15           8  -1.0171739824243635E-010
          15           9   5.1109814180309888E-003
          15          10   2.0110425241729087E-008
          15          11   1.3473774484919198E-009
          15          12  -3.3153709815378838E-006
          15          13  -1.2875032272283639E-010
          15          14  -1.0682812288985528E-011
          15          15   1.6807120619581546E-005
          15          16   9.2355872532017832E-011
          15          17   6.5065621719472275E-012
          15          18  -4.0637619895665742E-013
          15          19  -2.0804283195458290E-013
          15          20  -4.1637422306386764E-013
          15          21  -5.5837078285741753E-013
          15          22   8.8224172949211596E-014
          15          23   1.9088283296598811E-013
          15          24  -1.9694728847684902E-012
          15          25   1.5783398901564547E-013
          15          26  -1.2230070274735026E-012
          15          27   3.4219985426252931E-013
          15          28   1.5391261572182736E-013
          15          29  -1.1521654145853043E-012
          16           1  -1.2298514022988521E-012
          16           2   9.5266721028178035E-012
          16           3  -3.8265270170972349E-011
          16           4   3.1264826841386468E-011
          16           5   1.1758784476699633E-011
          16           6  -6.7539309176148194E-009
          16           7   1.5457255992845117E-003
          16           8  -1.4955231177383583E-008
          16           9   2.0062601571080910E-008
          16          10   5.1109999411628835E-003
          16          11   4.4749504154148060E-008
          16          12  -1.2331274410298196E-010
          16          13  -3.3154768955809015E-006
          16          14  -2.7620303547945365E-010
          16          15   9.2355872532017832E-011
          16          16   1.6807200670521260E-005
          16          17   1.9710759420042167E-010
          16          18  -5.2471419423216937E-012
          16          19   3.6152232383669712E-012
          16          20   3.5388549735803178E-012
          16          21  -1.1690084921527593E-012
          16          22  -3.0762844788486885E-012
          16          23  -2.0482993325526131E-013
          16          24   7.9383406283338721E-012
          16          25  -8.4423520871445923E-013
          16          26   4.2608944087978051E-012
          16          27   8.3429981510143242E-013
          16          28   4.6240143083003817E-012
          16          29   1.0159965999429567E-011
          17           1  -5.2004420292894965E-012
          17           2   7.2521435654647416E-012
          17           3   1.6492577104631750E-011
          17           4  -3.3498614735125261E-011
          17           5  -7.3457853813626734E-012
          17           6  -6.2249961857038854E-010
          17           7  -1.8501744718593782E-008
          17           8   1.5457254575251371E-003
          17           9   1.3239982387507699E-009
          17          10   4.4661386228113996E-008
          17          11   5.1109990741180049E-003
          17          12  -9.4178404543565055E-012
          17          13  -2.6566125500588208E-010
          17          14  -3.3154739711871290E-006
          17          15   6.5065621719472275E-012
          17          16   1.9710759420042167E-010
          17          17   1.6807195292427666E-005
          17          18  -2.7310728450726988E-012
          17          19   4.9506417283262968E-013
          17          20  -3.6559101405687997E-013
          17          21  -1.3102283819497975E-012
          17          22  -1.3260407450073940E-012
          17          23  -1.7123928486894936E-012
          17          24  -1.3862168492300854E-012
          17          25  -8.9051831152021795E-013
          17          26  -7.8564024371321410E-013
          17          27   2.6464441800807821E-013
          17          28   1.0751092828398392E-012
          17          29  -2.0839525050140826E-013
          18           1   9.4994502468829338E-003
          18           2  -6.5589333318252013E-003
          18           3   2.5598236769622043E-002
          18           4  -9.4076607161356962E-002
          18           5  -2.4434016176748639E-002
          18           6  -1.3211328134904113E-009
          18           7  -1.6152241125653175E-009
          18           8  -3.1083503141901763E-009
          18           9   1.9885707021443280E-011
          18          10  -7.7317314561487303E-011
          18          11   1.5796665418468202E-010
          18          12  -4.7391583318808042E-013
          18          13   1.9216821172480832E-011
          18          14   1.1597940711133057E-011
          18          15  -4.0637619895665742E-013
          18          16  -5.2471419423216937E-012
          18          17  -2.7310728450726988E-012
          18          18   4.4532384762068031E-003
          18          19   3.5747529064892328E-008
          18          20   4.4532668838639673E-003
          18          21   2.3783716812670963E-009
          18          22   7.9528464088218016E-008
          18          23   4.4532656064794071E-003
          18          24   4.2937128757248640E-003
          18          25   4.5195048960647003E-008
          18          26   4.2937489618178068E-003
          18          27   3.0972969135609924E-009
          18          28   1.0061623871336667E-007
          18          29   4.2937473102753164E-003
          19           1   2.3746944994809984E-008
          19           2  -6.6413762236489123E-008
          19           3   3.4070642285351251E-007
          19           4  -7.7737289356892428E-007
          19           5  -2.0311773246246915E-007
          19           6   1.0339345819617233E-010
          19           7   2.1699794224961973E-009
          19           8   3.1709751162295694E-010
          19           9  -1.2789909015397928E-010
          19          10   5.3573702533270733E-011
          19          11   1.6036905573536267E-012
          19          12  -5.1396023170052636E-013
          19          13  -8.5114141508629048E-012
          19          14  -1.2916661628726837E-012
          19          15  -2.0804283195458290E-013
          19          16   3.6152232383669712E-012
          19          17   4.9506417283262968E-013
          19          18   3.5747529064892328E-008
          19          19   3.4460877922420773E-010
          19          20   3.6023574303930902E-008
          19          21   2.4088220378254534E-011
          19          22   7.6754861095823085E-010
          19          23   3.6010792841784338E-008
          19          24   3.4588443600716571E-008
          19          25   3.4929079869603717E-010
          19          26   3.4868242719505754E-008
          19          27   2.4416387449598428E-011
          19          28   7.7797735168547926E-010
          19          29   3.4855286380753574E-008
          20           1   9.4994690827197581E-003
          20           2  -6.5589859723635549E-003
          20           3   2.5598507185012401E-002
          20           4  -9.4077224910460722E-002
          20           5  -2.4434177583945560E-002
          20           6  -1.3745151248149746E-009
          20           7   3.9660144812628018E-009
          20           8  -1.7112944966461006E-009
          20           9   5.0666903154012946E-011
          20          10  -1.1845178407248998E-010
          20          11   2.1168774465700626E-010
          20          12  -2.7495373666442146E-013
          20          13  -2.8120646549642621E-012
          20          14   6.0825298952486971E-012
          20          15  -4.1637422306386764E-013
          20          16   3.5388549735803178E-012
          20          17  -3.6559101405687997E-013
          20          18   4.4532668838639673E-003
          20          19   3.6023574303930902E-008
          20          20   4.4532955126442989E-003
          20          21   2.3976672984619942E-009
          20          22   8.0143300807180293E-008
          20          23   4.4532942250212672E-003
          20          24   4.2937403623248063E-003
          20          25   4.5474844220111932E-008
          20          26   4.2937766725475220E-003
          20          27   3.1168553759545454E-009
          20          28   1.0123942828832077E-007
          20          29   4.2937750106265236E-003
          21           1   1.5619033165858166E-009
          21           2  -4.3478587742811366E-009
          21           3   2.2496824024266293E-008
          21           4  -5.1716173749199454E-008
          21           5  -1.3511325900552759E-008
          21           6  -3.1876151395099366E-010
          21           7  -7.5453561727926957E-010
          21           8  -8.0434875380314147E-010
          21           9  -1.7537781655992693E-011
          21          10   1.1813320185032105E-011
          21          11  -9.6287249998760043E-012
          21          12   1.2460649610940031E-012
          21          13   2.9846153592991984E-012
          21          14   3.1659598692136865E-012
          21          15  -5.5837078285741753E-013
          21          16  -1.1690084921527593E-012
          21          17  -1.3102283819497975E-012
          21          18   2.3783716812670963E-009
          21          19   2.4088220378254534E-011
          21          20   2.3976672984619942E-009
          21          21   1.6837766443516069E-012
          21          22   5.3651807196720080E-011
          21          23   2.3967738734829096E-009
          21          24   2.3012756461448102E-009
          21          25   2.4415242533517341E-011
          21          26   2.3208334612773888E-009
          21          27   1.7066940561991423E-012
          21          28   5.4380200254067669E-011
          21          29   2.3199278154695120E-009
          22           1   5.2816137848063821E-008
          22           2  -1.4769834378510584E-007
          22           3   7.5785151781767073E-007
          22           4  -1.7294389866806448E-006
          22           5  -4.5187951312923391E-007
          22           6   5.5785097523734241E-011
          22           7  -1.8270522270113710E-009
          22           8  -6.0609137376663788E-010
          22           9   1.0855917500975449E-011
          22          10  -6.2974928552178154E-011
          22          11  -1.1638549229938688E-010
          22          12  -2.9436998474955245E-013
          22          13   7.2261886158974161E-012
          22          14   2.2370746019246858E-012
          22          15   8.8224172949211596E-014
          22          16  -3.0762844788486885E-012
          22          17  -1.3260407450073940E-012
          22          18   7.9528464088218016E-008
          22          19   7.6754861095823085E-010
          22          20   8.0143300807180293E-008
          22          21   5.3651807196720080E-011
          22          22   1.7095643645146238E-009
          22          23   8.0114832619782159E-008
          22          24   7.6949835395906265E-008
          22          25   7.7797670732673006E-010
          22          26   7.7573033038967344E-008
          22          27   5.4382710956592209E-011
          22          28   1.7327918368469927E-009
          22          29   7.7544175310008707E-008
          23           1   9.4994682419091842E-003
          23           2  -6.5589836293974066E-003
          23           3   2.5598495085692154E-002
          23           4  -9.4077197134621315E-002
          23           5  -2.4434170327108720E-002
          23           6  -9.3651197177198030E-010
          23           7   1.3917712579156815E-009
          23           8  -2.3689897882772101E-009
          23           9   1.8030721214879962E-011
          23          10   9.7315027332946076E-012
          23          11   1.0506047381239047E-010
          23          12  -2.0204211521908289E-012
          23          13   7.4140466409739392E-012
          23          14   8.6201286886229886E-012
          23          15   1.9088283296598811E-013
          23          16  -2.0482993325526131E-013
          23          17  -1.7123928486894936E-012
          23          18   4.4532656064794071E-003
          23          19   3.6010792841784338E-008
          23          20   4.4532942250212672E-003
          23          21   2.3967738734829096E-009
          23          22   8.0114832619782159E-008
          23          23   4.4532929378723069E-003
          23          24   4.2937391263503325E-003
          23          25   4.5461889201794967E-008
          23          26   4.2937754261954432E-003
          23          27   3.1159497832610541E-009
          23          28   1.0121057348743708E-007
          23          29   4.2937737647549788E-003
          24           1   5.0994717760739373E-003
          24           2  -7.9461015017893771E-004
          24           3   2.4316276607034441E-002
          24           4  -9.1048922898405688E-002
          24           5  -2.3649504910509822E-002
          24           6  -1.9828780991447956E-009
          24           7   6.2279455621218062E-009
          24           8  -2.0187953107238142E-009
          24           9  -1.4348416434417975E-010
          24          10   1.3872781137983162E-010
          24          11   3.2459195297662434E-011
          24          12   2.2261397158025161E-012
          24          13  -1.2044501161017322E-011
          24          14   7.2507313778783629E-012
          24          15  -1.9694728847684902E-012
          24          16   7.9383406283338721E-012
          24          17  -1.3862168492300854E-012
          24          18   4.2937128757248640E-003
          24          19   3.4588443600716571E-008
          24          20   4.2937403623248063E-003
          24          21   2.3012756461448102E-009
          24          22   7.6949835395906265E-008
          24          23   4.2937391263503325E-003
          24          24   4.1561039972067698E-003
          24          25   4.3734725750923053E-008
          24          26   4.1561389172634182E-003
          24          27   2.9971991049591588E-009
          24          28   9.7365152272846591E-008
          24          29   4.1561373190925933E-003
          25           1   2.8022154755552159E-008
          25           2  -7.6057835254870985E-008
          25           3   4.0839249496986063E-007
          25           4  -9.7963495001159234E-007
          25           5  -2.5578535531020091E-007
          25           6   2.0773780641716593E-011
          25           7  -5.2869542699728511E-010
          25           8  -5.2710095466519077E-010
          25           9   4.9517766546066245E-011
          25          10  -2.6373114354520278E-012
          25          11  -1.2487529902232269E-011
          25          12  -9.1312664294675739E-014
          25          13   2.1076229743765820E-012
          25          14   2.0320302345550903E-012
          25          15   1.5783398901564547E-013
          25          16  -8.4423520871445923E-013
          25          17  -8.9051831152021795E-013
          25          18   4.5195048960647003E-008
          25          19   3.4929079869603717E-010
          25          20   4.5474844220111932E-008
          25          21   2.4415242533517341E-011
          25          22   7.7797670732673006E-010
          25          23   4.5461889201794967E-008
          25          24   4.3734725750923053E-008
          25          25   3.5464820447382682E-010
          25          26   4.4018816179410353E-008
          25          27   2.4790759711646837E-011
          25          28   7.8990982006732655E-010
          25          29   4.4005661157784468E-008
          26           1   5.0994941569402989E-003
          26           2  -7.9467090291905932E-004
          26           3   2.4316602751575728E-002
          26           4  -9.1049705106204970E-002
          26           5  -2.3649709147579457E-002
          26           6  -1.5308857279121276E-009
          26           7   3.9492582577012011E-009
          26           8  -1.6067554561059871E-009
          26           9  -1.3017206660766957E-010
          26          10   1.2097987911488520E-010
          26          11   1.6758512806467942E-011
          26          12   4.2057857182435568E-013
          26          13  -3.0436441621663874E-012
          26          14   5.5830513374832456E-012
          26          15  -1.2230070274735026E-012
          26          16   4.2608944087978051E-012
          26          17  -7.8564024371321410E-013
          26          18   4.2937489618178068E-003
          26          19   3.4868242719505754E-008
          26          20   4.2937766725475220E-003
          26          21   2.3208334612773888E-009
          26          22   7.7573033038967344E-008
          26          23   4.2937754261954432E-003
          26          24   4.1561389172634182E-003
          26          25   4.4018816179410353E-008
          26          26   4.1561740648902992E-003
          26          27   3.0170577081960761E-009
          26          28   9.7997908378533292E-008
          26          29   4.1561724561816546E-003
          27           1   1.9235192732126444E-009
          27           2  -5.2245765709571356E-009
          27           3   2.8019618012692365E-008
          27           4  -6.7144440354658217E-008
          27           5  -1.7531840125918492E-008
          27           6   1.7427037937742163E-010
          27           7   4.8164066420172952E-010
          27           8   1.9478355466967474E-010
          27           9   2.3302029938914323E-011
          27          10   2.3562349989366635E-011
          27          11  -1.5960375169994662E-011
          27          12  -6.7757241002516365E-013
          27          13  -1.8862153497108266E-012
          27          14  -7.8025387923211759E-013
          27          15   3.4219985426252931E-013
          27          16   8.3429981510143242E-013
          27          17   2.6464441800807821E-013
          27          18   3.0972969135609924E-009
          27          19   2.4416387449598428E-011
          27          20   3.1168553759545454E-009
          27          21   1.7066940561991423E-012
          27          22   5.4382710956592209E-011
          27          23   3.1159497832610541E-009
          27          24   2.9971991049591588E-009
          27          25   2.4790759711646837E-011
          27          26   3.0170577081960761E-009
          27          27   1.7329346290115915E-012
          27          28   5.5216591690859374E-011
          27          29   3.0161381412944358E-009
          28           1   6.2387987732073075E-008
          28           2  -1.6933541969100997E-007
          28           3   9.0921563852786828E-007
          28           4  -2.1809351301908144E-006
          28           5  -5.6944829767673038E-007
          28           6   1.7141314788217421E-010
          28           7   2.8084334442998515E-009
          28           8   6.0175243044497880E-010
          28           9  -3.1218063405188636E-011
          28          10   4.7738691819968517E-011
          28          11   5.3407353116100987E-011
          28          12  -7.7433725071351410E-013
          28          13  -1.1006139784747171E-011
          28          14  -2.4372728379729557E-012
          28          15   1.5391261572182736E-013
          28          16   4.6240143083003817E-012
          28          17   1.0751092828398392E-012
          28          18   1.0061623871336667E-007
          28          19   7.7797735168547926E-010
          28          20   1.0123942828832077E-007
          28          21   5.4380200254067669E-011
          28          22   1.7327918368469927E-009
          28          23   1.0121057348743708E-007
          28          24   9.7365152272846591E-008
          28          25   7.8990982006732655E-010
          28          26   9.7997908378533292E-008
          28          27   5.5216591690859374E-011
          28          28   1.7593703530976045E-009
          28          29   9.7968608149229632E-008
          29           1   5.0994931316012231E-003
          29           2  -7.9466811858648363E-004
          29           3   2.4316587814641216E-002
          29           4  -9.1049669304454045E-002
          29           5  -2.3649699799542956E-002
          29           6  -1.4897713860599664E-009
          29           7   7.6400814232163877E-009
          29           8  -1.2135368207269617E-009
          29           9  -1.2846311288588019E-010
          29          10   1.2664647680634846E-010
          29          11  -1.0843999695430884E-012
          29          12   2.6071053437245708E-013
          29          13  -1.7606163503228457E-011
          29          14   4.0233347100354896E-012
          29          15  -1.1521654145853043E-012
          29          16   1.0159965999429567E-011
          29          17  -2.0839525050140826E-013
          29          18   4.2937473102753164E-003
          29          19   3.4855286380753574E-008
          29          20   4.2937750106265236E-003
          29          21   2.3199278154695120E-009
          29          22   7.7544175310008707E-008
          29          23   4.2937737647549788E-003
          29          24   4.1561373190925933E-003
          29          25   4.4005661157784468E-008
          29          26   4.1561724561816546E-003
          29          27   3.0161381412944358E-009
          29          28   9.7968608149229632E-008
          29          29   4.1561708479609868E-003
