           1           1   2.2547166233968370     
           1           2 -0.83181002100085921     
           1           3  0.27427834659073136     
           1           4   4.8919510153785071E-004
           1           5  -1.5331714107742211E-002
           1           6   6.1489615958931577E-002
           1           7  -7.3250966880878148E-011
           1           8  -4.2328966225915745E-011
           1           9  -2.6007381422541783E-011
           1          10   2.3056491659248455E-010
           1          11   7.6913758878177661E-011
           1          12   3.6077600456506288E-011
           1          13  -3.5450836657217732E-010
           1          14  -2.0868025617426601E-010
           1          15  -8.3561982493253603E-011
           1          16  -7.5004811935400111E-010
           1          17   8.2321808746048014E-011
           1          18   5.0584678878100139E-011
           1          19   9.3697300421462307E-003
           1          20  -9.3510822461775122E-006
           1          21   9.1854687290976456E-003
           1          22   1.3179884274670291E-005
           1          23   3.0045593879338644E-004
           1          24   9.0033495030440933E-003
           1          25  -1.3876331449729194E-002
           1          26  -2.0267201388667779E-007
           1          27  -1.3880324489179875E-002
           1          28   2.8554435339233689E-007
           1          29   6.5108771296451818E-006
           1          30  -1.3884270830396226E-002
           1          31  -2.7909929189109808E-002
           1          32  -4.4017834765089445E-006
           1          33  -2.7996660551149320E-002
           1          34   6.2036415741148403E-006
           1          35   1.4142394451616223E-004
           1          36  -2.8082383378256741E-002
           1          37  -2.0355018447258968E-002
           1          38   7.9345723582387160E-006
           1          39  -2.0198673305605888E-002
           1          40  -1.1182825793526646E-005
           1          41  -2.5493586349426277E-004
           1          42  -2.0044146369354796E-002
           2           1 -0.83181002100085921     
           2           2   2.7072557041395999     
           2           3  -1.1320224127719603     
           2           4  0.18617854884143309     
           2           5   8.7211624863625187E-002
           2           6  -2.2454170423678258E-002
           2           7   5.6238801592903912E-010
           2           8   6.6973149239710173E-011
           2           9   3.3088994692858727E-011
           2          10  -1.7287690840078502E-009
           2          11  -1.2643329103472255E-010
           2          12  -4.2156546225585933E-011
           2          13   2.7825904835401950E-009
           2          14   6.4773959936019664E-010
           2          15   3.0442280753973751E-010
           2          16   4.6548037660883854E-009
           2          17  -3.0148936157585103E-010
           2          18  -1.1849100299586543E-010
           2          19  -1.6116021012693695E-002
           2          20   2.2263562966992631E-005
           2          21  -1.5677320748452003E-002
           2          22  -3.1379385054479945E-005
           2          23  -7.1534334068479451E-004
           2          24  -1.5243720389783794E-002
           2          25  -4.2467082357889301E-003
           2          26  -3.8321125898138436E-006
           2          27  -4.3222202942866488E-003
           2          28   5.4014957843123788E-006
           2          29   1.2313032400174725E-004
           2          30  -4.3968555041306728E-003
           2          31  -6.1421120432949379E-004
           2          32   1.4384348685918738E-005
           2          33  -3.3078596243126733E-004
           2          34  -2.0272580228946079E-005
           2          35  -4.6215250235286586E-004
           2          36  -5.0656485475325790E-005
           2          37   6.1856783873935166E-003
           2          38  -2.5782242999008893E-005
           2          39   5.6776573018859919E-003
           2          40   3.6336994203078580E-005
           2          41   8.2837749264057150E-004
           2          42   5.1755442002978744E-003
           3           1  0.27427834659073136     
           3           2  -1.1320224127719603     
           3           3   2.7215395004241292     
           3           4 -0.57547039367312935     
           3           5 -0.29932909098681210     
           3           6  0.13701275534395729     
           3           7  -1.6014534166747267E-009
           3           8  -6.3930779086960331E-010
           3           9  -4.4612221578969542E-010
           3          10   4.7298988845254195E-009
           3          11   2.9183680020650137E-009
           3          12   1.9640994291035095E-009
           3          13  -8.4704106517117958E-009
           3          14  -5.0253595076831273E-009
           3          15  -2.9586906537308195E-009
           3          16  -1.4508204112728952E-008
           3          17  -2.9774076219037042E-009
           3          18  -2.3894541508758531E-009
           3          19   3.3855047961908913E-002
           3          20  -1.6316042856018637E-004
           3          21   3.0640009894077898E-002
           3          22   2.2996660776422026E-004
           3          23   5.2424322534056055E-003
           3          24   2.7462346478802101E-002
           3          25  -2.1293480243007364E-002
           3          26  -3.8218686437861324E-005
           3          27  -2.2046553538537125E-002
           3          28   5.3865891455079677E-005
           3          29   1.2279577503731560E-003
           3          30  -2.2790868931849246E-002
           3          31  -3.4764568578207838E-002
           3          32  -4.9895853312585301E-005
           3          33  -3.5747701177906169E-002
           3          34   7.0320522481454820E-005
           3          35   1.6030938240998334E-003
           3          36  -3.6719402403854746E-002
           3          37  -4.1286433668216035E-002
           3          38   8.6072006827210237E-005
           3          39  -3.9590446368628185E-002
           3          40  -1.2130796835417028E-004
           3          41  -2.7654711092471307E-003
           3          42  -3.7914182447263717E-002
           4           1   4.8919510153785071E-004
           4           2  0.18617854884143309     
           4           3 -0.57547039367312935     
           4           4  0.62052010774780086     
           4           5  0.35873408875674462     
           4           6 -0.41492173767009699     
           4           7   8.9153297345016074E-009
           4           8   5.6606834329214287E-009
           4           9   4.3192526901092765E-009
           4          10  -2.8369505961832229E-008
           4          11  -1.4616740746784344E-008
           4          12  -1.1069046270753280E-008
           4          13   5.4686725154341566E-008
           4          14   2.4609531794621261E-008
           4          15   1.8025433231235776E-008
           4          16   7.7849271537299576E-008
           4          17   2.8711465882654101E-008
           4          18   2.2572462061657110E-008
           4          19  -1.5961732038934501E-002
           4          20   2.4651466017583086E-004
           4          21  -1.1104249947364420E-002
           4          22  -3.4744683266060296E-004
           4          23  -7.9205946041940849E-003
           4          24  -6.3032379869116077E-003
           4          25   8.2556998352199332E-002
           4          26   9.7737705789324313E-005
           4          27   8.4482854697982307E-002
           4          28  -1.3775263043576985E-004
           4          29  -3.1402947056987963E-003
           4          30   8.6386319852845200E-002
           4          31  0.14009434120136435     
           4          32   4.0904198724684522E-005
           4          33  0.14090027424677548     
           4          34  -5.7645640241344473E-005
           4          35  -1.3141525277220872E-003
           4          36  0.14169683675173222     
           4          37  0.13229903080219252     
           4          38  -1.1093111598570489E-004
           4          39  0.13011321500211084     
           4          40   1.5634357000653831E-004
           4          41   3.5641837373032127E-003
           4          42  0.12795281904204878     
           5           1  -1.5331714107742211E-002
           5           2   8.7211624863625187E-002
           5           3 -0.29932909098681210     
           5           4  0.35873408875674462     
           5           5  0.20865118260725068     
           5           6 -0.24565452519709874     
           5           7   2.4432670738802580E-008
           5           8  -7.2533727243334436E-009
           5           9  -4.4173756228775928E-009
           5          10  -7.5967237834219609E-008
           5          11   2.3198809855036509E-008
           5          12   1.4258068500500446E-008
           5          13   1.3928304060797818E-007
           5          14  -4.2735302302289835E-008
           5          15  -2.6655999131925144E-008
           5          16   1.9107474965764310E-007
           5          17  -6.0888747717796570E-008
           5          18  -3.7370908230337337E-008
           5          19  -5.3074682680433341E-003
           5          20  -4.5767123796369190E-005
           5          21  -6.2092460260489944E-003
           5          22   6.4500888096299730E-005
           5          23   1.4704351144984853E-003
           5          24  -7.1005374168098979E-003
           5          25   5.0132797174625605E-002
           5          26  -9.2166982776900369E-006
           5          27   4.9951182746345864E-002
           5          28   1.2990216314576092E-005
           5          29   2.9614008966963556E-004
           5          30   4.9771679149852685E-002
           5          31   8.3966396840096907E-002
           5          32  -1.2608296488205784E-005
           5          33   8.3717913693863125E-002
           5          34   1.7773930147835769E-005
           5          35   4.0517664341663262E-004
           5          36   8.3472319419955671E-002
           5          37   7.8530412627137836E-002
           5          38  -7.7005554555856448E-005
           5          39   7.7013072877845395E-002
           5          40   1.0853003984075116E-004
           5          41   2.4741694326352215E-003
           5          42   7.5513378525703029E-002
           6           1   6.1489615958931577E-002
           6           2  -2.2454170423678258E-002
           6           3  0.13701275534395729     
           6           4 -0.41492173767009699     
           6           5 -0.24565452519709874     
           6           6  0.31207135472200653     
           6           7  -8.7995977088935652E-008
           6           8   7.3704328560642826E-010
           6           9  -1.8731053930983856E-009
           6          10   2.7308499037489996E-007
           6          11   6.7186646004468060E-010
           6          12   8.2061412587252140E-009
           6          13  -4.9996698251354004E-007
           6          14  -5.8772494996851217E-009
           6          15  -1.8941411237304790E-008
           6          16  -6.8112657641349319E-007
           6          17  -4.5092401299435383E-009
           6          18  -2.4268592137964901E-008
           6          19  -1.5771097611114236E-004
           6          20   2.8718754457730214E-004
           6          21   5.5012710899225558E-003
           6          22  -4.0477803476638672E-004
           6          23  -9.2275176161621883E-003
           6          24   1.1094455541871891E-002
           6          25  -6.5660060197015563E-002
           6          26   8.9267369831536839E-005
           6          27  -6.3901036457736524E-002
           6          28  -1.2582043885169046E-004
           6          29  -2.8682582744117596E-003
           6          30  -6.2162463694110645E-002
           6          31 -0.10865310152439024     
           6          32   5.0202069099409576E-005
           6          33 -0.10766383141048425     
           6          34  -7.0760951044912535E-005
           6          35  -1.6131023815795110E-003
           6          36 -0.10668606332557649     
           6          37 -0.10014094730430198     
           6          38   1.0197606378977137E-004
           6          39  -9.8131579735225655E-002
           6          40  -1.4372320415859282E-004
           6          41  -3.2764687654512265E-003
           6          42  -9.6145579142747600E-002
           7           1  -7.3250966880878148E-011
           7           2   5.6238801592903912E-010
           7           3  -1.6014534166747267E-009
           7           4   8.9153297345016074E-009
           7           5   2.4432670738802580E-008
           7           6  -8.7995977088935652E-008
           7           7   2.3326797564285919     
           7           8  -1.1183793047249995E-004
           7           9   1.5762814544813947E-004
           7          10 -0.88854299705755235     
           7          11   3.4538212538047194E-004
           7          12  -4.8679328801074656E-004
           7          13   2.1167947213602198E-002
           7          14  -6.2487127759006892E-004
           7          15   8.8071775246494175E-004
           7          16   5.9660311932956546E-002
           7          17  -8.0422811421887517E-004
           7          18   1.1334917604701867E-003
           7          19   8.4247193788169017E-010
           7          20  -1.5869996132214327E-009
           7          21  -1.0319419544331548E-009
           7          22  -8.8515641137829477E-010
           7          23   7.7323223136769158E-010
           7          24   2.4307859057297469E-009
           7          25   2.7461771585716947E-009
           7          26   2.3197095008194454E-010
           7          27   1.5886975911623874E-009
           7          28  -1.0750775373225026E-009
           7          29   7.7911558065332116E-010
           7          30   2.3054451647485028E-009
           7          31   8.0056426991987194E-009
           7          32  -5.8100102962854679E-010
           7          33   7.3104412091849463E-009
           7          34   2.8768951492243316E-009
           7          35  -9.5405584597597439E-010
           7          36   3.2399392588691394E-009
           7          37   1.9982260344286507E-008
           7          38   4.0563318547167260E-010
           7          39   2.1376758316332222E-008
           7          40  -2.4115403091402045E-009
           7          41   4.1563929176965288E-009
           7          42   2.5375844797758862E-008
           8           1  -4.2328966225915745E-011
           8           2   6.6973149239710173E-011
           8           3  -6.3930779086960331E-010
           8           4   5.6606834329214287E-009
           8           5  -7.2533727243334436E-009
           8           6   7.3704328560642826E-010
           8           7  -1.1183793047249995E-004
           8           8   2.3301351424047225     
           8           9   3.5933523422185649E-003
           8          10   3.4538222563171940E-004
           8          11 -0.88068459994080595     
           8          12  -1.1097159418775291E-002
           8          13  -6.2487362670106991E-004
           8          14   6.9501719509143418E-003
           8          15   2.0077489200452339E-002
           8          16  -8.0422161951008292E-004
           8          17   4.1361855293025405E-002
           8          18   2.5839971764042451E-002
           8          19   3.3876968023007892E-010
           8          20  -1.3668014058883588E-010
           8          21  -3.0542916381279187E-010
           8          22  -1.5800932655967466E-010
           8          23   3.0670822163518837E-010
           8          24  -1.7944476219635275E-010
           8          25  -2.9830322036075194E-010
           8          26   5.3461198540835573E-010
           8          27  -1.0673639601806069E-010
           8          28  -1.6967670798092887E-010
           8          29   4.5881270412312604E-010
           8          30  -4.8314416804940049E-010
           8          31  -8.9520219970526381E-011
           8          32  -1.6208362794704383E-009
           8          33   2.5484710405959127E-010
           8          34   4.5832713122279426E-010
           8          35  -9.6909383450697743E-010
           8          36  -3.9240101452889167E-010
           8          37   1.7126865272556946E-009
           8          38  -1.5378909747906256E-010
           8          39   1.4648810907080094E-009
           8          40   1.4901078576796907E-009
           8          41   1.3629527101403357E-009
           8          42   1.9473394416443825E-009
           9           1  -2.6007381422541783E-011
           9           2   3.3088994692858727E-011
           9           3  -4.4612221578969542E-010
           9           4   4.3192526901092765E-009
           9           5  -4.4173756228775928E-009
           9           6  -1.8731053930983856E-009
           9           7   1.5762814544813947E-004
           9           8   3.5933523422185649E-003
           9           9   2.3276201094134881     
           9          10  -4.8679334251024522E-004
           9          11  -1.1097159502191539E-002
           9          12 -0.87291755866581289     
           9          13   8.8071919175475440E-004
           9          14   2.0077490891783602E-002
           9          15  -7.1023052452911916E-003
           9          16   1.1334913562392615E-003
           9          17   2.5839966633622414E-002
           9          18   2.3276166531373856E-002
           9          19   2.8296993272367415E-010
           9          20  -4.9975024237697388E-011
           9          21  -2.8173445496657612E-010
           9          22  -2.9545767583406691E-010
           9          23   3.4743376924768244E-010
           9          24  -3.6127611984999319E-011
           9          25  -2.0377162799506684E-010
           9          26   3.6832465664318217E-010
           9          27  -1.3211214161195516E-010
           9          28  -1.2730866026038030E-010
           9          29   3.3529566812956329E-010
           9          30  -3.0143423245137258E-010
           9          31   6.0871423228413357E-011
           9          32  -1.1279695730173385E-009
           9          33   3.7088977768845096E-010
           9          34   3.5300743216855322E-010
           9          35  -7.6466316061227406E-010
           9          36  -4.3322280991489675E-010
           9          37   1.7230121034387293E-009
           9          38  -1.0442582610445353E-010
           9          39   1.5747057487116901E-009
           9          40   9.9155982019818282E-010
           9          41   1.0979876439329349E-009
           9          42   2.0736657468424790E-009
          10           1   2.3056491659248455E-010
          10           2  -1.7287690840078502E-009
          10           3   4.7298988845254195E-009
          10           4  -2.8369505961832229E-008
          10           5  -7.5967237834219609E-008
          10           6   2.7308499037489996E-007
          10           7 -0.88854299705755235     
          10           8   3.4538222563171940E-004
          10           9  -4.8679334251024522E-004
          10          10   2.3772762936089697     
          10          11  -1.0663452395635565E-003
          10          12   1.5029432049245316E-003
          10          13  -9.7066235520986852E-002
          10          14   1.9224474410374864E-003
          10          15  -2.7095720704741265E-003
          10          16 -0.17475300247365069     
          10          17   2.5006901399964479E-003
          10          18  -3.5245125365680431E-003
          10          19  -2.6027562233120443E-009
          10          20   4.8435507042946904E-009
          10          21   3.4619702511277882E-009
          10          22   2.6007182314930303E-009
          10          23  -2.3345132864612841E-009
          10          24  -7.3301338520607524E-009
          10          25  -8.1146948241387421E-009
          10          26  -5.1877413554913975E-010
          10          27  -4.9724180507609829E-009
          10          28   3.5947659508357113E-009
          10          29  -2.5359370560316196E-009
          10          30  -7.0535544450047234E-009
          10          31  -2.4672295636539763E-008
          10          32   1.7440593389712479E-009
          10          33  -2.2383984163545554E-008
          10          34  -9.0235455030224892E-009
          10          35   3.0638260702540452E-009
          10          36  -9.8077390882928371E-009
          10          37  -6.2004544692385409E-008
          10          38  -1.2537278838472572E-009
          10          39  -6.6356025134352237E-008
          10          40   7.5212276553004532E-009
          10          41  -1.2901116953717084E-008
          10          42  -7.8695130790373086E-008
          11           1   7.6913758878177661E-011
          11           2  -1.2643329103472255E-010
          11           3   2.9183680020650137E-009
          11           4  -1.4616740746784344E-008
          11           5   2.3198809855036509E-008
          11           6   6.7186646004468060E-010
          11           7   3.4538212538047194E-004
          11           8 -0.88068459994080595     
          11           9  -1.1097159502191539E-002
          11          10  -1.0663452395635565E-003
          11          11   2.3530139381640334     
          11          12   3.4261848352122495E-002
          11          13   1.9224541490693887E-003
          11          14  -5.3324522338320426E-002
          11          15  -6.1769422032556982E-002
          11          16   2.5006691649597031E-003
          11          17 -0.11785525547425399     
          11          18  -8.0347552968122252E-002
          11          19  -1.8073075773351595E-009
          11          20   4.0630438440176243E-010
          11          21  -1.0030226416392979E-011
          11          22   5.4569544591398232E-010
          11          23  -1.0157615002834255E-009
          11          24  -2.1612780415281826E-010
          11          25  -3.2035899380646615E-012
          11          26  -1.6364435433220693E-009
          11          27  -2.1127075074790907E-010
          11          28   4.1406738633857560E-010
          11          29  -1.2884555012724992E-009
          11          30   6.4806317345230156E-010
          11          31  -1.1561177451165482E-009
          11          32   4.9960909664104930E-009
          11          33  -2.4364436817482237E-009
          11          34  -1.4070565413963609E-009
          11          35   2.9235312594592224E-009
          11          36  -2.6896197467269877E-010
          11          37  -6.3384101014794277E-009
          11          38   4.9134491253973113E-010
          11          39  -5.5102025475016129E-009
          11          40  -4.6419569547781267E-009
          11          41  -4.2079469795511481E-009
          11          42  -7.0831391844091296E-009
          12           1   3.6077600456506288E-011
          12           2  -4.2156546225585933E-011
          12           3   1.9640994291035095E-009
          12           4  -1.1069046270753280E-008
          12           5   1.4258068500500446E-008
          12           6   8.2061412587252140E-009
          12           7  -4.8679328801074656E-004
          12           8  -1.1097159418775291E-002
          12           9 -0.87291755866581289     
          12          10   1.5029432049245316E-003
          12          11   3.4261848352122495E-002
          12          12   2.3290336448786513     
          12          13  -2.7095762481210801E-003
          12          14  -6.1769426828409052E-002
          12          15  -1.0091362069162006E-002
          12          16  -3.5245109571057226E-003
          12          17  -8.0347536251589857E-002
          12          18  -6.1619091390337777E-002
          12          19  -1.4172889761977503E-009
          12          20   1.4747043755777985E-010
          12          21   2.8404762709709707E-010
          12          22   9.4291958385430191E-010
          12          23  -1.1429298260774036E-009
          12          24  -5.2979411678375886E-010
          12          25  -9.7070292516742205E-011
          12          26  -1.1609362822121515E-009
          12          27  -2.0879785923019183E-010
          12          28   3.7985735579380850E-010
          12          29  -9.0727545746833912E-010
          12          30   4.4760359174526770E-010
          12          31  -1.3272820114225592E-009
          12          32   3.4995224684027560E-009
          12          33  -2.3469187961766178E-009
          12          34  -1.1207216505927315E-009
          12          35   2.2740867764271808E-009
          12          36   5.1299054672444953E-011
          12          37  -6.1736332076074793E-009
          12          38   3.2844890851307987E-010
          12          39  -5.6949111115660344E-009
          12          40  -3.0826064901750875E-009
          12          41  -3.3846941326579689E-009
          12          42  -7.2481142082725661E-009
          13           1  -3.5450836657217732E-010
          13           2   2.7825904835401950E-009
          13           3  -8.4704106517117958E-009
          13           4   5.4686725154341566E-008
          13           5   1.3928304060797818E-007
          13           6  -4.9996698251354004E-007
          13           7   2.1167947213602198E-002
          13           8  -6.2487362670106991E-004
          13           9   8.8071919175475440E-004
          13          10  -9.7066235520986852E-002
          13          11   1.9224541490693887E-003
          13          12  -2.7095762481210801E-003
          13          13  0.23063608842305758     
          13          14  -3.3797319076788314E-003
          13          15   4.7635342781567752E-003
          13          16  0.31267586960340171     
          13          17  -4.5938338897132495E-003
          13          18   6.4746349667008781E-003
          13          19   5.4862013297466357E-009
          13          20  -9.2256146485524287E-009
          13          21  -6.6592099789777699E-009
          13          22  -4.2077066263465292E-009
          13          23   3.7687347871975474E-009
          13          24   1.3094360699457439E-008
          13          25   1.2091275049146915E-008
          13          26   4.8824796899440552E-010
          13          27   9.9324366549451176E-009
          13          28  -7.5864388335271210E-009
          13          29   5.7675228143935374E-009
          13          30   1.2470532980067109E-008
          13          31   4.4350985481615730E-008
          13          32  -3.0189735758039384E-009
          13          33   3.9211648614246185E-008
          13          34   1.6997440250515812E-008
          13          35  -6.2975548734383429E-009
          13          36   1.6734925190554984E-008
          13          37   1.1361779427012972E-007
          13          38   2.3439918909954538E-009
          13          39   1.2177668604939522E-007
          13          40  -1.3905596368215804E-008
          13          41   2.3581637121544509E-008
          13          42   1.4367825293886618E-007
          14           1  -2.0868025617426601E-010
          14           2   6.4773959936019664E-010
          14           3  -5.0253595076831273E-009
          14           4   2.4609531794621261E-008
          14           5  -4.2735302302289835E-008
          14           6  -5.8772494996851217E-009
          14           7  -6.2487127759006892E-004
          14           8   6.9501719509143418E-003
          14           9   2.0077490891783602E-002
          14          10   1.9224474410374864E-003
          14          11  -5.3324522338320426E-002
          14          12  -6.1769426828409052E-002
          14          13  -3.3797319076788314E-003
          14          14  0.15373639151072235     
          14          15  0.10859314812149107     
          14          16  -4.5937791535343988E-003
          14          17  0.20815312001313646     
          14          18  0.14760072769023369     
          14          19   2.9981391617701025E-009
          14          20  -5.9279058902892100E-010
          14          21  -8.5582136425593520E-011
          14          22  -7.5020721530197690E-010
          14          23   1.6433561848486663E-009
          14          24   3.8611648214539910E-010
          14          25   1.2023378378828936E-009
          14          26   3.0341791048448147E-009
          14          27   4.5990232177560339E-010
          14          28   1.6819179229532865E-010
          14          29   2.3166356925807287E-009
          14          30  -2.6264638421754152E-010
          14          31   3.9229469507155892E-009
          14          32  -8.7669502845987993E-009
          14          33   7.2109298749688198E-009
          14          34   2.5469039455541734E-009
          14          35  -4.8511810293723569E-009
          14          36   2.4885209075565305E-009
          14          37   1.3147394389004211E-008
          14          38  -1.0426055440520894E-009
          14          39   1.1400655710661309E-008
          14          40   8.5890007979390434E-009
          14          41   7.6253163109722451E-009
          14          42   1.4703633245479375E-008
          15           1  -8.3561982493253603E-011
          15           2   3.0442280753973751E-010
          15           3  -2.9586906537308195E-009
          15           4   1.8025433231235776E-008
          15           5  -2.6655999131925144E-008
          15           6  -1.8941411237304790E-008
          15           7   8.8071775246494175E-004
          15           8   2.0077489200452339E-002
          15           9  -7.1023052452911916E-003
          15          10  -2.7095720704741265E-003
          15          11  -6.1769422032556982E-002
          15          12  -1.0091362069162006E-002
          15          13   4.7635342781567752E-003
          15          14  0.10859314812149107     
          15          15   7.7730760373622546E-002
          15          16   6.4746221196113393E-003
          15          17  0.14760068400676879     
          15          18  0.10484567943905111     
          15          19   2.4791362155294162E-009
          15          20   1.3861329238856017E-010
          15          21  -4.4168524776193173E-010
          15          22  -2.0627222419636124E-009
          15          23   1.8421767830831111E-009
          15          24   7.3196384444382091E-010
          15          25   1.1243437559758419E-009
          15          26   2.4495236702989692E-009
          15          27   4.1294506282542059E-010
          15          28  -5.8261499127441816E-010
          15          29   2.0102128816224191E-009
          15          30   5.6415879999160655E-011
          15          31   3.8826182476595734E-009
          15          32  -6.2944739932841584E-009
          15          33   6.0614307175322127E-009
          15          34   2.3009843438910302E-009
          15          35  -3.6427196527552058E-009
          15          36   2.0365314026555221E-009
          15          37   1.2608986201180871E-008
          15          38  -6.6462106736571609E-010
          15          39   1.1633748152043103E-008
          15          40   5.6576918669906938E-009
          15          41   6.1287649170767038E-009
          15          42   1.4668353009983729E-008
          16           1  -7.5004811935400111E-010
          16           2   4.6548037660883854E-009
          16           3  -1.4508204112728952E-008
          16           4   7.7849271537299576E-008
          16           5   1.9107474965764310E-007
          16           6  -6.8112657641349319E-007
          16           7   5.9660311932956546E-002
          16           8  -8.0422161951008292E-004
          16           9   1.1334913562392615E-003
          16          10 -0.17475300247365069     
          16          11   2.5006691649597031E-003
          16          12  -3.5245109571057226E-003
          16          13  0.31267586960340171     
          16          14  -4.5937791535343988E-003
          16          15   6.4746221196113393E-003
          16          16  0.42480392799674455     
          16          17  -6.2394416247370946E-003
          16          18   8.7939298816314179E-003
          16          19   9.3792540770497638E-009
          16          20  -1.0844488826899208E-008
          16          21  -1.0925459421150478E-008
          16          22  -5.7493141354817750E-009
          16          23   4.2519899816278181E-009
          16          24   1.7596686108205896E-008
          16          25   1.7570558746267212E-008
          16          26   1.2310289253098115E-009
          16          27   1.3379868008642466E-008
          16          28  -1.0306546830573713E-008
          16          29   7.4812993794077940E-009
          16          30   1.7434215242456320E-008
          16          31   6.0715556684498803E-008
          16          32  -4.0273349519178723E-009
          16          33   5.3913261722829179E-008
          16          34   2.3068418673429332E-008
          16          35  -9.0112600237862640E-009
          16          36   2.3695369422469888E-008
          16          37   1.5491090071459001E-007
          16          38   3.1919377209162177E-009
          16          39   1.6607426090434484E-007
          16          40  -1.8892540318150371E-008
          16          41   3.1881142834569266E-008
          16          42   1.9592323988873303E-007
          17           1   8.2321808746048014E-011
          17           2  -3.0148936157585103E-010
          17           3  -2.9774076219037042E-009
          17           4   2.8711465882654101E-008
          17           5  -6.0888747717796570E-008
          17           6  -4.5092401299435383E-009
          17           7  -8.0422811421887517E-004
          17           8   4.1361855293025405E-002
          17           9   2.5839966633622414E-002
          17          10   2.5006901399964479E-003
          17          11 -0.11785525547425399     
          17          12  -8.0347536251589857E-002
          17          13  -4.5938338897132495E-003
          17          14  0.20815312001313646     
          17          15  0.14760068400676879     
          17          16  -6.2394416247370946E-003
          17          17  0.28283947471733895     
          17          18  0.20047352889131448     
          17          19   4.2855116156744284E-009
          17          20  -1.6164901280809067E-009
          17          21   1.4322873897122373E-009
          17          22  -4.5099142431194541E-009
          17          23   2.5522777266189690E-009
          17          24  -9.7934625156012341E-010
          17          25   9.8833294630461109E-010
          17          26   3.8478001910646725E-009
          17          27   4.5037968164649347E-010
          17          28  -9.4403415639093511E-010
          17          29   3.2336237227128073E-009
          17          30  -1.5458410403498196E-009
          17          31   4.0180439725456264E-009
          17          32  -1.1959871962966666E-008
          17          33   8.6443591786500662E-009
          17          34   3.3307089745569712E-009
          17          35  -6.7818737731808742E-009
          17          36   2.2591166617583916E-009
          17          37   1.6717898568447535E-008
          17          38  -1.4148048326222160E-009
          17          39   1.4417209595757088E-008
          17          40   1.1653048195374539E-008
          17          41   1.0250662148181477E-008
          17          42   1.8958972284069127E-008
          18           1   5.0584678878100139E-011
          18           2  -1.1849100299586543E-010
          18           3  -2.3894541508758531E-009
          18           4   2.2572462061657110E-008
          18           5  -3.7370908230337337E-008
          18           6  -2.4268592137964901E-008
          18           7   1.1334917604701867E-003
          18           8   2.5839971764042451E-002
          18           9   2.3276166531373856E-002
          18          10  -3.5245125365680431E-003
          18          11  -8.0347552968122252E-002
          18          12  -6.1619091390337777E-002
          18          13   6.4746349667008781E-003
          18          14  0.14760072769023369     
          18          15  0.10484567943905111     
          18          16   8.7939298816314179E-003
          18          17  0.20047352889131448     
          18          18  0.14252579253893363     
          18          19   3.2138266854235862E-009
          18          20  -2.1638545363486607E-009
          18          21   6.4221770575106810E-010
          18          22  -2.1585415174989711E-009
          18          23   1.9069596759485285E-009
          18          24   1.4311657158451704E-011
          18          25   1.1778433000187242E-009
          18          26   2.5420323390094614E-009
          18          27   6.9183115098632740E-010
          18          28  -5.8434349594161901E-010
          18          29   2.5181626994999862E-009
          18          30  -5.3541738645950025E-010
          18          31   4.7100285929479094E-009
          18          32  -8.6307661957653973E-009
          18          33   7.7663840027503737E-009
          18          34   3.1183522393801759E-009
          18          35  -5.0652762718899963E-009
          18          36   2.2835542555245881E-009
          18          37   1.6645356050453450E-008
          18          38  -9.0596110365089438E-010
          18          39   1.5354673871267558E-008
          18          40   7.6826968229345778E-009
          18          41   8.2747212871481479E-009
          18          42   1.9500788836059122E-008
          19           1   9.3697300421462307E-003
          19           2  -1.6116021012693695E-002
          19           3   3.3855047961908913E-002
          19           4  -1.5961732038934501E-002
          19           5  -5.3074682680433341E-003
          19           6  -1.5771097611114236E-004
          19           7   8.4247193788169017E-010
          19           8   3.3876968023007892E-010
          19           9   2.8296993272367415E-010
          19          10  -2.6027562233120443E-009
          19          11  -1.8073075773351595E-009
          19          12  -1.4172889761977503E-009
          19          13   5.4862013297466357E-009
          19          14   2.9981391617701025E-009
          19          15   2.4791362155294162E-009
          19          16   9.3792540770497638E-009
          19          17   4.2855116156744284E-009
          19          18   3.2138266854235862E-009
          19          19   1.4330258499332342     
          19          20  -1.6992711533480833E-005
          19          21 -0.71672863034151235     
          19          22   2.3948176882738557E-005
          19          23  -1.6536519233322795E-003
          19          24 -0.71572633733793656     
          19          25  0.47166457333749229     
          19          26   2.4766206517365312E-005
          19          27 -0.23711651998319913     
          19          28  -3.4905421688410317E-005
          19          29   1.1801928538678820E-003
          19          30 -0.23783186153066571     
          19          31   4.0438076976403968E-002
          19          32   8.8222286407664603E-007
          19          33  -1.9170894354278611E-002
          19          34  -1.2428415331121336E-006
          19          35  -1.5752360643606507E-003
          19          36  -1.8216065726377156E-002
          19          37   2.8798870179903638E-003
          19          38   3.8885687706919170E-006
          19          39  -1.4014329601735288E-003
          19          40  -5.4805650278360918E-006
          19          41  -6.2171111025293747E-004
          19          42  -1.0245881880253933E-003
          20           1  -9.3510822461775122E-006
          20           2   2.2263562966992631E-005
          20           3  -1.6316042856018637E-004
          20           4   2.4651466017583086E-004
          20           5  -4.5767123796369190E-005
          20           6   2.8718754457730214E-004
          20           7  -1.5869996132214327E-009
          20           8  -1.3668014058883588E-010
          20           9  -4.9975024237697388E-011
          20          10   4.8435507042946904E-009
          20          11   4.0630438440176243E-010
          20          12   1.4747043755777985E-010
          20          13  -9.2256146485524287E-009
          20          14  -5.9279058902892100E-010
          20          15   1.3861329238856017E-010
          20          16  -1.0844488826899208E-008
          20          17  -1.6164901280809067E-009
          20          18  -2.1638545363486607E-009
          20          19  -1.6992711533480833E-005
          20          20   1.4329464987527569     
          20          21  -1.1516550477749073E-005
          20          22   1.2698203380919685E-003
          20          23   4.6744397529371087E-005
          20          24   6.2395595132815019E-005
          20          25   2.3139884645395505E-005
          20          26  0.47284616689825820     
          20          27   2.2896963626063363E-005
          20          28  -1.1409272836144337E-003
          20          29  -4.9628306696482087E-005
          20          30  -3.8861914804725528E-005
          20          31  -1.4346905968671875E-004
          20          32   3.9750189574879365E-002
          20          33  -1.5878846193976388E-004
          20          34   8.9411814844892064E-004
          20          35   6.4167817074635257E-005
          20          36  -1.2579900507750716E-004
          20          37  -9.2373490156645555E-005
          20          38   2.9049720105946289E-003
          20          39  -9.8745540644933327E-005
          20          40   2.8726670953837022E-004
          20          41   2.2972041800118498E-005
          20          42  -8.9582976854423086E-005
          21           1   9.1854687290976456E-003
          21           2  -1.5677320748452003E-002
          21           3   3.0640009894077898E-002
          21           4  -1.1104249947364420E-002
          21           5  -6.2092460260489944E-003
          21           6   5.5012710899225558E-003
          21           7  -1.0319419544331548E-009
          21           8  -3.0542916381279187E-010
          21           9  -2.8173445496657612E-010
          21          10   3.4619702511277882E-009
          21          11  -1.0030226416392979E-011
          21          12   2.8404762709709707E-010
          21          13  -6.6592099789777699E-009
          21          14  -8.5582136425593520E-011
          21          15  -4.4168524776193173E-010
          21          16  -1.0925459421150478E-008
          21          17   1.4322873897122373E-009
          21          18   6.4221770575106810E-010
          21          19 -0.71672863034151235     
          21          20  -1.1516550477749073E-005
          21          21   1.4324639663635041     
          21          22  -8.0277093211402386E-005
          21          23   3.6973293126232670E-004
          21          24 -0.71449674004406938     
          21          25 -0.23714855849471914     
          21          26   2.4523192816236029E-005
          21          27  0.47260382213196750     
          21          28   5.2123094407561693E-005
          21          29  -7.8777947818536604E-004
          21          30 -0.23859767833082590     
          21          31  -2.2015285260444131E-002
          21          32  -1.4437529964679721E-005
          21          33   3.7326611199211678E-002
          21          34  -4.7500705490376814E-005
          21          35   4.6398467141955279E-004
          21          36  -2.0694923867617308E-002
          21          37  -3.2982578493449422E-003
          21          38  -2.4840261929213643E-006
          21          39   1.0107408384729651E-003
          21          40  -1.8290321860967419E-005
          21          41   7.9808872120825975E-005
          21          42  -2.7898083924392959E-003
          22           1   1.3179884274670291E-005
          22           2  -3.1379385054479945E-005
          22           3   2.2996660776422026E-004
          22           4  -3.4744683266060296E-004
          22           5   6.4500888096299730E-005
          22           6  -4.0477803476638672E-004
          22           7  -8.8515641137829477E-010
          22           8  -1.5800932655967466E-010
          22           9  -2.9545767583406691E-010
          22          10   2.6007182314930303E-009
          22          11   5.4569544591398232E-010
          22          12   9.4291958385430191E-010
          22          13  -4.2077066263465292E-009
          22          14  -7.5020721530197690E-010
          22          15  -2.0627222419636124E-009
          22          16  -5.7493141354817750E-009
          22          17  -4.5099142431194541E-009
          22          18  -2.1585415174989711E-009
          22          19   2.3948176882738557E-005
          22          20   1.2698203380919685E-003
          22          21  -8.0277093211402386E-005
          22          22   1.4320578513786417     
          22          23  -2.6886664717492807E-005
          22          24   8.5676470123288400E-006
          22          25  -3.2613154998812506E-005
          22          26  -1.1409269500599712E-003
          22          27   5.4415124237002047E-005
          22          28  0.47364465983407444     
          22          29   3.4918505425697992E-005
          22          30  -3.1914328240140207E-005
          22          31   2.0221175918750336E-004
          22          32   8.9411604017408577E-004
          22          33   1.5595366026777748E-004
          22          34   3.9124352022277264E-002
          22          35  -6.3021294048630068E-005
          22          36   2.4515582971339439E-004
          22          37   1.3019625305964237E-004
          22          38   2.8726586449568921E-004
          22          39   1.1738603827428427E-004
          22          40   2.7039098971741271E-003
          22          41  -2.3572079772813135E-005
          22          42   1.4805501718556899E-004
          23           1   3.0045593879338644E-004
          23           2  -7.1534334068479451E-004
          23           3   5.2424322534056055E-003
          23           4  -7.9205946041940849E-003
          23           5   1.4704351144984853E-003
          23           6  -9.2275176161621883E-003
          23           7   7.7323223136769158E-010
          23           8   3.0670822163518837E-010
          23           9   3.4743376924768244E-010
          23          10  -2.3345132864612841E-009
          23          11  -1.0157615002834255E-009
          23          12  -1.1429298260774036E-009
          23          13   3.7687347871975474E-009
          23          14   1.6433561848486663E-009
          23          15   1.8421767830831111E-009
          23          16   4.2519899816278181E-009
          23          17   2.5522777266189690E-009
          23          18   1.9069596759485285E-009
          23          19  -1.6536519233322795E-003
          23          20   4.6744397529371087E-005
          23          21   3.6973293126232670E-004
          23          22  -2.6886664717492807E-005
          23          23   1.4314458521093654     
          23          24   1.9514569779516993E-004
          23          25   1.2324356592069128E-003
          23          26  -4.9628353673742399E-005
          23          27  -7.3553759205012515E-004
          23          28   3.4918486072361106E-005
          23          29  0.47443929786011929     
          23          30  -7.2745371039256994E-004
          23          31   3.0628197204891593E-003
          23          32   6.4167773511112866E-005
          23          33   5.1020382219787068E-003
          23          34  -6.3020499053844232E-005
          23          35   3.7690515930547064E-002
          23          36   5.5887634137157119E-003
          23          37   2.4712450668777117E-003
          23          38   2.2972263634799500E-005
          23          39   3.1727645827482956E-003
          23          40  -2.3571663957162188E-005
          23          41   2.1675850292719899E-003
          23          42   3.3751333066383937E-003
          24           1   9.0033495030440933E-003
          24           2  -1.5243720389783794E-002
          24           3   2.7462346478802101E-002
          24           4  -6.3032379869116077E-003
          24           5  -7.1005374168098979E-003
          24           6   1.1094455541871891E-002
          24           7   2.4307859057297469E-009
          24           8  -1.7944476219635275E-010
          24           9  -3.6127611984999319E-011
          24          10  -7.3301338520607524E-009
          24          11  -2.1612780415281826E-010
          24          12  -5.2979411678375886E-010
          24          13   1.3094360699457439E-008
          24          14   3.8611648214539910E-010
          24          15   7.3196384444382091E-010
          24          16   1.7596686108205896E-008
          24          17  -9.7934625156012341E-010
          24          18   1.4311657158451704E-011
          24          19 -0.71572633733793656     
          24          20   6.2395595132815019E-005
          24          21 -0.71449674004406938     
          24          22   8.5676470123288400E-006
          24          23   1.9514569779516993E-004
          24          24   1.4321216261937684     
          24          25 -0.23789556694224279     
          24          26  -3.7235954361885355E-005
          24          27 -0.23862934509132033     
          24          28  -3.4206590534571714E-005
          24          29  -7.7969554200268206E-004
          24          30  0.47352224562854761     
          24          31  -2.3871776135714208E-002
          24          32   1.8551672581600358E-005
          24          33  -2.3506245644560698E-002
          24          34   4.1701175469849248E-005
          24          35   9.5070978289081250E-004
          24          36   3.3657771760155782E-002
          24          37  -4.7961822318496935E-003
          24          38   6.6790704309222493E-006
          24          39  -4.6645788076699404E-003
          24          40   1.2377968694079459E-005
          24          41   2.8217724374403059E-004
          24          42  -1.0834444886943441E-003
          25           1  -1.3876331449729194E-002
          25           2  -4.2467082357889301E-003
          25           3  -2.1293480243007364E-002
          25           4   8.2556998352199332E-002
          25           5   5.0132797174625605E-002
          25           6  -6.5660060197015563E-002
          25           7   2.7461771585716947E-009
          25           8  -2.9830322036075194E-010
          25           9  -2.0377162799506684E-010
          25          10  -8.1146948241387421E-009
          25          11  -3.2035899380646615E-012
          25          12  -9.7070292516742205E-011
          25          13   1.2091275049146915E-008
          25          14   1.2023378378828936E-009
          25          15   1.1243437559758419E-009
          25          16   1.7570558746267212E-008
          25          17   9.8833294630461109E-010
          25          18   1.1778433000187242E-009
          25          19  0.47166457333749229     
          25          20   2.3139884645395505E-005
          25          21 -0.23714855849471914     
          25          22  -3.2613154998812506E-005
          25          23   1.2324356592069128E-003
          25          24 -0.23789556694224279     
          25          25  0.16910830739372673     
          25          26   1.9894852242078202E-005
          25          27  -6.4559715495571893E-002
          25          28  -2.8039253607380475E-005
          25          29   9.0147384332567347E-004
          25          30  -6.5106115697166261E-002
          25          31   3.6019380537609773E-002
          25          32   4.9823010128522858E-007
          25          33   1.6324183235735291E-002
          25          34  -7.0104964768261785E-007
          25          35  -4.6705910525219447E-004
          25          36   1.6607292617711003E-002
          25          37   2.1960748500351082E-002
          25          38  -1.6839380591759777E-005
          25          39   2.0190244550763122E-002
          25          40   2.3733017700095368E-005
          25          41   3.8159352407684491E-004
          25          42   1.9958945492663763E-002
          26           1  -2.0267201388667779E-007
          26           2  -3.8321125898138436E-006
          26           3  -3.8218686437861324E-005
          26           4   9.7737705789324313E-005
          26           5  -9.2166982776900369E-006
          26           6   8.9267369831536839E-005
          26           7   2.3197095008194454E-010
          26           8   5.3461198540835573E-010
          26           9   3.6832465664318217E-010
          26          10  -5.1877413554913975E-010
          26          11  -1.6364435433220693E-009
          26          12  -1.1609362822121515E-009
          26          13   4.8824796899440552E-010
          26          14   3.0341791048448147E-009
          26          15   2.4495236702989692E-009
          26          16   1.2310289253098115E-009
          26          17   3.8478001910646725E-009
          26          18   2.5420323390094614E-009
          26          19   2.4766206517365312E-005
          26          20  0.47284616689825820     
          26          21   2.4523192816236029E-005
          26          22  -1.1409269500599712E-003
          26          23  -4.9628353673742399E-005
          26          24  -3.7235954361885355E-005
          26          25   1.9894852242078202E-005
          26          26  0.15604011842445692     
          26          27   1.9774053876797474E-005
          26          28  -8.8963177544999555E-004
          26          29  -3.8806905289994431E-005
          26          30  -2.8315395232023263E-005
          26          31  -4.9714367506246157E-005
          26          32   1.3136684538257740E-002
          26          33  -4.9940782175380827E-005
          26          34   2.6040928641493904E-004
          26          35   1.1797899175421894E-005
          26          36  -3.6131514933299088E-005
          26          37  -2.9823004681130940E-005
          26          38   9.5911803505193077E-004
          26          39  -3.0087454650362285E-005
          26          40   9.2077499808132035E-005
          26          41   4.4697293653108817E-006
          26          42  -2.5386483156265627E-005
          27           1  -1.3880324489179875E-002
          27           2  -4.3222202942866488E-003
          27           3  -2.2046553538537125E-002
          27           4   8.4482854697982307E-002
          27           5   4.9951182746345864E-002
          27           6  -6.3901036457736524E-002
          27           7   1.5886975911623874E-009
          27           8  -1.0673639601806069E-010
          27           9  -1.3211214161195516E-010
          27          10  -4.9724180507609829E-009
          27          11  -2.1127075074790907E-010
          27          12  -2.0879785923019183E-010
          27          13   9.9324366549451176E-009
          27          14   4.5990232177560339E-010
          27          15   4.1294506282542059E-010
          27          16   1.3379868008642466E-008
          27          17   4.5037968164649347E-010
          27          18   6.9183115098632740E-010
          27          19 -0.23711651998319913     
          27          20   2.2896963626063363E-005
          27          21  0.47260382213196750     
          27          22   5.4415124237002047E-005
          27          23  -7.3553759205012515E-004
          27          24 -0.23862934509132033     
          27          25  -6.4559715495571893E-002
          27          26   1.9774053876797474E-005
          27          27  0.16989001538552423     
          27          28   3.9723473514407757E-005
          27          29  -6.3520407678543001E-004
          27          30  -6.5664115278230656E-002
          27          31   1.5334764015642747E-002
          27          32   2.7164423263471187E-007
          27          33   3.5045122695454484E-002
          27          34  -2.0165878374625308E-005
          27          35  -8.6695560803386716E-006
          27          36   1.5895312768654305E-002
          27          37   1.9934387192415817E-002
          27          38  -1.7103969364548553E-005
          27          39   2.1036063517425239E-002
          27          40   1.7111504961157801E-005
          27          41   5.4954511089038056E-004
          27          42   1.9458700509488516E-002
          28           1   2.8554435339233689E-007
          28           2   5.4014957843123788E-006
          28           3   5.3865891455079677E-005
          28           4  -1.3775263043576985E-004
          28           5   1.2990216314576092E-005
          28           6  -1.2582043885169046E-004
          28           7  -1.0750775373225026E-009
          28           8  -1.6967670798092887E-010
          28           9  -1.2730866026038030E-010
          28          10   3.5947659508357113E-009
          28          11   4.1406738633857560E-010
          28          12   3.7985735579380850E-010
          28          13  -7.5864388335271210E-009
          28          14   1.6819179229532865E-010
          28          15  -5.8261499127441816E-010
          28          16  -1.0306546830573713E-008
          28          17  -9.4403415639093511E-010
          28          18  -5.8434349594161901E-010
          28          19  -3.4905421688410317E-005
          28          20  -1.1409272836144337E-003
          28          21   5.2123094407561693E-005
          28          22  0.47364465983407444     
          28          23   3.4918486072361106E-005
          28          24  -3.4206590534571714E-005
          28          25  -2.8039253607380475E-005
          28          26  -8.8963177544999555E-004
          28          27   3.9723473514407757E-005
          28          28  0.15666273256296631     
          28          29   2.7382216955554023E-005
          28          30  -2.7685112542077271E-005
          28          31   7.0070476966711215E-005
          28          32   2.6040831183384786E-004
          28          33   5.0605399878987644E-005
          28          34   1.2954406680298455E-002
          28          35  -8.6330016634938837E-006
          28          36   7.0709701092559987E-005
          28          37   4.2034846076932667E-005
          28          38   9.2077182964500815E-005
          28          39   3.5413121158670818E-005
          28          40   8.9467146672377734E-004
          28          41  -3.4733565493016152E-006
          28          42   4.2776315895971475E-005
          29           1   6.5108771296451818E-006
          29           2   1.2313032400174725E-004
          29           3   1.2279577503731560E-003
          29           4  -3.1402947056987963E-003
          29           5   2.9614008966963556E-004
          29           6  -2.8682582744117596E-003
          29           7   7.7911558065332116E-010
          29           8   4.5881270412312604E-010
          29           9   3.3529566812956329E-010
          29          10  -2.5359370560316196E-009
          29          11  -1.2884555012724992E-009
          29          12  -9.0727545746833912E-010
          29          13   5.7675228143935374E-009
          29          14   2.3166356925807287E-009
          29          15   2.0102128816224191E-009
          29          16   7.4812993794077940E-009
          29          17   3.2336237227128073E-009
          29          18   2.5181626994999862E-009
          29          19   1.1801928538678820E-003
          29          20  -4.9628306696482087E-005
          29          21  -7.8777947818536604E-004
          29          22   3.4918505425697992E-005
          29          23  0.47443929786011929     
          29          24  -7.7969554200268206E-004
          29          25   9.0147384332567347E-004
          29          26  -3.8806905289994431E-005
          29          27  -6.3520407678543001E-004
          29          28   2.7382216955554023E-005
          29          29  0.15728587823262286     
          29          30  -6.3104810125198102E-004
          29          31   1.1462853097037361E-003
          29          32   1.1797755801001309E-005
          29          33   1.6046737242250129E-003
          29          34  -8.6327630437131717E-006
          29          35   1.2758013294674173E-002
          29          36   1.6119592843942068E-003
          29          37   7.9879364801874523E-004
          29          38   4.4697044774081308E-006
          29          39   9.6674497430559222E-004
          29          40  -3.4732806904487914E-006
          29          41   8.1564497638956395E-004
          29          42   9.7514763252684253E-004
          30           1  -1.3884270830396226E-002
          30           2  -4.3968555041306728E-003
          30           3  -2.2790868931849246E-002
          30           4   8.6386319852845200E-002
          30           5   4.9771679149852685E-002
          30           6  -6.2162463694110645E-002
          30           7   2.3054451647485028E-009
          30           8  -4.8314416804940049E-010
          30           9  -3.0143423245137258E-010
          30          10  -7.0535544450047234E-009
          30          11   6.4806317345230156E-010
          30          12   4.4760359174526770E-010
          30          13   1.2470532980067109E-008
          30          14  -2.6264638421754152E-010
          30          15   5.6415879999160655E-011
          30          16   1.7434215242456320E-008
          30          17  -1.5458410403498196E-009
          30          18  -5.3541738645950025E-010
          30          19 -0.23783186153066571     
          30          20  -3.8861914804725528E-005
          30          21 -0.23859767833082590     
          30          22  -3.1914328240140207E-005
          30          23  -7.2745371039256994E-004
          30          24  0.47352224562854761     
          30          25  -6.5106115697166261E-002
          30          26  -2.8315395232023263E-005
          30          27  -6.5664115278230656E-002
          30          28  -2.7685112542077271E-005
          30          29  -6.3104810125198102E-004
          30          30  0.17065752198234124     
          30          31   1.4639957566755556E-002
          30          32   1.4080912198965622E-005
          30          33   1.4917396164942542E-002
          30          34  -6.1646737528831463E-008
          30          35  -1.3844771455887722E-006
          30          36   3.4073294726428810E-002
          30          37   1.9450204774716096E-002
          30          38  -1.2402755358027131E-005
          30          39   1.9205816861786421E-002
          30          40   2.4474502296976199E-005
          30          41   5.5794744628323903E-004
          30          42   2.0111883607342833E-002
          31           1  -2.7909929189109808E-002
          31           2  -6.1421120432949379E-004
          31           3  -3.4764568578207838E-002
          31           4  0.14009434120136435     
          31           5   8.3966396840096907E-002
          31           6 -0.10865310152439024     
          31           7   8.0056426991987194E-009
          31           8  -8.9520219970526381E-011
          31           9   6.0871423228413357E-011
          31          10  -2.4672295636539763E-008
          31          11  -1.1561177451165482E-009
          31          12  -1.3272820114225592E-009
          31          13   4.4350985481615730E-008
          31          14   3.9229469507155892E-009
          31          15   3.8826182476595734E-009
          31          16   6.0715556684498803E-008
          31          17   4.0180439725456264E-009
          31          18   4.7100285929479094E-009
          31          19   4.0438076976403968E-002
          31          20  -1.4346905968671875E-004
          31          21  -2.2015285260444131E-002
          31          22   2.0221175918750336E-004
          31          23   3.0628197204891593E-003
          31          24  -2.3871776135714208E-002
          31          25   3.6019380537609773E-002
          31          26  -4.9714367506246157E-005
          31          27   1.5334764015642747E-002
          31          28   7.0070476966711215E-005
          31          29   1.1462853097037361E-003
          31          30   1.4639957566755556E-002
          31          31   3.9958941712839147E-002
          31          32  -6.1412677409972857E-005
          31          33   3.7012486892001172E-002
          31          34   8.6558620810610473E-005
          31          35   1.8480778633571449E-003
          31          36   3.5892291405966018E-002
          31          37   3.5162966062537770E-002
          31          38  -5.1392220141091159E-005
          31          39   3.4026188101847848E-002
          31          40   7.2431580331171436E-005
          31          41   1.6328701479000431E-003
          31          42   3.3036439179693608E-002
          32           1  -4.4017834765089445E-006
          32           2   1.4384348685918738E-005
          32           3  -4.9895853312585301E-005
          32           4   4.0904198724684522E-005
          32           5  -1.2608296488205784E-005
          32           6   5.0202069099409576E-005
          32           7  -5.8100102962854679E-010
          32           8  -1.6208362794704383E-009
          32           9  -1.1279695730173385E-009
          32          10   1.7440593389712479E-009
          32          11   4.9960909664104930E-009
          32          12   3.4995224684027560E-009
          32          13  -3.0189735758039384E-009
          32          14  -8.7669502845987993E-009
          32          15  -6.2944739932841584E-009
          32          16  -4.0273349519178723E-009
          32          17  -1.1959871962966666E-008
          32          18  -8.6307661957653973E-009
          32          19   8.8222286407664603E-007
          32          20   3.9750189574879365E-002
          32          21  -1.4437529964679721E-005
          32          22   8.9411604017408577E-004
          32          23   6.4167773511112866E-005
          32          24   1.8551672581600358E-005
          32          25   4.9823010128522858E-007
          32          26   1.3136684538257740E-002
          32          27   2.7164423263471187E-007
          32          28   2.6040831183384786E-004
          32          29   1.1797755801001309E-005
          32          30   1.4080912198965622E-005
          32          31  -6.1412677409972857E-005
          32          32   1.1596309531112319E-003
          32          33  -2.0401955187607067E-005
          32          34   6.9328361335694639E-005
          32          35  -6.3701197052104254E-005
          32          36   2.4026730227268888E-005
          32          37  -2.6237811787349201E-005
          32          38   8.3566133863335882E-005
          32          39  -1.0195516238229254E-005
          32          40   9.4495049571829405E-006
          32          41  -2.5693642829888681E-005
          32          42   6.2314526524424944E-006
          33           1  -2.7996660551149320E-002
          33           2  -3.3078596243126733E-004
          33           3  -3.5747701177906169E-002
          33           4  0.14090027424677548     
          33           5   8.3717913693863125E-002
          33           6 -0.10766383141048425     
          33           7   7.3104412091849463E-009
          33           8   2.5484710405959127E-010
          33           9   3.7088977768845096E-010
          33          10  -2.2383984163545554E-008
          33          11  -2.4364436817482237E-009
          33          12  -2.3469187961766178E-009
          33          13   3.9211648614246185E-008
          33          14   7.2109298749688198E-009
          33          15   6.0614307175322127E-009
          33          16   5.3913261722829179E-008
          33          17   8.6443591786500662E-009
          33          18   7.7663840027503737E-009
          33          19  -1.9170894354278611E-002
          33          20  -1.5878846193976388E-004
          33          21   3.7326611199211678E-002
          33          22   1.5595366026777748E-004
          33          23   5.1020382219787068E-003
          33          24  -2.3506245644560698E-002
          33          25   1.6324183235735291E-002
          33          26  -4.9940782175380827E-005
          33          27   3.5045122695454484E-002
          33          28   5.0605399878987644E-005
          33          29   1.6046737242250129E-003
          33          30   1.4917396164942542E-002
          33          31   3.7012486892001172E-002
          33          32  -2.0401955187607067E-005
          33          33   3.8346774719884839E-002
          33          34   2.3266424653386027E-005
          33          35   6.5555981743817271E-004
          33          36   3.6365712207348980E-002
          33          37   3.4521812887883155E-002
          33          38  -3.5349697458014611E-005
          33          39   3.3949399482152164E-002
          33          40   4.9016093711578482E-005
          33          41   1.1357783033296518E-003
          33          42   3.3159211935523611E-002
          34           1   6.2036415741148403E-006
          34           2  -2.0272580228946079E-005
          34           3   7.0320522481454820E-005
          34           4  -5.7645640241344473E-005
          34           5   1.7773930147835769E-005
          34           6  -7.0760951044912535E-005
          34           7   2.8768951492243316E-009
          34           8   4.5832713122279426E-010
          34           9   3.5300743216855322E-010
          34          10  -9.0235455030224892E-009
          34          11  -1.4070565413963609E-009
          34          12  -1.1207216505927315E-009
          34          13   1.6997440250515812E-008
          34          14   2.5469039455541734E-009
          34          15   2.3009843438910302E-009
          34          16   2.3068418673429332E-008
          34          17   3.3307089745569712E-009
          34          18   3.1183522393801759E-009
          34          19  -1.2428415331121336E-006
          34          20   8.9411814844892064E-004
          34          21  -4.7500705490376814E-005
          34          22   3.9124352022277264E-002
          34          23  -6.3020499053844232E-005
          34          24   4.1701175469849248E-005
          34          25  -7.0104964768261785E-007
          34          26   2.6040928641493904E-004
          34          27  -2.0165878374625308E-005
          34          28   1.2954406680298455E-002
          34          29  -8.6327630437131717E-006
          34          30  -6.1646737528831463E-008
          34          31   8.6558620810610473E-005
          34          32   6.9328361335694639E-005
          34          33   2.3266424653386027E-005
          34          34   1.1111047815265303E-003
          34          35   9.2001380189324578E-005
          34          36  -2.8372372289075197E-005
          34          37   3.6981883045986380E-005
          34          38   9.4494439204258252E-006
          34          39   1.3566174134885993E-005
          34          40   7.6952215697261719E-005
          34          41   3.6538874430082225E-005
          34          42  -7.9762969656908139E-006
          35           1   1.4142394451616223E-004
          35           2  -4.6215250235286586E-004
          35           3   1.6030938240998334E-003
          35           4  -1.3141525277220872E-003
          35           5   4.0517664341663262E-004
          35           6  -1.6131023815795110E-003
          35           7  -9.5405584597597439E-010
          35           8  -9.6909383450697743E-010
          35           9  -7.6466316061227406E-010
          35          10   3.0638260702540452E-009
          35          11   2.9235312594592224E-009
          35          12   2.2740867764271808E-009
          35          13  -6.2975548734383429E-009
          35          14  -4.8511810293723569E-009
          35          15  -3.6427196527552058E-009
          35          16  -9.0112600237862640E-009
          35          17  -6.7818737731808742E-009
          35          18  -5.0652762718899963E-009
          35          19  -1.5752360643606507E-003
          35          20   6.4167817074635257E-005
          35          21   4.6398467141955279E-004
          35          22  -6.3021294048630068E-005
          35          23   3.7690515930547064E-002
          35          24   9.5070978289081250E-004
          35          25  -4.6705910525219447E-004
          35          26   1.1797899175421894E-005
          35          27  -8.6695560803386716E-006
          35          28  -8.6330016634938837E-006
          35          29   1.2758013294674173E-002
          35          30  -1.3844771455887722E-006
          35          31   1.8480778633571449E-003
          35          32  -6.3701197052104254E-005
          35          33   6.5555981743817271E-004
          35          34   9.2001380189324578E-005
          35          35   3.2044056532527128E-003
          35          36  -6.4679993638513261E-004
          35          37   8.2470625444676414E-004
          35          38  -2.5694051288928482E-005
          35          39   3.2761418238155208E-004
          35          40   3.6538571625535014E-005
          35          41   9.0831712296969059E-004
          35          42  -1.8183890221436889E-004
          36           1  -2.8082383378256741E-002
          36           2  -5.0656485475325790E-005
          36           3  -3.6719402403854746E-002
          36           4  0.14169683675173222     
          36           5   8.3472319419955671E-002
          36           6 -0.10668606332557649     
          36           7   3.2399392588691394E-009
          36           8  -3.9240101452889167E-010
          36           9  -4.3322280991489675E-010
          36          10  -9.8077390882928371E-009
          36          11  -2.6896197467269877E-010
          36          12   5.1299054672444953E-011
          36          13   1.6734925190554984E-008
          36          14   2.4885209075565305E-009
          36          15   2.0365314026555221E-009
          36          16   2.3695369422469888E-008
          36          17   2.2591166617583916E-009
          36          18   2.2835542555245881E-009
          36          19  -1.8216065726377156E-002
          36          20  -1.2579900507750716E-004
          36          21  -2.0694923867617308E-002
          36          22   2.4515582971339439E-004
          36          23   5.5887634137157119E-003
          36          24   3.3657771760155782E-002
          36          25   1.6607292617711003E-002
          36          26  -3.6131514933299088E-005
          36          27   1.5895312768654305E-002
          36          28   7.0709701092559987E-005
          36          29   1.6119592843942068E-003
          36          30   3.4073294726428810E-002
          36          31   3.5892291405966018E-002
          36          32   2.4026730227268888E-005
          36          33   3.6365712207348980E-002
          36          34  -2.8372372289075197E-005
          36          35  -6.4679993638513261E-004
          36          36   3.8341463817070293E-002
          36          37   3.4021924372192425E-002
          36          38  -1.8922445740959333E-005
          36          39   3.3649072706631616E-002
          36          40   2.7473772754239727E-005
          36          41   6.2632473219728039E-004
          36          42   3.3371178219984983E-002
          37           1  -2.0355018447258968E-002
          37           2   6.1856783873935166E-003
          37           3  -4.1286433668216035E-002
          37           4  0.13229903080219252     
          37           5   7.8530412627137836E-002
          37           6 -0.10014094730430198     
          37           7   1.9982260344286507E-008
          37           8   1.7126865272556946E-009
          37           9   1.7230121034387293E-009
          37          10  -6.2004544692385409E-008
          37          11  -6.3384101014794277E-009
          37          12  -6.1736332076074793E-009
          37          13   1.1361779427012972E-007
          37          14   1.3147394389004211E-008
          37          15   1.2608986201180871E-008
          37          16   1.5491090071459001E-007
          37          17   1.6717898568447535E-008
          37          18   1.6645356050453450E-008
          37          19   2.8798870179903638E-003
          37          20  -9.2373490156645555E-005
          37          21  -3.2982578493449422E-003
          37          22   1.3019625305964237E-004
          37          23   2.4712450668777117E-003
          37          24  -4.7961822318496935E-003
          37          25   2.1960748500351082E-002
          37          26  -2.9823004681130940E-005
          37          27   1.9934387192415817E-002
          37          28   4.2034846076932667E-005
          37          29   7.9879364801874523E-004
          37          30   1.9450204774716096E-002
          37          31   3.5162966062537770E-002
          37          32  -2.6237811787349201E-005
          37          33   3.4521812887883155E-002
          37          34   3.6981883045986380E-005
          37          35   8.2470625444676414E-004
          37          36   3.4021924372192425E-002
          37          37   3.2190754073482715E-002
          37          38  -3.6527988535455076E-005
          37          39   3.1461964302410439E-002
          37          40   5.1481957411180843E-005
          37          41   1.1716281729850216E-003
          37          42   3.0751792921552119E-002
          38           1   7.9345723582387160E-006
          38           2  -2.5782242999008893E-005
          38           3   8.6072006827210237E-005
          38           4  -1.1093111598570489E-004
          38           5  -7.7005554555856448E-005
          38           6   1.0197606378977137E-004
          38           7   4.0563318547167260E-010
          38           8  -1.5378909747906256E-010
          38           9  -1.0442582610445353E-010
          38          10  -1.2537278838472572E-009
          38          11   4.9134491253973113E-010
          38          12   3.2844890851307987E-010
          38          13   2.3439918909954538E-009
          38          14  -1.0426055440520894E-009
          38          15  -6.6462106736571609E-010
          38          16   3.1919377209162177E-009
          38          17  -1.4148048326222160E-009
          38          18  -9.0596110365089438E-010
          38          19   3.8885687706919170E-006
          38          20   2.9049720105946289E-003
          38          21  -2.4840261929213643E-006
          38          22   2.8726586449568921E-004
          38          23   2.2972263634799500E-005
          38          24   6.6790704309222493E-006
          38          25  -1.6839380591759777E-005
          38          26   9.5911803505193077E-004
          38          27  -1.7103969364548553E-005
          38          28   9.2077182964500815E-005
          38          29   4.4697044774081308E-006
          38          30  -1.2402755358027131E-005
          38          31  -5.1392220141091159E-005
          38          32   8.3566133863335882E-005
          38          33  -3.5349697458014611E-005
          38          34   9.4494439204258252E-006
          38          35  -2.5694051288928482E-005
          38          36  -1.8922445740959333E-005
          38          37  -3.6527988535455076E-005
          38          38   6.3648798113153084E-006
          38          39  -2.9740060532706292E-005
          38          40   6.7444614094876069E-007
          38          41  -1.1017500284030580E-005
          38          42  -2.2968531071184805E-005
          39           1  -2.0198673305605888E-002
          39           2   5.6776573018859919E-003
          39           3  -3.9590446368628185E-002
          39           4  0.13011321500211084     
          39           5   7.7013072877845395E-002
          39           6  -9.8131579735225655E-002
          39           7   2.1376758316332222E-008
          39           8   1.4648810907080094E-009
          39           9   1.5747057487116901E-009
          39          10  -6.6356025134352237E-008
          39          11  -5.5102025475016129E-009
          39          12  -5.6949111115660344E-009
          39          13   1.2177668604939522E-007
          39          14   1.1400655710661309E-008
          39          15   1.1633748152043103E-008
          39          16   1.6607426090434484E-007
          39          17   1.4417209595757088E-008
          39          18   1.5354673871267558E-008
          39          19  -1.4014329601735288E-003
          39          20  -9.8745540644933327E-005
          39          21   1.0107408384729651E-003
          39          22   1.1738603827428427E-004
          39          23   3.1727645827482956E-003
          39          24  -4.6645788076699404E-003
          39          25   2.0190244550763122E-002
          39          26  -3.0087454650362285E-005
          39          27   2.1036063517425239E-002
          39          28   3.5413121158670818E-005
          39          29   9.6674497430559222E-004
          39          30   1.9205816861786421E-002
          39          31   3.4026188101847848E-002
          39          32  -1.0195516238229254E-005
          39          33   3.3949399482152164E-002
          39          34   1.3566174134885993E-005
          39          35   3.2761418238155208E-004
          39          36   3.3649072706631616E-002
          39          37   3.1461964302410439E-002
          39          38  -2.9740060532706292E-005
          39          39   3.0884987928478616E-002
          39          40   4.1826923049716342E-005
          39          41   9.5554113752297073E-004
          39          42   3.0299215076904480E-002
          40           1  -1.1182825793526646E-005
          40           2   3.6336994203078580E-005
          40           3  -1.2130796835417028E-004
          40           4   1.5634357000653831E-004
          40           5   1.0853003984075116E-004
          40           6  -1.4372320415859282E-004
          40           7  -2.4115403091402045E-009
          40           8   1.4901078576796907E-009
          40           9   9.9155982019818282E-010
          40          10   7.5212276553004532E-009
          40          11  -4.6419569547781267E-009
          40          12  -3.0826064901750875E-009
          40          13  -1.3905596368215804E-008
          40          14   8.5890007979390434E-009
          40          15   5.6576918669906938E-009
          40          16  -1.8892540318150371E-008
          40          17   1.1653048195374539E-008
          40          18   7.6826968229345778E-009
          40          19  -5.4805650278360918E-006
          40          20   2.8726670953837022E-004
          40          21  -1.8290321860967419E-005
          40          22   2.7039098971741271E-003
          40          23  -2.3571663957162188E-005
          40          24   1.2377968694079459E-005
          40          25   2.3733017700095368E-005
          40          26   9.2077499808132035E-005
          40          27   1.7111504961157801E-005
          40          28   8.9467146672377734E-004
          40          29  -3.4732806904487914E-006
          40          30   2.4474502296976199E-005
          40          31   7.2431580331171436E-005
          40          32   9.4495049571829405E-006
          40          33   4.9016093711578482E-005
          40          34   7.6952215697261719E-005
          40          35   3.6538571625535014E-005
          40          36   2.7473772754239727E-005
          40          37   5.1481957411180843E-005
          40          38   6.7444614094876069E-007
          40          39   4.1826923049716342E-005
          40          40   5.8928060734519209E-006
          40          41   1.5563671520091601E-005
          40          42   3.2459396377484826E-005
          41           1  -2.5493586349426277E-004
          41           2   8.2837749264057150E-004
          41           3  -2.7654711092471307E-003
          41           4   3.5641837373032127E-003
          41           5   2.4741694326352215E-003
          41           6  -3.2764687654512265E-003
          41           7   4.1563929176965288E-009
          41           8   1.3629527101403357E-009
          41           9   1.0979876439329349E-009
          41          10  -1.2901116953717084E-008
          41          11  -4.2079469795511481E-009
          41          12  -3.3846941326579689E-009
          41          13   2.3581637121544509E-008
          41          14   7.6253163109722451E-009
          41          15   6.1287649170767038E-009
          41          16   3.1881142834569266E-008
          41          17   1.0250662148181477E-008
          41          18   8.2747212871481479E-009
          41          19  -6.2171111025293747E-004
          41          20   2.2972041800118498E-005
          41          21   7.9808872120825975E-005
          41          22  -2.3572079772813135E-005
          41          23   2.1675850292719899E-003
          41          24   2.8217724374403059E-004
          41          25   3.8159352407684491E-004
          41          26   4.4697293653108817E-006
          41          27   5.4954511089038056E-004
          41          28  -3.4733565493016152E-006
          41          29   8.1564497638956395E-004
          41          30   5.5794744628323903E-004
          41          31   1.6328701479000431E-003
          41          32  -2.5693642829888681E-005
          41          33   1.1357783033296518E-003
          41          34   3.6538874430082225E-005
          41          35   9.0831712296969059E-004
          41          36   6.2632473219728039E-004
          41          37   1.1716281729850216E-003
          41          38  -1.1017500284030580E-005
          41          39   9.5554113752297073E-004
          41          40   1.5563671520091601E-005
          41          41   3.6001432926641716E-004
          41          42   7.3998095694525839E-004
          42           1  -2.0044146369354796E-002
          42           2   5.1755442002978744E-003
          42           3  -3.7914182447263717E-002
          42           4  0.12795281904204878     
          42           5   7.5513378525703029E-002
          42           6  -9.6145579142747600E-002
          42           7   2.5375844797758862E-008
          42           8   1.9473394416443825E-009
          42           9   2.0736657468424790E-009
          42          10  -7.8695130790373086E-008
          42          11  -7.0831391844091296E-009
          42          12  -7.2481142082725661E-009
          42          13   1.4367825293886618E-007
          42          14   1.4703633245479375E-008
          42          15   1.4668353009983729E-008
          42          16   1.9592323988873303E-007
          42          17   1.8958972284069127E-008
          42          18   1.9500788836059122E-008
          42          19  -1.0245881880253933E-003
          42          20  -8.9582976854423086E-005
          42          21  -2.7898083924392959E-003
          42          22   1.4805501718556899E-004
          42          23   3.3751333066383937E-003
          42          24  -1.0834444886943441E-003
          42          25   1.9958945492663763E-002
          42          26  -2.5386483156265627E-005
          42          27   1.9458700509488516E-002
          42          28   4.2776315895971475E-005
          42          29   9.7514763252684253E-004
          42          30   2.0111883607342833E-002
          42          31   3.3036439179693608E-002
          42          32   6.2314526524424944E-006
          42          33   3.3159211935523611E-002
          42          34  -7.9762969656908139E-006
          42          35  -1.8183890221436889E-004
          42          36   3.3371178219984983E-002
          42          37   3.0751792921552119E-002
          42          38  -2.2968531071184805E-005
          42          39   3.0299215076904480E-002
          42          40   3.2459396377484826E-005
          42          41   7.3998095694525839E-004
          42          42   2.9857263316278713E-002
