           1           1   2.2803697082891841     
           1           2  0.78754426559715285     
           1           3  0.11135079708032369     
           1           4   6.2364490558758229E-002
           1           5  -6.3987032157483835E-016
           1           6  -1.7552925854722777E-015
           1           7  -7.2782067177604264E-015
           1           8  -7.9716748887867480E-017
           1           9  -4.3186654240465106E-015
           1          10   1.2110698316968558E-015
           1          11 -0.10478748863684545     
           1          12   1.2578194882014422E-015
           1          13 -0.10478748863684534     
           1          14  -1.8494768590659674E-015
           1          15  -1.1145478931380150E-015
           1          16 -0.10478748863684773     
           1          17   8.1560456065327448E-003
           1          18  -6.3885083718176085E-016
           1          19   8.1560456065369012E-003
           1          20   2.2590255209647567E-015
           1          21  -7.1473472188459375E-016
           1          22   8.1560456065230894E-003
           2           1  0.78754426559715285     
           2           2   2.3609371490794921     
           2           3  0.17678173127002358     
           2           4 -0.23900134985673491     
           2           5   4.0851633929276503E-015
           2           6   9.4341797613293480E-015
           2           7  -3.2016886182968075E-015
           2           8   5.7468093156728255E-017
           2           9   7.1256018901368982E-016
           2          10   3.9376972370112596E-016
           2          11 -0.20752741643648553     
           2          12   6.3288088622370429E-017
           2          13 -0.20752741643648306     
           2          14  -2.7884104600068329E-016
           2          15   2.2290364001210460E-016
           2          16 -0.20752741643648248     
           2          17  0.16131499408863842     
           2          18  -7.0010235552647647E-017
           2          19  0.16131499408864158     
           2          20  -5.2996119616129931E-016
           2          21   2.4151477643483256E-016
           2          22  0.16131499408863714     
           3           1  0.11135079708032369     
           3           2  0.17678173127002358     
           3           3  0.12658447620395175     
           3           4   9.7056904934507124E-002
           3           5   2.5358375611081621E-015
           3           6   9.1363955095154942E-015
           3           7  -3.2156619383602243E-015
           3           8   1.9813200244838810E-016
           3           9   6.7226212364344916E-016
           3          10  -1.9575277063940238E-016
           3          11   3.3347878147152550E-003
           3          12   9.6370922690498712E-019
           3          13   3.3347878147151357E-003
           3          14   1.3488238483086683E-017
           3          15  -2.5408021759724435E-017
           3          16   3.3347878147151969E-003
           3          17  -1.7472039980104420E-003
           3          18   2.1338884919581791E-018
           3          19  -1.7472039980097063E-003
           3          20  -6.0687892114884839E-017
           3          21   9.6160762675450789E-018
           3          22  -1.7472039980105168E-003
           4           1   6.2364490558758229E-002
           4           2 -0.23900134985673491     
           4           3   9.7056904934507124E-002
           4           4  0.14688851398026762     
           4           5  -7.3517297819048381E-015
           4           6  -2.5935251116918275E-014
           4           7   6.6759528208882000E-015
           4           8   1.1054024833636325E-016
           4           9   3.0849804394181334E-016
           4          10  -2.9647431015260256E-018
           4          11   3.6904703884741874E-002
           4          12   7.1565862436128351E-017
           4          13   3.6904703884741590E-002
           4          14  -1.1668174653936987E-016
           4          15  -1.8120431763117579E-017
           4          16   3.6904703884741388E-002
           4          17  -3.2834249998083806E-002
           4          18  -2.2573974813441365E-018
           4          19  -3.2834249998083355E-002
           4          20   1.8443629710821462E-016
           4          21  -8.9936962728668459E-017
           4          22  -3.2834249998083778E-002
           5           1  -6.3987032157483835E-016
           5           2   4.0851633929276503E-015
           5           3   2.5358375611081621E-015
           5           4  -7.3517297819048381E-015
           5           5   1.0016891190781141     
           5           6   1.6653345369377804E-016
           5           7  -3.8857805861879034E-016
           5           8   1.6169181799899107E-003
           5           9   3.8462072068923861E-016
           5          10   2.8189256484692726E-018
           5          11  -3.3525727742087296E-016
           5          12  -1.8212610072339531E-017
           5          13  -9.7200932217005579E-017
           5          14   2.5251390679505883E-016
           5          15  -8.4281074654422411E-017
           5          16  -3.9827639142259679E-016
           5          17   1.6966959030045121E-015
           5          18   1.4472002152532629E-016
           5          19   1.9978932923052405E-015
           5          20   5.0596387719271623E-016
           5          21   3.7302379404136410E-016
           5          22   1.9927580827820154E-015
           6           1  -1.7552925854722777E-015
           6           2   9.4341797613293480E-015
           6           3   9.1363955095154942E-015
           6           4  -2.5935251116918275E-014
           6           5   1.6653345369377804E-016
           6           6   1.0016891190781161     
           6           7   4.4408920985006607E-016
           6           8  -6.8613734485745375E-016
           6           9   1.6169181799902169E-003
           6          10   5.1748969692733491E-016
           6          11  -8.8160490236935583E-016
           6          12   7.5704013719486953E-017
           6          13  -1.3646821111100264E-016
           6          14   5.1155359893257993E-016
           6          15   4.7695692422889490E-016
           6          16  -2.0384649558371271E-016
           6          17   7.1149371962919074E-015
           6          18   9.1733108830144487E-016
           6          19   6.3912326297816984E-015
           6          20   2.0688419952605978E-015
           6          21  -3.4096760446507703E-017
           6          22   6.4668343407981097E-015
           7           1  -7.2782067177604264E-015
           7           2  -3.2016886182968075E-015
           7           3  -3.2156619383602243E-015
           7           4   6.6759528208882000E-015
           7           5  -3.8857805861879034E-016
           7           6   4.4408920985006607E-016
           7           7   1.0016891190781161     
           7           8  -2.2768245622196002E-016
           7           9  -7.5352050987726547E-017
           7          10   1.6169181799905864E-003
           7          11   2.4266491818145639E-016
           7          12   3.4002279420893949E-017
           7          13   9.5964052487517327E-016
           7          14  -5.2395633581511647E-016
           7          15   1.4643069255558819E-016
           7          16   1.7618973893368617E-016
           7          17  -8.8603008937355294E-016
           7          18   1.2616330523376296E-016
           7          19  -1.3322207120753485E-015
           7          20  -4.6428943822412402E-016
           7          21  -3.9015590872817095E-016
           7          22  -2.1160664105844899E-015
           8           1  -7.9716748887867480E-017
           8           2   5.7468093156728255E-017
           8           3   1.9813200244838810E-016
           8           4   1.1054024833636325E-016
           8           5   1.6169181799899107E-003
           8           6  -6.8613734485745375E-016
           8           7  -2.2768245622196002E-016
           8           8   2.6100157733449499E-006
           8           9  -4.8714982379076472E-019
           8          10  -3.6194776627581616E-019
           8          11   6.4589493413412105E-017
           8          12  -2.9398642523963244E-020
           8          13   6.4973761970474269E-017
           8          14   4.0760583181301619E-019
           8          15  -1.3604580427729387E-019
           8          16   6.4487768487801280E-017
           8          17   6.0996545240938919E-018
           8          18   2.3360584572118597E-019
           8          19   6.5858448253038949E-018
           8          20   8.1672264963931713E-019
           8          21   6.0213188170611580E-019
           8          22   6.5775556131304135E-018
           9           1  -4.3186654240465106E-015
           9           2   7.1256018901368982E-016
           9           3   6.7226212364344916E-016
           9           4   3.0849804394181334E-016
           9           5   3.8462072068923861E-016
           9           6   1.6169181799902169E-003
           9           7  -7.5352050987726547E-017
           9           8  -4.8714982379076472E-019
           9           9   2.6100157733459328E-006
           9          10   7.1256646688336348E-019
           9          11   1.3197416685332636E-016
           9          12   1.2220078440223680E-019
           9          13   1.3317696025472213E-016
           9          14   8.2574553162585085E-019
           9          15   7.6989986930411776E-019
           9          16   1.3306819879268801E-016
           9          17   7.2713308501126462E-017
           9          18   1.4807481537900455E-018
           9          19   7.1545110655859885E-017
           9          20   3.3395074079842392E-018
           9          21  -5.5038704916329084E-020
           9          22   7.1667146304126173E-017
          10           1   1.2110698316968558E-015
          10           2   3.9376972370112596E-016
          10           3  -1.9575277063940238E-016
          10           4  -2.9647431015260256E-018
          10           5   2.8189256484692726E-018
          10           6   5.1748969692733491E-016
          10           7   1.6169181799905864E-003
          10           8  -3.6194776627581616E-019
          10           9   7.1256646688336348E-019
          10          10   2.6100157733471259E-006
          10          11  -2.1449352718063352E-016
          10          12   5.4886194441848525E-020
          10          13  -2.1333619116587440E-016
          10          14  -8.4576592555042854E-019
          10          15   2.3636719656939091E-019
          10          16  -2.1460083085776694E-016
          10          17  -3.7859130950521015E-017
          10          18   2.0365174982532339E-019
          10          19  -3.8579368113761998E-017
          10          20  -7.4945211956247250E-019
          10          21  -6.2978639763636254E-019
          10          22  -3.9844645270197715E-017
          11           1 -0.10478748863684545     
          11           2 -0.20752741643648553     
          11           3   3.3347878147152550E-003
          11           4   3.6904703884741874E-002
          11           5  -3.3525727742087296E-016
          11           6  -8.8160490236935583E-016
          11           7   2.4266491818145639E-016
          11           8   6.4589493413412105E-017
          11           9   1.3197416685332636E-016
          11          10  -2.1449352718063352E-016
          11          11   2.3119331061998330E-002
          11          12  -4.9410526113405476E-017
          11          13   2.3119331061997896E-002
          11          14   1.2920226760794447E-016
          11          15  -5.9430956123127364E-017
          11          16   2.3119331061997941E-002
          11          17  -1.5177578154285869E-002
          11          18   1.4739542943710016E-017
          11          19  -1.5177578154286215E-002
          11          20  -3.6668274562866044E-017
          11          21   7.7180671347933944E-018
          11          22  -1.5177578154285720E-002
          12           1   1.2578194882014422E-015
          12           2   6.3288088622370429E-017
          12           3   9.6370922690498712E-019
          12           4   7.1565862436128351E-017
          12           5  -1.8212610072339531E-017
          12           6   7.5704013719486953E-017
          12           7   3.4002279420893949E-017
          12           8  -2.9398642523963244E-020
          12           9   1.2220078440223680E-019
          12          10   5.4886194441848525E-020
          12          11  -4.9410526113405476E-017
          12          12   1.1069212041734612E-030
          12          13  -4.9410526113401976E-017
          12          14  -2.3398286065112638E-030
          12          15   5.5327486724074688E-031
          12          16  -4.9410526113404244E-017
          12          17  -2.8645074422128486E-017
          12          18  -1.8197237395386621E-031
          12          19  -2.8645074422124998E-017
          12          20   2.1689806187686459E-030
          12          21  -7.7471692727716900E-031
          12          22  -2.8645074422130754E-017
          13           1 -0.10478748863684534     
          13           2 -0.20752741643648306     
          13           3   3.3347878147151357E-003
          13           4   3.6904703884741590E-002
          13           5  -9.7200932217005579E-017
          13           6  -1.3646821111100264E-016
          13           7   9.5964052487517327E-016
          13           8   6.4973761970474269E-017
          13           9   1.3317696025472213E-016
          13          10  -2.1333619116587440E-016
          13          11   2.3119331061997896E-002
          13          12  -4.9410526113401976E-017
          13          13   2.3119331061997466E-002
          13          14   1.2920226760793064E-016
          13          15  -5.9430956123112376E-017
          13          16   2.3119331061997511E-002
          13          17  -1.5177578154285753E-002
          13          18   1.4739542943712417E-017
          13          19  -1.5177578154286097E-002
          13          20  -3.6668274562859936E-017
          13          21   7.7180671347906689E-018
          13          22  -1.5177578154285609E-002
          14           1  -1.8494768590659674E-015
          14           2  -2.7884104600068329E-016
          14           3   1.3488238483086683E-017
          14           4  -1.1668174653936987E-016
          14           5   2.5251390679505883E-016
          14           6   5.1155359893257993E-016
          14           7  -5.2395633581511647E-016
          14           8   4.0760583181301619E-019
          14           9   8.2574553162585085E-019
          14          10  -8.4576592555042854E-019
          14          11   1.2920226760794447E-016
          14          12  -2.3398286065112638E-030
          14          13   1.2920226760793064E-016
          14          14   6.9473625245098135E-030
          14          15  -3.5201718273943791E-030
          14          16   1.2920226760793562E-016
          14          17   4.5951678847583295E-017
          14          18   4.9253494731863041E-031
          14          19   4.5951678847573946E-017
          14          20  -2.7088990145212282E-030
          14          21   1.9671190913402982E-030
          14          22   4.5951678847578340E-017
          15           1  -1.1145478931380150E-015
          15           2   2.2290364001210460E-016
          15           3  -2.5408021759724435E-017
          15           4  -1.8120431763117579E-017
          15           5  -8.4281074654422411E-017
          15           6   4.7695692422889490E-016
          15           7   1.4643069255558819E-016
          15           8  -1.3604580427729387E-019
          15           9   7.6989986930411776E-019
          15          10   2.3636719656939091E-019
          15          11  -5.9430956123127364E-017
          15          12   5.5327486724074688E-031
          15          13  -5.9430956123112376E-017
          15          14  -3.5201718273943791E-030
          15          15   5.5829802427281388E-030
          15          16  -5.9430956123113399E-017
          15          17   9.5680834471963738E-018
          15          18   1.2972448093742429E-030
          15          19   9.5680834472008111E-018
          15          20   1.3888089986832538E-030
          15          21  -6.1490491810352244E-031
          15          22   9.5680834472146933E-018
          16           1 -0.10478748863684773     
          16           2 -0.20752741643648248     
          16           3   3.3347878147151969E-003
          16           4   3.6904703884741388E-002
          16           5  -3.9827639142259679E-016
          16           6  -2.0384649558371271E-016
          16           7   1.7618973893368617E-016
          16           8   6.4487768487801280E-017
          16           9   1.3306819879268801E-016
          16          10  -2.1460083085776694E-016
          16          11   2.3119331061997941E-002
          16          12  -4.9410526113404244E-017
          16          13   2.3119331061997511E-002
          16          14   1.2920226760793562E-016
          16          15  -5.9430956123113399E-017
          16          16   2.3119331061997553E-002
          16          17  -1.5177578154285653E-002
          16          18   1.4739542943712725E-017
          16          19  -1.5177578154285993E-002
          16          20  -3.6668274562864195E-017
          16          21   7.7180671347924669E-018
          16          22  -1.5177578154285503E-002
          17           1   8.1560456065327448E-003
          17           2  0.16131499408863842     
          17           3  -1.7472039980104420E-003
          17           4  -3.2834249998083806E-002
          17           5   1.6966959030045121E-015
          17           6   7.1149371962919074E-015
          17           7  -8.8603008937355294E-016
          17           8   6.0996545240938919E-018
          17           9   7.2713308501126462E-017
          17          10  -3.7859130950521015E-017
          17          11  -1.5177578154285869E-002
          17          12  -2.8645074422128486E-017
          17          13  -1.5177578154285753E-002
          17          14   4.5951678847583295E-017
          17          15   9.5680834471963738E-018
          17          16  -1.5177578154285653E-002
          17          17   1.3730588301520262E-002
          17          18   2.8301264982951193E-018
          17          19   1.3730588301520316E-002
          17          20  -9.6445807854378330E-017
          17          21   4.0473216055088594E-017
          17          22   1.3730588301520255E-002
          18           1  -6.3885083718176085E-016
          18           2  -7.0010235552647647E-017
          18           3   2.1338884919581791E-018
          18           4  -2.2573974813441365E-018
          18           5   1.4472002152532629E-016
          18           6   9.1733108830144487E-016
          18           7   1.2616330523376296E-016
          18           8   2.3360584572118597E-019
          18           9   1.4807481537900455E-018
          18          10   2.0365174982532339E-019
          18          11   1.4739542943710016E-017
          18          12  -1.8197237395386621E-031
          18          13   1.4739542943712417E-017
          18          14   4.9253494731863041E-031
          18          15   1.2972448093742429E-030
          18          16   1.4739542943712725E-017
          18          17   2.8301264982951193E-018
          18          18   1.1259762963484396E-030
          18          19   2.8301264982941933E-018
          18          20   1.3807275321151689E-030
          18          21   1.0277851088301181E-031
          18          22   2.8301264982987955E-018
          19           1   8.1560456065369012E-003
          19           2  0.16131499408864158     
          19           3  -1.7472039980097063E-003
          19           4  -3.2834249998083355E-002
          19           5   1.9978932923052405E-015
          19           6   6.3912326297816984E-015
          19           7  -1.3322207120753485E-015
          19           8   6.5858448253038949E-018
          19           9   7.1545110655859885E-017
          19          10  -3.8579368113761998E-017
          19          11  -1.5177578154286215E-002
          19          12  -2.8645074422124998E-017
          19          13  -1.5177578154286097E-002
          19          14   4.5951678847573946E-017
          19          15   9.5680834472008111E-018
          19          16  -1.5177578154285993E-002
          19          17   1.3730588301520316E-002
          19          18   2.8301264982941933E-018
          19          19   1.3730588301520368E-002
          19          20  -9.6445807854373967E-017
          19          21   4.0473216055086653E-017
          19          22   1.3730588301520309E-002
          20           1   2.2590255209647567E-015
          20           2  -5.2996119616129931E-016
          20           3  -6.0687892114884839E-017
          20           4   1.8443629710821462E-016
          20           5   5.0596387719271623E-016
          20           6   2.0688419952605978E-015
          20           7  -4.6428943822412402E-016
          20           8   8.1672264963931713E-019
          20           9   3.3395074079842392E-018
          20          10  -7.4945211956247250E-019
          20          11  -3.6668274562866044E-017
          20          12   2.1689806187686459E-030
          20          13  -3.6668274562859936E-017
          20          14  -2.7088990145212282E-030
          20          15   1.3888089986832538E-030
          20          16  -3.6668274562864195E-017
          20          17  -9.6445807854378330E-017
          20          18   1.3807275321151689E-030
          20          19  -9.6445807854373967E-017
          20          20   8.7275141721094793E-030
          20          21  -1.1572479292804228E-030
          20          22  -9.6445807854384185E-017
          21           1  -7.1473472188459375E-016
          21           2   2.4151477643483256E-016
          21           3   9.6160762675450789E-018
          21           4  -8.9936962728668459E-017
          21           5   3.7302379404136410E-016
          21           6  -3.4096760446507703E-017
          21           7  -3.9015590872817095E-016
          21           8   6.0213188170611580E-019
          21           9  -5.5038704916329084E-020
          21          10  -6.2978639763636254E-019
          21          11   7.7180671347933944E-018
          21          12  -7.7471692727716900E-031
          21          13   7.7180671347906689E-018
          21          14   1.9671190913402982E-030
          21          15  -6.1490491810352244E-031
          21          16   7.7180671347924669E-018
          21          17   4.0473216055088594E-017
          21          18   1.0277851088301181E-031
          21          19   4.0473216055086653E-017
          21          20  -1.1572479292804228E-030
          21          21   8.4891805625228253E-031
          21          22   4.0473216055089802E-017
          22           1   8.1560456065230894E-003
          22           2  0.16131499408863714     
          22           3  -1.7472039980105168E-003
          22           4  -3.2834249998083778E-002
          22           5   1.9927580827820154E-015
          22           6   6.4668343407981097E-015
          22           7  -2.1160664105844899E-015
          22           8   6.5775556131304135E-018
          22           9   7.1667146304126173E-017
          22          10  -3.9844645270197715E-017
          22          11  -1.5177578154285720E-002
          22          12  -2.8645074422130754E-017
          22          13  -1.5177578154285609E-002
          22          14   4.5951678847578340E-017
          22          15   9.5680834472146933E-018
          22          16  -1.5177578154285503E-002
          22          17   1.3730588301520255E-002
          22          18   2.8301264982987955E-018
          22          19   1.3730588301520309E-002
          22          20  -9.6445807854384185E-017
          22          21   4.0473216055089802E-017
          22          22   1.3730588301520252E-002
