           1           1   1.9994759082684617     
           1           2  -7.7869179677227656E-003
           1           3  -7.3265302126386423E-003
           1           4   8.5441555141040279E-003
           1           5  -1.5412154688093978E-002
           1           6  -1.1232499252412750E-002
           1           7  -1.0592466421914342E-010
           1           8  -6.2380185783632286E-011
           1           9  -2.5637812041366655E-011
           1          10  -8.2450582890650155E-009
           1          11  -8.3481164653254670E-010
           1          12  -4.3745212024951428E-010
           1          13   1.1289557000245273E-010
           1          14  -3.6500232279538103E-011
           1          15  -1.7797965430483618E-010
           1          16   1.1527738541288878E-010
           1          17  -3.5908131778297943E-011
           1          18  -2.3043856148095496E-010
           1          19  -2.1718879161790456E-011
           1          20   8.4126703014555163E-013
           1          21   1.3676038280325828E-011
           1          22   7.5679997040815376E-003
           1          23  -2.2986770401828001E-005
           1          24   7.5666509976873297E-003
           1          25  -1.2919565871517740E-004
           1          26   1.2492580723929954E-004
           1          27   8.1551710955398010E-003
           1          28   8.1259221682956247E-003
           1          29  -1.9449095874889607E-006
           1          30   8.1258109487386092E-003
           1          31  -1.0924866155523721E-005
           1          32   1.0568969264644008E-005
           1          33   8.1755997202259244E-003
           1          34   4.2789723634834541E-003
           1          35  -4.7626931962920405E-006
           1          36   4.2786979317217533E-003
           1          37  -2.6753548850875135E-005
           1          38   2.5878788931209856E-005
           1          39   4.4005988425379564E-003
           2           1  -7.7869179677227656E-003
           2           2   1.9513025676983244     
           2           3  -4.4437369979428015E-002
           2           4  -9.4629646532400687E-004
           2           5   9.9369758321775886E-002
           2           6   1.8550611554007161E-002
           2           7   6.5219447250702746E-009
           2           8  -2.3821033758666600E-009
           2           9   1.3742459406351254E-009
           2          10  -6.5247873650582825E-008
           2          11  -7.0919596730300990E-009
           2          12  -2.0178855908339241E-009
           2          13   9.1473831094123549E-010
           2          14  -3.2121138846106558E-010
           2          15  -1.5856806081381346E-009
           2          16   9.3592592067551593E-010
           2          17  -2.9582170730700142E-010
           2          18  -1.9853474952780651E-009
           2          19  -1.7037283496898059E-010
           2          20   1.6304462951684842E-012
           2          21   1.0489991783295567E-010
           2          22   1.4587604465967782E-002
           2          23  -2.1456197913229558E-004
           2          24   1.4575063048282346E-002
           2          25  -1.2057410762762540E-003
           2          26   1.1659334449478133E-003
           2          27   2.0067696403179288E-002
           2          28  -1.5890068330340842E-002
           2          29  -1.7769960130851721E-005
           2          30  -1.5891086365351911E-002
           2          31  -9.9819002758493426E-005
           2          32   9.6565091798070618E-005
           2          33  -1.5436183740198877E-002
           2          34  -6.6084983688552736E-003
           2          35  -3.8906134188765666E-005
           2          36  -6.6107396841780311E-003
           2          37  -2.1854668461543375E-004
           2          38   2.1140118915954640E-004
           2          39  -5.6149449643197857E-003
           3           1  -7.3265302126386423E-003
           3           2  -4.4437369979428015E-002
           3           3   2.0417629521350751     
           3           4   6.9356294457157935E-002
           3           5  0.30329352222229089     
           3           6   2.9639560869039114E-002
           3           7  -5.5885309873848164E-009
           3           8  -2.1869540903527669E-009
           3           9  -1.1296920223792067E-009
           3          10  -1.7072207390903119E-007
           3          11  -2.4353218683104103E-008
           3          12  -1.4487632780168655E-009
           3          13   2.7078201772527634E-009
           3          14  -7.3575138256376908E-010
           3          15  -5.6624966001204466E-009
           3          16   2.7830909714567566E-009
           3          17  -9.6479845687325003E-010
           3          18  -4.9600757952433670E-009
           3          19  -5.2327397764467128E-010
           3          20   5.8170743541675257E-011
           3          21   1.7857725584396524E-010
           3          22  -5.6776388462719429E-002
           3          23  -5.8792810590779429E-004
           3          24  -5.6810947192037775E-002
           3          25  -3.3046012079244874E-003
           3          26   3.1952387898630330E-003
           3          27  -4.1758153040964613E-002
           3          28  -5.1215483455448643E-002
           3          29  -6.1773434379873914E-005
           3          30  -5.1219027739355993E-002
           3          31  -3.4699579127246629E-004
           3          32   3.3567401602517099E-004
           3          33  -4.9637700363897350E-002
           3          34  -8.2090185663439025E-003
           3          35  -1.2912503802308355E-004
           3          36  -8.2164560558239536E-003
           3          37  -7.2533527262726529E-004
           3          38   7.0162291395486345E-004
           3          39  -4.9115036144667910E-003
           4           1   8.5441555141040279E-003
           4           2  -9.4629646532400687E-004
           4           3   6.9356294457157935E-002
           4           4  0.63173991629935311     
           4           5  0.47216440107854352     
           4           6 -0.24637498065904989     
           4           7  -1.6321712971886603E-008
           4           8  -3.1661581344315427E-009
           4           9  -2.4769210968380923E-009
           4          10  -2.3373877980352379E-007
           4          11  -1.6731031858715877E-008
           4          12  -2.3151209067170332E-008
           4          13   7.8836080214993742E-009
           4          14  -5.5549747838599189E-010
           4          15   4.9839593552207997E-009
           4          16   2.2544252843782514E-009
           4          17   1.0081100063086726E-009
           4          18   6.7143676253391522E-009
           4          19  -1.2108063390871962E-009
           4          20   5.2172979338611648E-010
           4          21   2.9351318225922379E-009
           4          22  -1.6694572626096690E-002
           4          23  -7.8836702423774001E-005
           4          24  -1.6699761504810680E-002
           4          25  -4.4495683063242497E-004
           4          26   4.2950194926539073E-004
           4          27  -1.4675699465518721E-002
           4          28  0.11569596195368997     
           4          29  -1.1009667963080135E-004
           4          30  0.11568966764501648     
           4          31  -6.1852947736095419E-004
           4          32   5.9835579933758837E-004
           4          33  0.11850877918313815     
           4          34   9.5888966970463230E-002
           4          35  -4.8926661034574706E-004
           4          36   9.5860795298300563E-002
           4          37  -2.7483082118982508E-003
           4          38   2.6584908182537077E-003
           4          39  0.10838343972379325     
           5           1  -1.5412154688093978E-002
           5           2   9.9369758321775886E-002
           5           3  0.30329352222229089     
           5           4  0.47216440107854352     
           5           5  0.39065274942840561     
           5           6 -0.17558542466941343     
           5           7   3.1013289701095600E-008
           5           8   4.4578515907612908E-009
           5           9   4.5437420036967401E-009
           5          10   4.9960536526135321E-007
           5          11   2.5886136414202550E-008
           5          12   5.8294861716965710E-008
           5          13   2.4279615748612380E-009
           5          14   1.8396080974389651E-009
           5          15   1.7045561597374339E-008
           5          16  -6.5893688337372880E-009
           5          17   3.7920062519931277E-009
           5          18   2.3623617544147082E-008
           5          19   3.9480081893694626E-010
           5          20   6.3826555773662703E-010
           5          21   3.1755900401142406E-009
           5          22  -9.1548007362179541E-003
           5          23   9.6429329208512992E-004
           5          24  -9.0996366325379954E-003
           5          25   5.4160825354386925E-003
           5          26  -5.2386661036848726E-003
           5          27  -3.3777719518918753E-002
           5          28   7.7463836823882692E-002
           5          29  -7.0234895645370768E-005
           5          30   7.7459821330005549E-002
           5          31  -3.9461522581114763E-004
           5          32   3.8172443354635502E-004
           5          33   7.9258414444906569E-002
           5          34   6.8933490006972450E-002
           5          35  -3.6052276732059433E-004
           5          36   6.8912733520207256E-002
           5          37  -2.0251171610560200E-003
           5          38   1.9589473610341617E-003
           5          39   7.8140196908391982E-002
           6           1  -1.1232499252412750E-002
           6           2   1.8550611554007161E-002
           6           3   2.9639560869039114E-002
           6           4 -0.24637498065904989     
           6           5 -0.17558542466941343     
           6           6   9.8509039890714439E-002
           6           7   6.0348662655643945E-008
           6           8   9.1406644965124952E-009
           6           9   9.3428400978641469E-009
           6          10  -1.5193679487858766E-007
           6          11   2.8106166623684646E-008
           6          12  -4.7493565094228569E-008
           6          13  -3.1790030804735956E-009
           6          14   8.7401448087157133E-010
           6          15   4.3114789802738039E-009
           6          16  -2.0361179145436037E-010
           6          17   5.5381373827384238E-010
           6          18   4.9827405259260587E-009
           6          19  -1.3417092895824180E-010
           6          20  -9.1094108008279805E-011
           6          21  -1.0350997348979896E-009
           6          22   1.1787158981279711E-002
           6          23   7.9217141631292981E-004
           6          24   1.1836977623833225E-002
           6          25   4.4624277173029199E-003
           6          26  -4.3119169829693464E-003
           6          27  -8.4778336188379884E-003
           6          28  -4.6836330359642471E-002
           6          29   1.1137087989920923E-004
           6          30  -4.6830002104560217E-002
           6          31   6.2544364703129296E-004
           6          32  -6.0510147462661777E-004
           6          33  -4.9680467760572743E-002
           6          34  -3.8030381186144560E-002
           6          35   2.1401955830264841E-004
           6          36  -3.8018017837387438E-002
           6          37   1.2023078783640654E-003
           6          38  -1.1629681844455490E-003
           6          39  -4.3496139033827111E-002
           7           1  -1.0592466421914342E-010
           7           2   6.5219447250702746E-009
           7           3  -5.5885309873848164E-009
           7           4  -1.6321712971886603E-008
           7           5   3.1013289701095600E-008
           7           6   6.0348662655643945E-008
           7           7   2.0000169615610193     
           7           8  -1.6795580005435495E-008
           7           9  -9.4267337503823837E-008
           7          10   1.3405536686467707E-004
           7          11   6.3299347571527460E-007
           7          12   3.5500030306775655E-006
           7          13   1.0942867299822338E-003
           7          14   4.6041253803341205E-006
           7          15   2.5870908086457492E-005
           7          16  -4.6290508674203521E-004
           7          17   8.3096335721842536E-006
           7          18   4.6674289961111336E-005
           7          19   1.4968935244708627E-004
           7          20   2.0307426099901024E-007
           7          21   1.1327942260830770E-006
           7          22  -1.1167893028327746E-008
           7          23   6.9553624819572449E-010
           7          24  -5.4063552318533734E-009
           7          25   9.8503051782886432E-009
           7          26   2.0675042717268032E-009
           7          27  -8.4422618558819047E-009
           7          28  -1.6618665298185036E-008
           7          29  -1.6887865255549694E-009
           7          30  -1.9846317855248803E-008
           7          31  -7.3729702156415748E-010
           7          32   9.3930291687011941E-010
           7          33  -1.7886569182688074E-008
           7          34  -2.1150841125071797E-008
           7          35  -1.1728296827276183E-009
           7          36  -1.9018508019098990E-008
           7          37   3.1047786049631354E-011
           7          38   1.3696813859641783E-009
           7          39  -1.9550154501608808E-008
           8           1  -6.2380185783632286E-011
           8           2  -2.3821033758666600E-009
           8           3  -2.1869540903527669E-009
           8           4  -3.1661581344315427E-009
           8           5   4.4578515907612908E-009
           8           6   9.1406644965124952E-009
           8           7  -1.6795580005435495E-008
           8           8   2.0000169604309779     
           8           9   9.1149711373820736E-008
           8          10   6.3186941362990182E-007
           8          11   1.3409846359198709E-004
           8          12  -3.4357515570531095E-006
           8          13   4.6057980490926222E-006
           8          14   1.0945917087034620E-003
           8          15  -2.5027303661814660E-005
           8          16   8.3089205333943438E-006
           8          17  -4.6235243006332108E-004
           8          18  -4.5145935686210495E-005
           8          19   2.0188145744695313E-007
           8          20   1.4970067457007225E-004
           8          21  -1.0957748140326949E-006
           8          22   7.6131048956958726E-010
           8          23   1.6562880156882494E-009
           8          24  -1.8368452399363483E-009
           8          25  -9.6791732126414142E-010
           8          26   5.5448112102614087E-010
           8          27  -5.0892843477512028E-010
           8          28  -2.5742908807534300E-009
           8          29   5.8034274532536178E-010
           8          30  -2.4686894924777146E-009
           8          31   6.4589103054630995E-010
           8          32  -1.2594902711004472E-010
           8          33  -2.9041100128422460E-009
           8          34  -2.4947009962458015E-009
           8          35  -1.5049459961777972E-010
           8          36  -3.0171410902229710E-009
           8          37  -8.7523506285038846E-011
           8          38  -2.0511303716825318E-012
           8          39  -2.8942783680131172E-009
           9           1  -2.5637812041366655E-011
           9           2   1.3742459406351254E-009
           9           3  -1.1296920223792067E-009
           9           4  -2.4769210968380923E-009
           9           5   4.5437420036967401E-009
           9           6   9.3428400978641469E-009
           9           7  -9.4267337503823837E-008
           9           8   9.1149711373820736E-008
           9           9   2.0000174563274653     
           9          10   3.5498904831948891E-006
           9          11  -3.4360675729731643E-006
           9          12   1.1541241394241516E-004
           9          13   2.5870622661625586E-005
           9          14  -2.5027211471406646E-005
           9          15   9.5847416993693167E-004
           9          16   4.6670533684191341E-005
           9          17  -4.5144558490617231E-005
           9          18  -7.0790490433595516E-004
           9          19   1.1330008818770477E-006
           9          20  -1.0956843691069768E-006
           9          21   1.4374112910219239E-004
           9          22   6.1228495707027397E-010
           9          23   3.2654010925339499E-009
           9          24  -2.5056412983873486E-009
           9          25   1.5827054695546475E-009
           9          26   1.1150913536340145E-009
           9          27  -1.5300938869047418E-009
           9          28  -2.4872533136260431E-009
           9          29  -5.1592563136564497E-010
           9          30  -3.0578445791053181E-009
           9          31  -2.0945079568449502E-010
           9          32   1.4208953947639306E-010
           9          33  -2.6726706422898713E-009
           9          34  -3.3888959715080249E-009
           9          35  -1.4099167798721520E-010
           9          36  -2.9324994798371634E-009
           9          37   8.1885873239841923E-012
           9          38   2.7204999718976648E-010
           9          39  -3.0269907059017876E-009
          10           1  -8.2450582890650155E-009
          10           2  -6.5247873650582825E-008
          10           3  -1.7072207390903119E-007
          10           4  -2.3373877980352379E-007
          10           5   4.9960536526135321E-007
          10           6  -1.5193679487858766E-007
          10           7   1.3405536686467707E-004
          10           8   6.3186941362990182E-007
          10           9   3.5498904831948891E-006
          10          10   2.0014676117765360     
          10          11   2.8361385111891583E-005
          10          12   1.6026122432082299E-004
          10          13  -3.5090375801059013E-003
          10          14   1.1428470010848069E-004
          10          15   6.4207381289436364E-004
          10          16  -1.4519112793338359E-002
          10          17  -2.1992849394473514E-005
          10          18  -1.2355315673185334E-004
          10          19   4.3726975167944406E-003
          10          20   1.4705379897440157E-005
          10          21   8.2507196888763988E-005
          10          22  -5.8823998629159428E-008
          10          23   8.5878069148110688E-010
          10          24   6.5801948378064744E-008
          10          25   8.7073890637927208E-008
          10          26  -3.1712726721838109E-008
          10          27   4.2247442055818071E-008
          10          28  -1.2107205057284027E-007
          10          29  -4.0125085501932575E-008
          10          30  -8.7322998793814516E-008
          10          31  -2.3509240056445686E-008
          10          32  -2.5318548070657164E-008
          10          33  -1.1896710028307296E-007
          10          34   1.0288299425111028E-008
          10          35   3.5739345236142086E-008
          10          36   1.7534844533723898E-008
          10          37  -1.2205797136927576E-008
          10          38   1.7411740220113519E-008
          10          39   2.9958286477662871E-008
          11           1  -8.3481164653254670E-010
          11           2  -7.0919596730300990E-009
          11           3  -2.4353218683104103E-008
          11           4  -1.6731031858715877E-008
          11           5   2.5886136414202550E-008
          11           6   2.8106166623684646E-008
          11           7   6.3299347571527460E-007
          11           8   1.3409846359198709E-004
          11           9  -3.4360675729731643E-006
          11          10   2.8361385111891583E-005
          11          11   2.0014689907555110     
          11          12  -1.5643225825069464E-004
          11          13   1.1430426113216222E-004
          11          14  -3.5013955664180644E-003
          11          15  -6.2110337226433288E-004
          11          16  -2.1997504053619291E-005
          11          17  -1.4520579045411200E-002
          11          18   1.1955140079503035E-004
          11          19   1.4695618621295553E-005
          11          20   4.3737082996130440E-003
          11          21  -7.9871838064282476E-005
          11          22  -5.2154023939444125E-009
          11          23   1.5957371097623321E-008
          11          24   2.6270100480263359E-009
          11          25   3.9667060985714998E-008
          11          26   1.0313257444777878E-008
          11          27   1.2193733546477729E-008
          11          28  -1.0779418049757661E-008
          11          29   4.8608898526022932E-010
          11          30  -1.1354076589576176E-008
          11          31  -2.8806793788984082E-009
          11          32  -1.5801021258349404E-009
          11          33  -1.3737303202386327E-008
          11          34  -9.3136585177815395E-009
          11          35  -5.2506296548993941E-010
          11          36  -7.1664800620216047E-009
          11          37   2.8173841551338759E-009
          11          38   2.0320425437466171E-009
          11          39  -7.5845897938158916E-009
          12           1  -4.3745212024951428E-010
          12           2  -2.0178855908339241E-009
          12           3  -1.4487632780168655E-009
          12           4  -2.3151209067170332E-008
          12           5   5.8294861716965710E-008
          12           6  -4.7493565094228569E-008
          12           7   3.5500030306775655E-006
          12           8  -3.4357515570531095E-006
          12           9   1.1541241394241516E-004
          12          10   1.6026122432082299E-004
          12          11  -1.5643225825069464E-004
          12          12   2.0006128885365104     
          12          13   6.4204729951134224E-004
          12          14  -6.2108783896059781E-004
          12          15  -6.8795733276201098E-003
          12          16  -1.2359667327726132E-004
          12          17   1.1957580570556973E-004
          12          18  -1.3870122631101749E-002
          12          19   8.2556396628984783E-005
          12          20  -7.9868141003082638E-005
          12          21   3.9392580906867508E-003
          12          22   2.0042830203061056E-008
          12          23  -2.8979491509093614E-008
          12          24   3.6067864514510578E-010
          12          25  -1.1471706851778698E-007
          12          26  -5.7766374613409153E-008
          12          27  -2.8958503237116655E-008
          12          28  -1.0506842749955871E-008
          12          29  -9.8083453002888582E-009
          12          30  -3.1649266832041642E-009
          12          31   1.1544073484573534E-009
          12          32  -5.2635570387776144E-009
          12          33  -9.8423387858502205E-009
          12          34   9.1223995410287710E-009
          12          35   7.0763301716480695E-009
          12          36   9.9087833568998783E-009
          12          37  -4.9793212736432026E-009
          12          38   2.8511720754261842E-009
          12          39   1.2407237742086717E-008
          13           1   1.1289557000245273E-010
          13           2   9.1473831094123549E-010
          13           3   2.7078201772527634E-009
          13           4   7.8836080214993742E-009
          13           5   2.4279615748612380E-009
          13           6  -3.1790030804735956E-009
          13           7   1.0942867299822338E-003
          13           8   4.6057980490926222E-006
          13           9   2.5870622661625586E-005
          13          10  -3.5090375801059013E-003
          13          11   1.1430426113216222E-004
          13          12   6.4204729951134224E-004
          13          13   6.3566492385399393E-003
          13          14  -6.1427456259863372E-003
          13          15  -3.4505057406104996E-002
          13          16   9.3965314880670864E-003
          13          17  -9.0659059483300750E-003
          13          18  -5.0924848099039487E-002
          13          19   3.7738101937833041E-004
          13          20  -3.7215810178897518E-004
          13          21  -2.0904348133743149E-003
          13          22  -3.0147746142183630E-008
          13          23   1.7510993804327027E-008
          13          24  -8.5422933275053308E-009
          13          25   2.1064767770777465E-008
          13          26  -6.1253858637271605E-008
          13          27   3.7647115345906676E-008
          13          28   1.8081252332870016E-009
          13          29  -4.7534848562627301E-010
          13          30   1.5375387084299288E-009
          13          31   1.4022522607178378E-010
          13          32   6.5938555372669243E-010
          13          33   2.7920797198192397E-009
          13          34   6.6102824122038274E-010
          13          35   1.6360913489328904E-010
          13          36   9.1375579285166982E-010
          13          37   4.6990484935995028E-010
          13          38  -7.7270036772548619E-010
          13          39   2.5217444492149491E-009
          14           1  -3.6500232279538103E-011
          14           2  -3.2121138846106558E-010
          14           3  -7.3575138256376908E-010
          14           4  -5.5549747838599189E-010
          14           5   1.8396080974389651E-009
          14           6   8.7401448087157133E-010
          14           7   4.6041253803341205E-006
          14           8   1.0945917087034620E-003
          14           9  -2.5027211471406646E-005
          14          10   1.1428470010848069E-004
          14          11  -3.5013955664180644E-003
          14          12  -6.2108783896059781E-004
          14          13  -6.1427456259863372E-003
          14          14   5.9484378473141234E-003
          14          15   3.3377596786469954E-002
          14          16  -9.0659140641481950E-003
          14          17   8.7940551346099086E-003
          14          18   4.9260867055650533E-002
          14          19  -3.7215873760564289E-004
          14          20   3.5264895602131951E-004
          14          21   2.0221294418842433E-003
          14          22   7.2540226405933127E-008
          14          23   6.8724989698558608E-008
          14          24  -2.8422647358323953E-008
          14          25  -6.2901157668316224E-008
          14          26   6.2972726899627952E-008
          14          27  -4.3753634708149877E-008
          14          28  -8.9818376432975624E-010
          14          29  -7.3675805970451898E-010
          14          30   4.8202735196719765E-010
          14          31   6.4886617547189803E-010
          14          32  -9.2418968790646859E-010
          14          33  -1.4498086380245402E-009
          14          34   7.7492008724567585E-010
          14          35   6.2170338497246938E-010
          14          36  -2.8546006024733085E-010
          14          37  -8.8590088737683414E-010
          14          38   7.6495125546125849E-010
          14          39  -1.5476156503099943E-009
          15           1  -1.7797965430483618E-010
          15           2  -1.5856806081381346E-009
          15           3  -5.6624966001204466E-009
          15           4   4.9839593552207997E-009
          15           5   1.7045561597374339E-008
          15           6   4.3114789802738039E-009
          15           7   2.5870908086457492E-005
          15           8  -2.5027303661814660E-005
          15           9   9.5847416993693167E-004
          15          10   6.4207381289436364E-004
          15          11  -6.2110337226433288E-004
          15          12  -6.8795733276201098E-003
          15          13  -3.4505057406104996E-002
          15          14   3.3377596786469954E-002
          15          15  0.18749518828704806     
          15          16  -5.0925092372378529E-002
          15          17   4.9261058390232822E-002
          15          18  0.27673273420455069     
          15          19  -2.0904914324880804E-003
          15          20   2.0221808198151881E-003
          15          21   1.1351365524176539E-002
          15          22   6.0676030195363236E-008
          15          23   2.8054345494710021E-008
          15          24  -4.6639416448605919E-008
          15          25  -9.4145800363294433E-008
          15          26  -9.6202040322141469E-008
          15          27  -1.1657769904021944E-008
          15          28   4.5113402195720469E-009
          15          29   1.1260099403198520E-009
          15          30   5.5229150137988138E-009
          15          31   7.1053212018890733E-010
          15          32   1.9092500073830884E-009
          15          33  -1.9344773530210295E-008
          15          34   1.7454023022138841E-009
          15          35   1.4249695442843022E-010
          15          36   3.3162013343609100E-010
          15          37  -1.6271705073349947E-009
          15          38  -1.0757762719589989E-009
          15          39  -7.2384889033407992E-009
          16           1   1.1527738541288878E-010
          16           2   9.3592592067551593E-010
          16           3   2.7830909714567566E-009
          16           4   2.2544252843782514E-009
          16           5  -6.5893688337372880E-009
          16           6  -2.0361179145436037E-010
          16           7  -4.6290508674203521E-004
          16           8   8.3089205333943438E-006
          16           9   4.6670533684191341E-005
          16          10  -1.4519112793338359E-002
          16          11  -2.1997504053619291E-005
          16          12  -1.2359667327726132E-004
          16          13   9.3965314880670864E-003
          16          14  -9.0659140641481950E-003
          16          15  -5.0925092372378529E-002
          16          16   1.3936640834785517E-002
          16          17  -1.3378944085106830E-002
          16          18  -7.5151970330373519E-002
          16          19   5.3635925518402802E-004
          16          20  -5.4970435866005167E-004
          16          21  -3.0877226027145573E-003
          16          22   1.8973072923393272E-009
          16          23  -6.1011300588228998E-008
          16          24   1.7744738687266665E-008
          16          25  -7.2720634453158897E-008
          16          26  -3.5922177871381904E-008
          16          27  -2.0567440093217785E-008
          16          28   6.9226392546461479E-011
          16          29   9.3824948329019598E-010
          16          30  -1.1513302160126782E-010
          16          31   2.2994032163901483E-009
          16          32   2.7572383912082230E-010
          16          33   5.1180142347521657E-009
          16          34  -1.2675778370196734E-010
          16          35  -8.2432656549321470E-010
          16          36   3.4197468406546612E-011
          16          37  -4.4078995932954955E-010
          16          38  -5.9893557833504772E-010
          16          39   1.2409432612162089E-009
          17           1  -3.5908131778297943E-011
          17           2  -2.9582170730700142E-010
          17           3  -9.6479845687325003E-010
          17           4   1.0081100063086726E-009
          17           5   3.7920062519931277E-009
          17           6   5.5381373827384238E-010
          17           7   8.3096335721842536E-006
          17           8  -4.6235243006332108E-004
          17           9  -4.5144558490617231E-005
          17          10  -2.1992849394473514E-005
          17          11  -1.4520579045411200E-002
          17          12   1.1957580570556973E-004
          17          13  -9.0659059483300750E-003
          17          14   8.7940551346099086E-003
          17          15   4.9261058390232822E-002
          17          16  -1.3378944085106830E-002
          17          17   1.3047529546000369E-002
          17          18   7.2696295805820696E-002
          17          19  -5.4970467727578258E-004
          17          20   4.9982741699905573E-004
          17          21   2.9868282872563181E-003
          17          22   1.2498486799505987E-007
          17          23  -5.5971267692942885E-008
          17          24  -3.1760311526575334E-008
          17          25  -3.7547316793820002E-007
          17          26  -9.6180585356884689E-008
          17          27  -9.2840053660005382E-008
          17          28  -1.2374329157482254E-009
          17          29   1.3439296149367397E-009
          17          30   1.4348178651906346E-009
          17          31   6.2705753128628006E-009
          17          32   2.2581834544943949E-009
          17          33  -1.8588825438108391E-009
          17          34   1.7344130742980626E-009
          17          35  -6.5212407251667608E-010
          17          36  -6.4331498404271287E-011
          17          37  -4.3754004352253157E-009
          17          38  -9.8407721692878447E-010
          17          39  -2.4011409980463637E-009
          18           1  -2.3043856148095496E-010
          18           2  -1.9853474952780651E-009
          18           3  -4.9600757952433670E-009
          18           4   6.7143676253391522E-009
          18           5   2.3623617544147082E-008
          18           6   4.9827405259260587E-009
          18           7   4.6674289961111336E-005
          18           8  -4.5145935686210495E-005
          18           9  -7.0790490433595516E-004
          18          10  -1.2355315673185334E-004
          18          11   1.1955140079503035E-004
          18          12  -1.3870122631101749E-002
          18          13  -5.0924848099039487E-002
          18          14   4.9260867055650533E-002
          18          15  0.27673273420455069     
          18          16  -7.5151970330373519E-002
          18          17   7.2696295805820696E-002
          18          18  0.40845411668511306     
          18          19  -3.0877915746120800E-003
          18          20   2.9868924987582379E-003
          18          21   1.6745645041779979E-002
          18          22  -1.1190921592301841E-007
          18          23   1.8609761712620537E-008
          18          24   3.0272973882165151E-008
          18          25   2.8394116651540884E-007
          18          26   8.4090224875644740E-008
          18          27   8.4321996965417863E-008
          18          28   8.6129106739299707E-009
          18          29   1.7076328491240874E-009
          18          30   4.8289909346016700E-009
          18          31  -8.1407106646647620E-009
          18          32   8.0759143157409747E-011
          18          33  -2.4716477329690817E-008
          18          34   5.4474097223660487E-010
          18          35  -7.6020169369977131E-011
          18          36   1.6417048829600303E-009
          18          37   1.8840390931953953E-009
          18          38   1.2167616632245033E-009
          18          39  -7.9720073193327123E-009
          19           1  -2.1718879161790456E-011
          19           2  -1.7037283496898059E-010
          19           3  -5.2327397764467128E-010
          19           4  -1.2108063390871962E-009
          19           5   3.9480081893694626E-010
          19           6  -1.3417092895824180E-010
          19           7   1.4968935244708627E-004
          19           8   2.0188145744695313E-007
          19           9   1.1330008818770477E-006
          19          10   4.3726975167944406E-003
          19          11   1.4695618621295553E-005
          19          12   8.2556396628984783E-005
          19          13   3.7738101937833041E-004
          19          14  -3.7215873760564289E-004
          19          15  -2.0904914324880804E-003
          19          16   5.3635925518402802E-004
          19          17  -5.4970467727578258E-004
          19          18  -3.0877915746120800E-003
          19          19   3.2904508293354789E-005
          19          20  -2.2513070563910627E-005
          19          21  -1.2645749108356751E-004
          19          22   1.7405621838509006E-007
          19          23   4.3666275048050300E-008
          19          24  -8.8445489720369767E-008
          19          25  -3.9922148232274690E-007
          19          26  -1.3501267373295344E-007
          19          27  -8.5475338765672334E-008
          19          28  -3.5056859074946357E-009
          19          29  -6.3691012617176386E-010
          19          30   1.1409635766525826E-009
          19          31   7.2996094254260849E-009
          19          32   2.4753882440126057E-009
          19          33   1.4175537768525652E-009
          19          34   1.7713779077060509E-009
          19          35   4.6858634271488407E-010
          19          36  -9.9221095286589971E-010
          19          37  -4.3767330528122703E-009
          19          38  -1.4608230207392438E-009
          19          39  -8.9530151090010155E-010
          20           1   8.4126703014555163E-013
          20           2   1.6304462951684842E-012
          20           3   5.8170743541675257E-011
          20           4   5.2172979338611648E-010
          20           5   6.3826555773662703E-010
          20           6  -9.1094108008279805E-011
          20           7   2.0307426099901024E-007
          20           8   1.4970067457007225E-004
          20           9  -1.0956843691069768E-006
          20          10   1.4705379897440157E-005
          20          11   4.3737082996130440E-003
          20          12  -7.9868141003082638E-005
          20          13  -3.7215810178897518E-004
          20          14   3.5264895602131951E-004
          20          15   2.0221808198151881E-003
          20          16  -5.4970435866005167E-004
          20          17   4.9982741699905573E-004
          20          18   2.9868924987582379E-003
          20          19  -2.2513070563910627E-005
          20          20   3.1408496298675586E-005
          20          21   1.2232511696732521E-004
          20          22  -9.9352749769666816E-008
          20          23  -5.8023334087473250E-010
          20          24   4.2857921652911899E-008
          20          25   2.3598040910204532E-007
          20          26   6.5380774542249591E-008
          20          27   5.6493881768153786E-008
          20          28   1.8726888565655159E-009
          20          29  -6.8125137358599487E-011
          20          30  -6.1779885838177795E-010
          20          31  -4.3613592992295761E-009
          20          32  -1.2143260241711512E-009
          20          33  -1.1599537337197230E-009
          20          34  -9.9601754238740583E-010
          20          35   2.1240597592737760E-011
          20          36   5.1516630691190274E-010
          20          37   2.5720737409052457E-009
          20          38   7.3121650641758545E-010
          20          39   6.1653534672841288E-010
          21           1   1.3676038280325828E-011
          21           2   1.0489991783295567E-010
          21           3   1.7857725584396524E-010
          21           4   2.9351318225922379E-009
          21           5   3.1755900401142406E-009
          21           6  -1.0350997348979896E-009
          21           7   1.1327942260830770E-006
          21           8  -1.0957748140326949E-006
          21           9   1.4374112910219239E-004
          21          10   8.2507196888763988E-005
          21          11  -7.9871838064282476E-005
          21          12   3.9392580906867508E-003
          21          13  -2.0904348133743149E-003
          21          14   2.0221294418842433E-003
          21          15   1.1351365524176539E-002
          21          16  -3.0877226027145573E-003
          21          17   2.9868282872563181E-003
          21          18   1.6745645041779979E-002
          21          19  -1.2645749108356751E-004
          21          20   1.2232511696732521E-004
          21          21   6.9673866556656868E-004
          21          22   9.3878075667037516E-008
          21          23  -5.9891884882601033E-008
          21          24  -1.2045872891982024E-008
          21          25  -3.4165969158685147E-007
          21          26  -1.1242601604949516E-007
          21          27  -8.1965906633367812E-008
          21          28  -1.1261197123647390E-009
          21          29   1.1015274647121221E-009
          21          30   8.9111661076830408E-010
          21          31   6.0722365363173026E-009
          21          32   2.1713858281856072E-009
          21          33   1.2871373552641730E-009
          21          34   1.5518890592597720E-009
          21          35  -6.3807948122596872E-010
          21          36   3.4398042497991452E-010
          21          37  -3.8192720832867289E-009
          21          38  -1.1729252692143199E-009
          21          39  -6.8365248841618440E-010
          22           1   7.5679997040815376E-003
          22           2   1.4587604465967782E-002
          22           3  -5.6776388462719429E-002
          22           4  -1.6694572626096690E-002
          22           5  -9.1548007362179541E-003
          22           6   1.1787158981279711E-002
          22           7  -1.1167893028327746E-008
          22           8   7.6131048956958726E-010
          22           9   6.1228495707027397E-010
          22          10  -5.8823998629159428E-008
          22          11  -5.2154023939444125E-009
          22          12   2.0042830203061056E-008
          22          13  -3.0147746142183630E-008
          22          14   7.2540226405933127E-008
          22          15   6.0676030195363236E-008
          22          16   1.8973072923393272E-009
          22          17   1.2498486799505987E-007
          22          18  -1.1190921592301841E-007
          22          19   1.7405621838509006E-007
          22          20  -9.9352749769666816E-008
          22          21   9.3878075667037516E-008
          22          22   2.0140205306494350     
          22          23   1.4657812563423649E-004
          22          24  -1.0011269425300242     
          22          25   8.3637477617226662E-004
          22          26  -6.4871279700276930E-004
          22          27  -1.0041802933202693     
          22          28  -3.6364360377439731E-002
          22          29  -4.0034558732602119E-005
          22          30   9.0860577150359348E-003
          22          31  -2.2647452263962320E-004
          22          32  -7.6724352069473855E-005
          22          33   8.7240215904759947E-003
          22          34   1.5701768666763191E-002
          22          35  -1.4327130529642737E-005
          22          36  -1.4142410291506546E-002
          22          37  -7.9582376787376024E-005
          22          38  -2.9807202081239752E-004
          22          39  -1.5546220717609940E-002
          23           1  -2.2986770401828001E-005
          23           2  -2.1456197913229558E-004
          23           3  -5.8792810590779429E-004
          23           4  -7.8836702423774001E-005
          23           5   9.6429329208512992E-004
          23           6   7.9217141631292981E-004
          23           7   6.9553624819572449E-010
          23           8   1.6562880156882494E-009
          23           9   3.2654010925339499E-009
          23          10   8.5878069148110688E-010
          23          11   1.5957371097623321E-008
          23          12  -2.8979491509093614E-008
          23          13   1.7510993804327027E-008
          23          14   6.8724989698558608E-008
          23          15   2.8054345494710021E-008
          23          16  -6.1011300588228998E-008
          23          17  -5.5971267692942885E-008
          23          18   1.8609761712620537E-008
          23          19   4.3666275048050300E-008
          23          20  -5.8023334087473250E-010
          23          21  -5.9891884882601033E-008
          23          22   1.4657812563423649E-004
          23          23   2.0101107713152802     
          23          24   1.4817912982275201E-004
          23          25  -7.3585720603519653E-005
          23          26   8.8522098006862992E-005
          23          27   9.6768439738924506E-005
          23          28  -5.9669263669802320E-004
          23          29  -3.0305620686177242E-002
          23          30  -5.9733880054643231E-004
          23          31   1.4849714549787919E-004
          23          32  -1.5600344604189953E-004
          23          33  -4.4398448402191838E-004
          23          34  -3.2520273802786996E-004
          23          35   1.9894642778744420E-002
          23          36  -3.2521586419582152E-004
          23          37   2.1137637915008201E-004
          23          38  -2.1846610414188680E-004
          23          39  -2.3195836472405371E-004
          24           1   7.5666509976873297E-003
          24           2   1.4575063048282346E-002
          24           3  -5.6810947192037775E-002
          24           4  -1.6699761504810680E-002
          24           5  -9.0996366325379954E-003
          24           6   1.1836977623833225E-002
          24           7  -5.4063552318533734E-009
          24           8  -1.8368452399363483E-009
          24           9  -2.5056412983873486E-009
          24          10   6.5801948378064744E-008
          24          11   2.6270100480263359E-009
          24          12   3.6067864514510578E-010
          24          13  -8.5422933275053308E-009
          24          14  -2.8422647358323953E-008
          24          15  -4.6639416448605919E-008
          24          16   1.7744738687266665E-008
          24          17  -3.1760311526575334E-008
          24          18   3.0272973882165151E-008
          24          19  -8.8445489720369767E-008
          24          20   4.2857921652911899E-008
          24          21  -1.2045872891982024E-008
          24          22  -1.0011269425300242     
          24          23   1.4817912982275201E-004
          24          24   2.0140373262945976     
          24          25   6.6475092007510104E-004
          24          26  -8.0228163706739608E-004
          24          27  -1.0041744375102399     
          24          28   9.0534507623277558E-003
          24          29  -4.0723126264996014E-005
          24          30  -3.6401432273072618E-002
          24          31   7.7917378238631218E-005
          24          32   2.2030556441146013E-004
          24          33   8.6979712034262469E-003
          24          34  -1.4161609423498039E-002
          24          35  -1.4106085632043557E-005
          24          36   1.5680942984116739E-002
          24          37   3.0789634660572090E-004
          24          38   7.7188706087429553E-005
          24          39  -1.5561111766941657E-002
          25           1  -1.2919565871517740E-004
          25           2  -1.2057410762762540E-003
          25           3  -3.3046012079244874E-003
          25           4  -4.4495683063242497E-004
          25           5   5.4160825354386925E-003
          25           6   4.4624277173029199E-003
          25           7   9.8503051782886432E-009
          25           8  -9.6791732126414142E-010
          25           9   1.5827054695546475E-009
          25          10   8.7073890637927208E-008
          25          11   3.9667060985714998E-008
          25          12  -1.1471706851778698E-007
          25          13   2.1064767770777465E-008
          25          14  -6.2901157668316224E-008
          25          15  -9.4145800363294433E-008
          25          16  -7.2720634453158897E-008
          25          17  -3.7547316793820002E-007
          25          18   2.8394116651540884E-007
          25          19  -3.9922148232274690E-007
          25          20   2.3598040910204532E-007
          25          21  -3.4165969158685147E-007
          25          22   8.3637477617226662E-004
          25          23  -7.3585720603519653E-005
          25          24   6.6475092007510104E-004
          25          25   2.0096466913567737     
          25          26  -8.5021616331497162E-006
          25          27   6.9810277128729730E-004
          25          28  -3.3550880917023011E-003
          25          29   1.4842572585546351E-004
          25          30  -3.0505279636070070E-003
          25          31  -2.9493462599075648E-002
          25          32   8.6637950816403751E-005
          25          33  -2.8005652536624011E-003
          25          34  -1.8303411604845602E-003
          25          35   2.1163097296222731E-004
          25          36  -1.4433535005199372E-003
          25          37   2.1043282202332175E-002
          25          38  -1.0953619461266923E-005
          25          39  -1.6952845106083178E-003
          26           1   1.2492580723929954E-004
          26           2   1.1659334449478133E-003
          26           3   3.1952387898630330E-003
          26           4   4.2950194926539073E-004
          26           5  -5.2386661036848726E-003
          26           6  -4.3119169829693464E-003
          26           7   2.0675042717268032E-009
          26           8   5.5448112102614087E-010
          26           9   1.1150913536340145E-009
          26          10  -3.1712726721838109E-008
          26          11   1.0313257444777878E-008
          26          12  -5.7766374613409153E-008
          26          13  -6.1253858637271605E-008
          26          14   6.2972726899627952E-008
          26          15  -9.6202040322141469E-008
          26          16  -3.5922177871381904E-008
          26          17  -9.6180585356884689E-008
          26          18   8.4090224875644740E-008
          26          19  -1.3501267373295344E-007
          26          20   6.5380774542249591E-008
          26          21  -1.1242601604949516E-007
          26          22  -6.4871279700276930E-004
          26          23   8.8522098006862992E-005
          26          24  -8.0228163706739608E-004
          26          25  -8.5021616331497162E-006
          26          26   2.0096471765432606     
          26          27  -6.7582479086044148E-004
          26          28   2.9488338472412790E-003
          26          29  -1.5597773100885790E-004
          26          30   3.2458661334582441E-003
          26          31   8.6357723607018584E-005
          26          32  -2.9487822427965348E-002
          26          33   2.7087357479021780E-003
          26          34   1.3944671576009396E-003
          26          35  -2.1847432651903801E-004
          26          36   1.7696239421520577E-003
          26          37  -1.0861073690799851E-005
          26          38   2.1042368688725353E-002
          26          39   1.6379670296991563E-003
          27           1   8.1551710955398010E-003
          27           2   2.0067696403179288E-002
          27           3  -4.1758153040964613E-002
          27           4  -1.4675699465518721E-002
          27           5  -3.3777719518918753E-002
          27           6  -8.4778336188379884E-003
          27           7  -8.4422618558819047E-009
          27           8  -5.0892843477512028E-010
          27           9  -1.5300938869047418E-009
          27          10   4.2247442055818071E-008
          27          11   1.2193733546477729E-008
          27          12  -2.8958503237116655E-008
          27          13   3.7647115345906676E-008
          27          14  -4.3753634708149877E-008
          27          15  -1.1657769904021944E-008
          27          16  -2.0567440093217785E-008
          27          17  -9.2840053660005382E-008
          27          18   8.4321996965417863E-008
          27          19  -8.5475338765672334E-008
          27          20   5.6493881768153786E-008
          27          21  -8.1965906633367812E-008
          27          22  -1.0041802933202693     
          27          23   9.6768439738924506E-005
          27          24  -1.0041744375102399     
          27          25   6.9810277128729730E-004
          27          26  -6.7582479086044148E-004
          27          27   2.0070715083614719     
          27          28   2.2944080076777233E-002
          27          29   1.1262890693432138E-004
          27          30   2.2950375108793424E-002
          27          31   3.2759515606957661E-004
          27          32  -3.1677972015566719E-004
          27          33  -2.2602873398994961E-002
          27          34  -7.5921426046041147E-003
          27          35   7.9096393234319093E-005
          27          36  -7.5875986332126291E-003
          27          37   5.6268656160284334E-005
          27          38  -5.4394376288522458E-005
          27          39   2.3761581672306027E-002
          28           1   8.1259221682956247E-003
          28           2  -1.5890068330340842E-002
          28           3  -5.1215483455448643E-002
          28           4  0.11569596195368997     
          28           5   7.7463836823882692E-002
          28           6  -4.6836330359642471E-002
          28           7  -1.6618665298185036E-008
          28           8  -2.5742908807534300E-009
          28           9  -2.4872533136260431E-009
          28          10  -1.2107205057284027E-007
          28          11  -1.0779418049757661E-008
          28          12  -1.0506842749955871E-008
          28          13   1.8081252332870016E-009
          28          14  -8.9818376432975624E-010
          28          15   4.5113402195720469E-009
          28          16   6.9226392546461479E-011
          28          17  -1.2374329157482254E-009
          28          18   8.6129106739299707E-009
          28          19  -3.5056859074946357E-009
          28          20   1.8726888565655159E-009
          28          21  -1.1261197123647390E-009
          28          22  -3.6364360377439731E-002
          28          23  -5.9669263669802320E-004
          28          24   9.0534507623277558E-003
          28          25  -3.3550880917023011E-003
          28          26   2.9488338472412790E-003
          28          27   2.2944080076777233E-002
          28          28   2.4410978520622451E-002
          28          29   6.0653098388935186E-005
          28          30   2.3726279693725830E-002
          28          31   3.4075825189405187E-004
          28          32  -3.2948651426287570E-004
          28          33   2.2174332158047892E-002
          28          34   1.7882766236959370E-002
          28          35  -7.6793508274210584E-005
          28          36   1.8328523001015080E-002
          28          37  -4.3140913057411549E-004
          28          38   4.2083842727597245E-004
          28          39   2.0310859221778658E-002
          29           1  -1.9449095874889607E-006
          29           2  -1.7769960130851721E-005
          29           3  -6.1773434379873914E-005
          29           4  -1.1009667963080135E-004
          29           5  -7.0234895645370768E-005
          29           6   1.1137087989920923E-004
          29           7  -1.6887865255549694E-009
          29           8   5.8034274532536178E-010
          29           9  -5.1592563136564497E-010
          29          10  -4.0125085501932575E-008
          29          11   4.8608898526022932E-010
          29          12  -9.8083453002888582E-009
          29          13  -4.7534848562627301E-010
          29          14  -7.3675805970451898E-010
          29          15   1.1260099403198520E-009
          29          16   9.3824948329019598E-010
          29          17   1.3439296149367397E-009
          29          18   1.7076328491240874E-009
          29          19  -6.3691012617176386E-010
          29          20  -6.8125137358599487E-011
          29          21   1.1015274647121221E-009
          29          22  -4.0034558732602119E-005
          29          23  -3.0305620686177242E-002
          29          24  -4.0723126264996014E-005
          29          25   1.4842572585546351E-004
          29          26  -1.5597773100885790E-004
          29          27   1.1262890693432138E-004
          29          28   6.0653098388935186E-005
          29          29   4.7192260658584286E-004
          29          30   6.1423194454583686E-005
          29          31   7.3651640559111738E-005
          29          32  -7.1212479288430296E-005
          29          33  -2.7441049610908751E-004
          29          34  -2.1298567579662575E-005
          29          35  -2.9719921107141344E-004
          29          36  -2.1135969750820288E-005
          29          37   1.4367739981430687E-005
          29          38  -1.3777927407842425E-005
          29          39  -9.6589368158470567E-005
          30           1   8.1258109487386092E-003
          30           2  -1.5891086365351911E-002
          30           3  -5.1219027739355993E-002
          30           4  0.11568966764501648     
          30           5   7.7459821330005549E-002
          30           6  -4.6830002104560217E-002
          30           7  -1.9846317855248803E-008
          30           8  -2.4686894924777146E-009
          30           9  -3.0578445791053181E-009
          30          10  -8.7322998793814516E-008
          30          11  -1.1354076589576176E-008
          30          12  -3.1649266832041642E-009
          30          13   1.5375387084299288E-009
          30          14   4.8202735196719765E-010
          30          15   5.5229150137988138E-009
          30          16  -1.1513302160126782E-010
          30          17   1.4348178651906346E-009
          30          18   4.8289909346016700E-009
          30          19   1.1409635766525826E-009
          30          20  -6.1779885838177795E-010
          30          21   8.9111661076830408E-010
          30          22   9.0860577150359348E-003
          30          23  -5.9733880054643231E-004
          30          24  -3.6401432273072618E-002
          30          25  -3.0505279636070070E-003
          30          26   3.2458661334582441E-003
          30          27   2.2950375108793424E-002
          30          28   2.3726279693725830E-002
          30          29   6.1423194454583686E-005
          30          30   2.4418026885441257E-002
          30          31   3.4488924495818776E-004
          30          32  -3.3371265712068827E-004
          30          33   2.2158557722536575E-002
          30          34   1.8331750108228517E-002
          30          35  -7.6633968991132961E-005
          30          36   1.7877151146426250E-002
          30          37  -4.3412263968828889E-004
          30          38   4.1639184617916656E-004
          30          39   2.0305328367354727E-002
          31           1  -1.0924866155523721E-005
          31           2  -9.9819002758493426E-005
          31           3  -3.4699579127246629E-004
          31           4  -6.1852947736095419E-004
          31           5  -3.9461522581114763E-004
          31           6   6.2544364703129296E-004
          31           7  -7.3729702156415748E-010
          31           8   6.4589103054630995E-010
          31           9  -2.0945079568449502E-010
          31          10  -2.3509240056445686E-008
          31          11  -2.8806793788984082E-009
          31          12   1.1544073484573534E-009
          31          13   1.4022522607178378E-010
          31          14   6.4886617547189803E-010
          31          15   7.1053212018890733E-010
          31          16   2.2994032163901483E-009
          31          17   6.2705753128628006E-009
          31          18  -8.1407106646647620E-009
          31          19   7.2996094254260849E-009
          31          20  -4.3613592992295761E-009
          31          21   6.0722365363173026E-009
          31          22  -2.2647452263962320E-004
          31          23   1.4849714549787919E-004
          31          24   7.7917378238631218E-005
          31          25  -2.9493462599075648E-002
          31          26   8.6357723607018584E-005
          31          27   3.2759515606957661E-004
          31          28   3.4075825189405187E-004
          31          29   7.3651640559111738E-005
          31          30   3.4488924495818776E-004
          31          31   8.7238898380995590E-004
          31          32  -4.0044211558103225E-004
          31          33  -1.5413258127252448E-003
          31          34  -1.1961758092087827E-004
          31          35   1.4364496444168729E-005
          31          36  -1.2232357286003906E-004
          31          37  -2.1899219424524683E-004
          31          38  -8.8829263756256866E-005
          31          39  -5.3884791832952230E-004
          32           1   1.0568969264644008E-005
          32           2   9.6565091798070618E-005
          32           3   3.3567401602517099E-004
          32           4   5.9835579933758837E-004
          32           5   3.8172443354635502E-004
          32           6  -6.0510147462661777E-004
          32           7   9.3930291687011941E-010
          32           8  -1.2594902711004472E-010
          32           9   1.4208953947639306E-010
          32          10  -2.5318548070657164E-008
          32          11  -1.5801021258349404E-009
          32          12  -5.2635570387776144E-009
          32          13   6.5938555372669243E-010
          32          14  -9.2418968790646859E-010
          32          15   1.9092500073830884E-009
          32          16   2.7572383912082230E-010
          32          17   2.2581834544943949E-009
          32          18   8.0759143157409747E-011
          32          19   2.4753882440126057E-009
          32          20  -1.2143260241711512E-009
          32          21   2.1713858281856072E-009
          32          22  -7.6724352069473855E-005
          32          23  -1.5600344604189953E-004
          32          24   2.2030556441146013E-004
          32          25   8.6637950816403751E-005
          32          26  -2.9487822427965348E-002
          32          27  -3.1677972015566719E-004
          32          28  -3.2948651426287570E-004
          32          29  -7.1212479288430296E-005
          32          30  -3.3371265712068827E-004
          32          31  -4.0044211558103225E-004
          32          32   8.4577708306913905E-004
          32          33   1.4909651365586001E-003
          32          34   1.1926661037288616E-004
          32          35  -1.3777908868499053E-005
          32          36   1.1482366379487519E-004
          32          37  -8.8827630559718760E-005
          32          38  -2.2489239737943210E-004
          32          39   5.2127943746739253E-004
          33           1   8.1755997202259244E-003
          33           2  -1.5436183740198877E-002
          33           3  -4.9637700363897350E-002
          33           4  0.11850877918313815     
          33           5   7.9258414444906569E-002
          33           6  -4.9680467760572743E-002
          33           7  -1.7886569182688074E-008
          33           8  -2.9041100128422460E-009
          33           9  -2.6726706422898713E-009
          33          10  -1.1896710028307296E-007
          33          11  -1.3737303202386327E-008
          33          12  -9.8423387858502205E-009
          33          13   2.7920797198192397E-009
          33          14  -1.4498086380245402E-009
          33          15  -1.9344773530210295E-008
          33          16   5.1180142347521657E-009
          33          17  -1.8588825438108391E-009
          33          18  -2.4716477329690817E-008
          33          19   1.4175537768525652E-009
          33          20  -1.1599537337197230E-009
          33          21   1.2871373552641730E-009
          33          22   8.7240215904759947E-003
          33          23  -4.4398448402191838E-004
          33          24   8.6979712034262469E-003
          33          25  -2.8005652536624011E-003
          33          26   2.7087357479021780E-003
          33          27  -2.2602873398994961E-002
          33          28   2.2174332158047892E-002
          33          29  -2.7441049610908751E-004
          33          30   2.2158557722536575E-002
          33          31  -1.5413258127252448E-003
          33          32   1.4909651365586001E-003
          33          33   2.9869406817416941E-002
          33          34   1.8893624253576834E-002
          33          35  -1.5208905535709757E-004
          33          36   1.8884864571973168E-002
          33          37  -8.5065414311389796E-004
          33          38   8.2285414114038435E-004
          33          39   2.2294089127508618E-002
          34           1   4.2789723634834541E-003
          34           2  -6.6084983688552736E-003
          34           3  -8.2090185663439025E-003
          34           4   9.5888966970463230E-002
          34           5   6.8933490006972450E-002
          34           6  -3.8030381186144560E-002
          34           7  -2.1150841125071797E-008
          34           8  -2.4947009962458015E-009
          34           9  -3.3888959715080249E-009
          34          10   1.0288299425111028E-008
          34          11  -9.3136585177815395E-009
          34          12   9.1223995410287710E-009
          34          13   6.6102824122038274E-010
          34          14   7.7492008724567585E-010
          34          15   1.7454023022138841E-009
          34          16  -1.2675778370196734E-010
          34          17   1.7344130742980626E-009
          34          18   5.4474097223660487E-010
          34          19   1.7713779077060509E-009
          34          20  -9.9601754238740583E-010
          34          21   1.5518890592597720E-009
          34          22   1.5701768666763191E-002
          34          23  -3.2520273802786996E-004
          34          24  -1.4161609423498039E-002
          34          25  -1.8303411604845602E-003
          34          26   1.3944671576009396E-003
          34          27  -7.5921426046041147E-003
          34          28   1.7882766236959370E-002
          34          29  -2.1298567579662575E-005
          34          30   1.8331750108228517E-002
          34          31  -1.1961758092087827E-004
          34          32   1.1926661037288616E-004
          34          33   1.8893624253576834E-002
          34          34   1.4931624518641315E-002
          34          35  -7.8988223924085447E-005
          34          36   1.4631560809839489E-002
          34          37  -4.4371709407344244E-004
          34          38   4.2144822525475755E-004
          34          39   1.6616774973015912E-002
          35           1  -4.7626931962920405E-006
          35           2  -3.8906134188765666E-005
          35           3  -1.2912503802308355E-004
          35           4  -4.8926661034574706E-004
          35           5  -3.6052276732059433E-004
          35           6   2.1401955830264841E-004
          35           7  -1.1728296827276183E-009
          35           8  -1.5049459961777972E-010
          35           9  -1.4099167798721520E-010
          35          10   3.5739345236142086E-008
          35          11  -5.2506296548993941E-010
          35          12   7.0763301716480695E-009
          35          13   1.6360913489328904E-010
          35          14   6.2170338497246938E-010
          35          15   1.4249695442843022E-010
          35          16  -8.2432656549321470E-010
          35          17  -6.5212407251667608E-010
          35          18  -7.6020169369977131E-011
          35          19   4.6858634271488407E-010
          35          20   2.1240597592737760E-011
          35          21  -6.3807948122596872E-010
          35          22  -1.4327130529642737E-005
          35          23   1.9894642778744420E-002
          35          24  -1.4106085632043557E-005
          35          25   2.1163097296222731E-004
          35          26  -2.1847432651903801E-004
          35          27   7.9096393234319093E-005
          35          28  -7.6793508274210584E-005
          35          29  -2.9719921107141344E-004
          35          30  -7.6633968991132961E-005
          35          31   1.4364496444168729E-005
          35          32  -1.3777908868499053E-005
          35          33  -1.5208905535709757E-004
          35          34  -7.8988223924085447E-005
          35          35   1.9799909770024332E-004
          35          36  -7.8927686388263364E-005
          35          37   1.0083222114944335E-005
          35          38  -1.0041916025372755E-005
          35          39  -1.0301449676928680E-004
          36           1   4.2786979317217533E-003
          36           2  -6.6107396841780311E-003
          36           3  -8.2164560558239536E-003
          36           4   9.5860795298300563E-002
          36           5   6.8912733520207256E-002
          36           6  -3.8018017837387438E-002
          36           7  -1.9018508019098990E-008
          36           8  -3.0171410902229710E-009
          36           9  -2.9324994798371634E-009
          36          10   1.7534844533723898E-008
          36          11  -7.1664800620216047E-009
          36          12   9.9087833568998783E-009
          36          13   9.1375579285166982E-010
          36          14  -2.8546006024733085E-010
          36          15   3.3162013343609100E-010
          36          16   3.4197468406546612E-011
          36          17  -6.4331498404271287E-011
          36          18   1.6417048829600303E-009
          36          19  -9.9221095286589971E-010
          36          20   5.1516630691190274E-010
          36          21   3.4398042497991452E-010
          36          22  -1.4142410291506546E-002
          36          23  -3.2521586419582152E-004
          36          24   1.5680942984116739E-002
          36          25  -1.4433535005199372E-003
          36          26   1.7696239421520577E-003
          36          27  -7.5875986332126291E-003
          36          28   1.8328523001015080E-002
          36          29  -2.1135969750820288E-005
          36          30   1.7877151146426250E-002
          36          31  -1.2232357286003906E-004
          36          32   1.1482366379487519E-004
          36          33   1.8884864571973168E-002
          36          34   1.4631560809839489E-002
          36          35  -7.8927686388263364E-005
          36          36   1.4922507522560750E-002
          36          37  -4.3537782920284520E-004
          36          38   4.2889065049150888E-004
          36          39   1.6610829265469314E-002
          37           1  -2.6753548850875135E-005
          37           2  -2.1854668461543375E-004
          37           3  -7.2533527262726529E-004
          37           4  -2.7483082118982508E-003
          37           5  -2.0251171610560200E-003
          37           6   1.2023078783640654E-003
          37           7   3.1047786049631354E-011
          37           8  -8.7523506285038846E-011
          37           9   8.1885873239841923E-012
          37          10  -1.2205797136927576E-008
          37          11   2.8173841551338759E-009
          37          12  -4.9793212736432026E-009
          37          13   4.6990484935995028E-010
          37          14  -8.8590088737683414E-010
          37          15  -1.6271705073349947E-009
          37          16  -4.4078995932954955E-010
          37          17  -4.3754004352253157E-009
          37          18   1.8840390931953953E-009
          37          19  -4.3767330528122703E-009
          37          20   2.5720737409052457E-009
          37          21  -3.8192720832867289E-009
          37          22  -7.9582376787376024E-005
          37          23   2.1137637915008201E-004
          37          24   3.0789634660572090E-004
          37          25   2.1043282202332175E-002
          37          26  -1.0861073690799851E-005
          37          27   5.6268656160284334E-005
          37          28  -4.3140913057411549E-004
          37          29   1.4367739981430687E-005
          37          30  -4.3412263968828889E-004
          37          31  -2.1899219424524683E-004
          37          32  -8.8827630559718760E-005
          37          33  -8.5065414311389796E-004
          37          34  -4.4371709407344244E-004
          37          35   1.0083222114944335E-005
          37          36  -4.3537782920284520E-004
          37          37   2.5281271993078658E-004
          37          38  -3.1248712030650176E-005
          37          39  -5.8671697893670008E-004
          38           1   2.5878788931209856E-005
          38           2   2.1140118915954640E-004
          38           3   7.0162291395486345E-004
          38           4   2.6584908182537077E-003
          38           5   1.9589473610341617E-003
          38           6  -1.1629681844455490E-003
          38           7   1.3696813859641783E-009
          38           8  -2.0511303716825318E-012
          38           9   2.7204999718976648E-010
          38          10   1.7411740220113519E-008
          38          11   2.0320425437466171E-009
          38          12   2.8511720754261842E-009
          38          13  -7.7270036772548619E-010
          38          14   7.6495125546125849E-010
          38          15  -1.0757762719589989E-009
          38          16  -5.9893557833504772E-010
          38          17  -9.8407721692878447E-010
          38          18   1.2167616632245033E-009
          38          19  -1.4608230207392438E-009
          38          20   7.3121650641758545E-010
          38          21  -1.1729252692143199E-009
          38          22  -2.9807202081239752E-004
          38          23  -2.1846610414188680E-004
          38          24   7.7188706087429553E-005
          38          25  -1.0953619461266923E-005
          38          26   2.1042368688725353E-002
          38          27  -5.4394376288522458E-005
          38          28   4.2083842727597245E-004
          38          29  -1.3777927407842425E-005
          38          30   4.1639184617916656E-004
          38          31  -8.8829263756256866E-005
          38          32  -2.2489239737943210E-004
          38          33   8.2285414114038435E-004
          38          34   4.2144822525475755E-004
          38          35  -1.0041916025372755E-005
          38          36   4.2889065049150888E-004
          38          37  -3.1248712030650176E-005
          38          38   2.5073180866662772E-004
          38          39   5.6752439779686383E-004
          39           1   4.4005988425379564E-003
          39           2  -5.6149449643197857E-003
          39           3  -4.9115036144667910E-003
          39           4  0.10838343972379325     
          39           5   7.8140196908391982E-002
          39           6  -4.3496139033827111E-002
          39           7  -1.9550154501608808E-008
          39           8  -2.8942783680131172E-009
          39           9  -3.0269907059017876E-009
          39          10   2.9958286477662871E-008
          39          11  -7.5845897938158916E-009
          39          12   1.2407237742086717E-008
          39          13   2.5217444492149491E-009
          39          14  -1.5476156503099943E-009
          39          15  -7.2384889033407992E-009
          39          16   1.2409432612162089E-009
          39          17  -2.4011409980463637E-009
          39          18  -7.9720073193327123E-009
          39          19  -8.9530151090010155E-010
          39          20   6.1653534672841288E-010
          39          21  -6.8365248841618440E-010
          39          22  -1.5546220717609940E-002
          39          23  -2.3195836472405371E-004
          39          24  -1.5561111766941657E-002
          39          25  -1.6952845106083178E-003
          39          26   1.6379670296991563E-003
          39          27   2.3761581672306027E-002
          39          28   2.0310859221778658E-002
          39          29  -9.6589368158470567E-005
          39          30   2.0305328367354727E-002
          39          31  -5.3884791832952230E-004
          39          32   5.2127943746739253E-004
          39          33   2.2294089127508618E-002
          39          34   1.6616774973015912E-002
          39          35  -1.0301449676928680E-004
          39          36   1.6610829265469314E-002
          39          37  -5.8671697893670008E-004
          39          38   5.6752439779686383E-004
          39          39   1.9616079713221431E-002
