           1           1   2.0701754324903749     
           1           2 -0.17994504289271557     
           1           3 -0.19280609214376560     
           1           4   1.0796317546271127E-003
           1           5   2.4920673198484988E-015
           1           6  -1.8600450791132446E-015
           1           7   6.6154343147918893E-015
           1           8   5.3475742720096621E-015
           1           9  -2.3250521925855285E-015
           1          10  -4.1441915409078721E-015
           1          11  -3.2697079592032710E-015
           1          12   4.0598711609862245E-015
           1          13   3.1404118226656696E-015
           1          14  -2.9350477727295089E-002
           1          15   4.1716004430914734E-015
           1          16  -2.9350477727292969E-002
           1          17   2.9014070498552720E-016
           1          18   4.7583458864867481E-016
           1          19  -2.9350477727290516E-002
           1          20  -7.6467460604384271E-003
           1          21  -8.2336117079682250E-016
           1          22  -7.6467460604342768E-003
           1          23  -3.4407255436146114E-015
           1          24  -1.5543906339961381E-016
           1          25  -7.6467460604337841E-003
           2           1 -0.17994504289271557     
           2           2  0.52912521403386870     
           2           3  0.49819222044716793     
           2           4   1.0988945420316289E-002
           2           5  -2.6611566885488239E-015
           2           6  -8.0487356664628107E-016
           2           7   2.4776202214043777E-015
           2           8  -1.4919502638029301E-015
           2           9  -8.8751662984939254E-016
           2          10   7.1931199656218212E-016
           2          11  -1.7661471917310620E-015
           2          12  -3.3563398714232057E-016
           2          13  -8.2761698783083227E-017
           2          14   3.4365697063764439E-002
           2          15  -1.5959226214031821E-017
           2          16   3.4365697063764584E-002
           2          17  -3.9239539481899817E-017
           2          18   1.7624818498245476E-016
           2          19   3.4365697063764647E-002
           2          20   1.0336071246586302E-002
           2          21   1.6029518932238161E-016
           2          22   1.0336071246585695E-002
           2          23   7.4743849590214739E-016
           2          24  -5.2261800410384747E-016
           2          25   1.0336071246587083E-002
           3           1 -0.19280609214376560     
           3           2  0.49819222044716793     
           3           3  0.46933969721058250     
           3           4   1.0290466756718557E-002
           3           5  -1.2925118812142683E-014
           3           6   1.1468871845618323E-014
           3           7   2.3243335438160075E-015
           3           8  -7.8284951356498748E-015
           3           9   6.6647790821513937E-015
           3          10   7.7057225142027159E-016
           3          11  -1.8663097926208383E-015
           3          12  -7.0446032683543937E-017
           3          13  -1.1230670270612575E-016
           3          14   3.2562225342455231E-002
           3          15  -6.3513409962020043E-017
           3          16   3.2562225342455349E-002
           3          17  -4.0167770529594511E-017
           3          18   1.5970881728497225E-016
           3          19   3.2562225342455384E-002
           3          20   9.7799026827936966E-003
           3          21   1.5986906563730225E-016
           3          22   9.7799026827930791E-003
           3          23   7.4082212952382254E-016
           3          24  -4.8818862999864129E-016
           3          25   9.7799026827943766E-003
           4           1   1.0796317546271127E-003
           4           2   1.0988945420316289E-002
           4           3   1.0290466756718557E-002
           4           4   2.3976864798155482E-004
           4           5  -6.5616327718089160E-015
           4           6   1.0055630949347687E-014
           4           7   1.8290499271507390E-015
           4           8  -4.0049761424312415E-015
           4           9   6.1447566123958746E-015
           4          10   1.0828913202386619E-015
           4          11  -2.0154175460145369E-016
           4          12   2.4330187252578302E-016
           4          13   4.7792408746429018E-017
           4          14   6.7136158587932345E-004
           4          15   9.6571510451781925E-018
           4          16   6.7136158587933169E-004
           4          17  -1.5124214032141525E-019
           4          18   4.9448988716890045E-018
           4          19   6.7136158587933906E-004
           4          20   2.0475485062363018E-004
           4          21   1.4859713930417546E-018
           4          22   2.0475485062362698E-004
           4          23   7.8836414574813686E-018
           4          24  -1.1652701306516625E-017
           4          25   2.0475485062365815E-004
           5           1   2.4920673198484988E-015
           5           2  -2.6611566885488239E-015
           5           3  -1.2925118812142683E-014
           5           4  -6.5616327718089160E-015
           5           5   1.0226290949809225     
           5           6  -9.0205620750793969E-015
           5           7   6.4462324367298152E-015
           5           8  0.62605522574954731     
           5           9  -2.7616797737550769E-015
           5          10  -1.0769163338864018E-014
           5          11   2.4434722535287976E-002
           5          12   1.2084083733654438E-014
           5          13   6.5481474409434526E-015
           5          14  -7.0129251215135458E-017
           5          15   7.9177887733504262E-015
           5          16  -7.8589625398725056E-015
           5          17   5.2269984509466106E-016
           5          18  -3.1914417700672276E-015
           5          19   3.7675979902014801E-015
           5          20   2.8084901421489754E-015
           5          21  -7.1007508384044932E-015
           5          22  -9.5710097530253085E-016
           5          23  -9.5762595832757607E-015
           5          24  -2.6255200764263975E-015
           5          25   1.5932459077416850E-014
           6           1  -1.8600450791132446E-015
           6           2  -8.0487356664628107E-016
           6           3   1.1468871845618323E-014
           6           4   1.0055630949347687E-014
           6           5  -9.0205620750793969E-015
           6           6   1.0226290949809203     
           6           7  -3.2647495817883510E-015
           6           8  -1.3600232051658168E-015
           6           9  0.62605522574954209     
           6          10   7.0134870133742311E-015
           6          11   1.3577246965601475E-014
           6          12   2.4434722535302142E-002
           6          13  -9.3967802289318669E-016
           6          14   1.3991147680311965E-015
           6          15  -5.1627682276076756E-015
           6          16   2.3113868767148397E-015
           6          17   5.6947078346397128E-016
           6          18   3.7312670933055584E-015
           6          19  -3.0966516898565591E-015
           6          20  -8.8692988282657029E-015
           6          21   3.6232205884865290E-015
           6          22  -4.3028849743432758E-015
           6          23   5.5260517880602695E-015
           6          24  -1.0718284098823148E-016
           6          25  -1.4546688807854813E-014
           7           1   6.6154343147918893E-015
           7           2   2.4776202214043777E-015
           7           3   2.3243335438160075E-015
           7           4   1.8290499271507390E-015
           7           5   6.4462324367298152E-015
           7           6  -3.2647495817883510E-015
           7           7   1.0226290949809054     
           7           8   3.7886360715333467E-015
           7           9  -2.5153490401663703E-015
           7          10  0.62605522574954287     
           7          11   9.2861916073383455E-016
           7          12  -7.0693234252572346E-015
           7          13   2.4434722535309053E-002
           7          14  -6.4102393550585301E-016
           7          15  -2.4806414476700202E-015
           7          16   3.4510731364845859E-015
           7          17   6.8865540646591899E-016
           7          18  -1.0009501591841457E-015
           7          19  -3.1464769525480396E-016
           7          20   2.8107846396168008E-015
           7          21   1.8017276446746361E-015
           7          22  -1.8733771066091185E-016
           7          23   3.9521773054820965E-015
           7          24  -4.1407808747787459E-016
           7          25  -1.5606591491775330E-015
           8           1   5.3475742720096621E-015
           8           2  -1.4919502638029301E-015
           8           3  -7.8284951356498748E-015
           8           4  -4.0049761424312415E-015
           8           5  0.62605522574954731     
           8           6  -1.3600232051658168E-015
           8           7   3.7886360715333467E-015
           8           8  0.38327204620078725     
           8           9   8.5001450322863548E-016
           8          10  -6.6821548294626609E-015
           8          11   1.4958977630351493E-002
           8          12   7.4976917036062574E-015
           8          13   4.0055307161390719E-015
           8          14  -6.8021905720203206E-017
           8          15   4.8472206732870278E-015
           8          16  -4.8363511980729725E-015
           8          17   3.1999706166633180E-016
           8          18  -1.9537543132152817E-015
           8          19   2.2813993127906291E-015
           8          20   1.7139940596871205E-015
           8          21  -4.3470818714967879E-015
           8          22  -5.9120466752308027E-016
           8          23  -5.8625826478380259E-015
           8          24  -1.6073325918060029E-015
           8          25   9.7485101987738051E-015
           9           1  -2.3250521925855285E-015
           9           2  -8.8751662984939254E-016
           9           3   6.6647790821513937E-015
           9           4   6.1447566123958746E-015
           9           5  -2.7616797737550769E-015
           9           6  0.62605522574954209     
           9           7  -2.5153490401663703E-015
           9           8   8.5001450322863548E-016
           9           9  0.38327204620078165     
           9          10   3.9742514834628651E-015
           9          11   8.3782807080989841E-015
           9          12   1.4958977630360071E-002
           9          13  -5.8747494716127058E-016
           9          14   8.4252590401429074E-016
           9          15  -3.1606038833378478E-015
           9          16   1.4009707676071121E-015
           9          17   3.4863322496642669E-016
           9          18   2.2842608210440338E-015
           9          19  -1.9097761569808955E-015
           9          20  -5.4347838710231057E-015
           9          21   2.2181187224731784E-015
           9          22  -2.6392497833845467E-015
           9          23   3.3830306930226941E-015
           9          24  -6.5630554044786121E-017
           9          25  -8.9104541781340634E-015
          10           1  -4.1441915409078721E-015
          10           2   7.1931199656218212E-016
          10           3   7.7057225142027159E-016
          10           4   1.0828913202386619E-015
          10           5  -1.0769163338864018E-014
          10           6   7.0134870133742311E-015
          10           7  0.62605522574954287     
          10           8  -6.6821548294626609E-015
          10           9   3.9742514834628651E-015
          10          10  0.38327204620078831     
          10          11   2.1700306482297371E-016
          10          12  -4.1127041008892640E-015
          10          13   1.4958977630364544E-002
          10          14  -3.6980629222829813E-016
          10          15  -1.5186417603314902E-015
          10          16   2.1353943119977589E-015
          10          17   4.2160228089103483E-016
          10          18  -6.1280756096151222E-016
          10          19  -1.6999007319068055E-016
          10          20   1.7226461663060070E-015
          10          21   1.1030216799503369E-015
          10          22  -1.1285699360221004E-016
          10          23   2.4195392281232407E-015
          10          24  -2.5350732521912874E-016
          10          25  -9.5356805575340731E-016
          11           1  -3.2697079592032710E-015
          11           2  -1.7661471917310620E-015
          11           3  -1.8663097926208383E-015
          11           4  -2.0154175460145369E-016
          11           5   2.4434722535287976E-002
          11           6   1.3577246965601475E-014
          11           7   9.2861916073383455E-016
          11           8   1.4958977630351493E-002
          11           9   8.3782807080989841E-015
          11          10   2.1700306482297371E-016
          11          11   5.8384381884518297E-004
          11          12   6.1827306512343694E-016
          11          13   1.7493602053053614E-016
          11          14  -7.7885510278385737E-017
          11          15   1.8915865346665400E-016
          11          16  -2.6398865082484590E-016
          11          17   1.2489099913143707E-017
          11          18  -7.6232375451354063E-017
          11          19   1.3793814016922207E-017
          11          20   4.1845012729895333E-017
          11          21  -1.6966105764381707E-016
          11          22  -4.8082492836264402E-017
          11          23  -2.2880637250591984E-016
          11          24  -6.2727191806508124E-017
          11          25   3.5542970889813742E-016
          12           1   4.0598711609862245E-015
          12           2  -3.3563398714232057E-016
          12           3  -7.0446032683543937E-017
          12           4   2.4330187252578302E-016
          12           5   1.2084083733654438E-014
          12           6   2.4434722535302142E-002
          12           7  -7.0693234252572346E-015
          12           8   7.4976917036062574E-015
          12           9   1.4958977630360071E-002
          12          10  -4.1127041008892640E-015
          12          11   6.1827306512343694E-016
          12          12   5.8384381884586114E-004
          12          13  -1.8952192788225519E-016
          12          14  -2.2252080847429112E-017
          12          15  -1.2333540921613469E-016
          12          16  -4.7731006306530122E-019
          12          17   1.3608002360770943E-017
          12          18   8.9142390161757660E-017
          12          19  -1.2966769623809507E-016
          12          20  -2.2631619874488004E-016
          12          21   8.6562654632227165E-017
          12          22  -1.1722110123025768E-016
          12          23   1.3202688065284799E-016
          12          24  -2.5670934985581334E-018
          12          25  -3.6195456445664006E-016
          13           1   3.1404118226656696E-015
          13           2  -8.2761698783083227E-017
          13           3  -1.1230670270612575E-016
          13           4   4.7792408746429018E-017
          13           5   6.5481474409434526E-015
          13           6  -9.3967802289318669E-016
          13           7   2.4434722535309053E-002
          13           8   4.0055307161390719E-015
          13           9  -5.8747494716127058E-016
          13          10   1.4958977630364544E-002
          13          11   1.7493602053053614E-016
          13          12  -1.8952192788225519E-016
          13          13   5.8384381884619995E-004
          13          14  -5.0335668535826956E-017
          13          15  -5.9267367466119465E-017
          13          16   4.7446570293933944E-017
          13          17   1.6457677475065086E-017
          13          18  -2.3927986011781454E-017
          13          19  -4.2533440224521986E-017
          13          20   5.8373061611056894E-017
          13          21   4.3051000479729018E-017
          13          22  -1.3286317878171863E-017
          13          23   9.4437940340033576E-017
          13          24  -9.8977270870954178E-018
          13          25  -4.6082543142910353E-017
          14           1  -2.9350477727295089E-002
          14           2   3.4365697063764439E-002
          14           3   3.2562225342455231E-002
          14           4   6.7136158587932345E-004
          14           5  -7.0129251215135458E-017
          14           6   1.3991147680311965E-015
          14           7  -6.4102393550585301E-016
          14           8  -6.8021905720203206E-017
          14           9   8.4252590401429074E-016
          14          10  -3.6980629222829813E-016
          14          11  -7.7885510278385737E-017
          14          12  -2.2252080847429112E-017
          14          13  -5.0335668535826956E-017
          14          14   2.3872882776870587E-003
          14          15  -3.7666065638441910E-017
          14          16   2.3872882776870491E-003
          14          17  -4.9821623400654327E-018
          14          18   6.7364158371624920E-018
          14          19   2.3872882776870318E-003
          14          20   7.0763495181704657E-004
          14          21   1.7170648588312916E-017
          14          22   7.0763495181697241E-004
          14          23   7.6561080490782302E-017
          14          24  -3.1013610617846277E-017
          14          25   7.0763495181705406E-004
          15           1   4.1716004430914734E-015
          15           2  -1.5959226214031821E-017
          15           3  -6.3513409962020043E-017
          15           4   9.6571510451781925E-018
          15           5   7.9177887733504262E-015
          15           6  -5.1627682276076756E-015
          15           7  -2.4806414476700202E-015
          15           8   4.8472206732870278E-015
          15           9  -3.1606038833378478E-015
          15          10  -1.5186417603314902E-015
          15          11   1.8915865346665400E-016
          15          12  -1.2333540921613469E-016
          15          13  -5.9267367466119465E-017
          15          14  -3.7666065638441910E-017
          15          15   2.5285425711546120E-028
          15          16  -3.7666065638569791E-017
          15          17   6.2884145532642260E-030
          15          18  -1.3892475716044898E-028
          15          19  -3.7666065638304001E-017
          15          20  -8.8797721798820734E-018
          15          21  -1.1643476612163555E-028
          15          22  -8.8797721800889383E-018
          15          23  -1.7753058345868226E-028
          15          24  -4.9326675191555638E-029
          15          25  -8.8797721796812913E-018
          16           1  -2.9350477727292969E-002
          16           2   3.4365697063764584E-002
          16           3   3.2562225342455349E-002
          16           4   6.7136158587933169E-004
          16           5  -7.8589625398725056E-015
          16           6   2.3113868767148397E-015
          16           7   3.4510731364845859E-015
          16           8  -4.8363511980729725E-015
          16           9   1.4009707676071121E-015
          16          10   2.1353943119977589E-015
          16          11  -2.6398865082484590E-016
          16          12  -4.7731006306530122E-019
          16          13   4.7446570293933944E-017
          16          14   2.3872882776870491E-003
          16          15  -3.7666065638569791E-017
          16          16   2.3872882776870405E-003
          16          17  -4.9821623400665567E-018
          16          18   6.7364158372166869E-018
          16          19   2.3872882776870227E-003
          16          20   7.0763495181704506E-004
          16          21   1.7170648588401450E-017
          16          22   7.0763495181697090E-004
          16          23   7.6561080490904353E-017
          16          24  -3.1013610617814039E-017
          16          25   7.0763495181705265E-004
          17           1   2.9014070498552720E-016
          17           2  -3.9239539481899817E-017
          17           3  -4.0167770529594511E-017
          17           4  -1.5124214032141525E-019
          17           5   5.2269984509466106E-016
          17           6   5.6947078346397128E-016
          17           7   6.8865540646591899E-016
          17           8   3.1999706166633180E-016
          17           9   3.4863322496642669E-016
          17          10   4.2160228089103483E-016
          17          11   1.2489099913143707E-017
          17          12   1.3608002360770943E-017
          17          13   1.6457677475065086E-017
          17          14  -4.9821623400654327E-018
          17          15   6.2884145532642260E-030
          17          16  -4.9821623400665567E-018
          17          17   2.2276302196626025E-030
          17          18  -4.9952705382781200E-030
          17          19  -4.9821623400621379E-018
          17          20  -1.3359013578763734E-018
          17          21  -1.5995546277477467E-030
          17          22  -1.3359013578853998E-018
          17          23  -6.8387253854585979E-031
          17          24  -2.8722093538214052E-030
          17          25  -1.3359013578729778E-018
          18           1   4.7583458864867481E-016
          18           2   1.7624818498245476E-016
          18           3   1.5970881728497225E-016
          18           4   4.9448988716890045E-018
          18           5  -3.1914417700672276E-015
          18           6   3.7312670933055584E-015
          18           7  -1.0009501591841457E-015
          18           8  -1.9537543132152817E-015
          18           9   2.2842608210440338E-015
          18          10  -6.1280756096151222E-016
          18          11  -7.6232375451354063E-017
          18          12   8.9142390161757660E-017
          18          13  -2.3927986011781454E-017
          18          14   6.7364158371624920E-018
          18          15  -1.3892475716044898E-028
          18          16   6.7364158372166869E-018
          18          17  -4.9952705382781200E-030
          18          18   1.0752691385956742E-028
          18          19   6.7364158370799921E-018
          18          20   2.3409792204677381E-018
          18          21   5.5862990031911211E-029
          18          22   2.3409792206523411E-018
          18          23   7.5336723960787980E-029
          18          24   3.6431031715037012E-029
          18          25   2.3409792203987019E-018
          19           1  -2.9350477727290516E-002
          19           2   3.4365697063764647E-002
          19           3   3.2562225342455384E-002
          19           4   6.7136158587933906E-004
          19           5   3.7675979902014801E-015
          19           6  -3.0966516898565591E-015
          19           7  -3.1464769525480396E-016
          19           8   2.2813993127906291E-015
          19           9  -1.9097761569808955E-015
          19          10  -1.6999007319068055E-016
          19          11   1.3793814016922207E-017
          19          12  -1.2966769623809507E-016
          19          13  -4.2533440224521986E-017
          19          14   2.3872882776870318E-003
          19          15  -3.7666065638304001E-017
          19          16   2.3872882776870227E-003
          19          17  -4.9821623400621379E-018
          19          18   6.7364158370799921E-018
          19          19   2.3872882776870053E-003
          19          20   7.0763495181704115E-004
          19          21   1.7170648588254201E-017
          19          22   7.0763495181696699E-004
          19          23   7.6561080490689586E-017
          19          24  -3.1013610617872168E-017
          19          25   7.0763495181704874E-004
          20           1  -7.6467460604384271E-003
          20           2   1.0336071246586302E-002
          20           3   9.7799026827936966E-003
          20           4   2.0475485062363018E-004
          20           5   2.8084901421489754E-015
          20           6  -8.8692988282657029E-015
          20           7   2.8107846396168008E-015
          20           8   1.7139940596871205E-015
          20           9  -5.4347838710231057E-015
          20          10   1.7226461663060070E-015
          20          11   4.1845012729895333E-017
          20          12  -2.2631619874488004E-016
          20          13   5.8373061611056894E-017
          20          14   7.0763495181704657E-004
          20          15  -8.8797721798820734E-018
          20          16   7.0763495181704506E-004
          20          17  -1.3359013578763734E-018
          20          18   2.3409792204677381E-018
          20          19   7.0763495181704115E-004
          20          20   2.1040466268114734E-004
          20          21   4.7118322402396951E-018
          20          22   2.1040466268112739E-004
          20          23   2.1152759291429566E-017
          20          24  -9.5237885137904507E-018
          20          25   2.1040466268115255E-004
          21           1  -8.2336117079682250E-016
          21           2   1.6029518932238161E-016
          21           3   1.5986906563730225E-016
          21           4   1.4859713930417546E-018
          21           5  -7.1007508384044932E-015
          21           6   3.6232205884865290E-015
          21           7   1.8017276446746361E-015
          21           8  -4.3470818714967879E-015
          21           9   2.2181187224731784E-015
          21          10   1.1030216799503369E-015
          21          11  -1.6966105764381707E-016
          21          12   8.6562654632227165E-017
          21          13   4.3051000479729018E-017
          21          14   1.7170648588312916E-017
          21          15  -1.1643476612163555E-028
          21          16   1.7170648588401450E-017
          21          17  -1.5995546277477467E-030
          21          18   5.5862990031911211E-029
          21          19   1.7170648588254201E-017
          21          20   4.7118322402396951E-018
          21          21   7.8780308097634657E-029
          21          22   4.7118322403087782E-018
          21          23   1.1252189915427443E-028
          21          24   2.5815040311086377E-029
          21          25   4.7118322401007292E-018
          22           1  -7.6467460604342768E-003
          22           2   1.0336071246585695E-002
          22           3   9.7799026827930791E-003
          22           4   2.0475485062362698E-004
          22           5  -9.5710097530253085E-016
          22           6  -4.3028849743432758E-015
          22           7  -1.8733771066091185E-016
          22           8  -5.9120466752308027E-016
          22           9  -2.6392497833845467E-015
          22          10  -1.1285699360221004E-016
          22          11  -4.8082492836264402E-017
          22          12  -1.1722110123025768E-016
          22          13  -1.3286317878171863E-017
          22          14   7.0763495181697241E-004
          22          15  -8.8797721800889383E-018
          22          16   7.0763495181697090E-004
          22          17  -1.3359013578853998E-018
          22          18   2.3409792206523411E-018
          22          19   7.0763495181696699E-004
          22          20   2.1040466268112739E-004
          22          21   4.7118322403087782E-018
          22          22   2.1040466268110739E-004
          22          23   2.1152759291515342E-017
          22          24  -9.5237885137282200E-018
          22          25   2.1040466268113254E-004
          23           1  -3.4407255436146114E-015
          23           2   7.4743849590214739E-016
          23           3   7.4082212952382254E-016
          23           4   7.8836414574813686E-018
          23           5  -9.5762595832757607E-015
          23           6   5.5260517880602695E-015
          23           7   3.9521773054820965E-015
          23           8  -5.8625826478380259E-015
          23           9   3.3830306930226941E-015
          23          10   2.4195392281232407E-015
          23          11  -2.2880637250591984E-016
          23          12   1.3202688065284799E-016
          23          13   9.4437940340033576E-017
          23          14   7.6561080490782302E-017
          23          15  -1.7753058345868226E-028
          23          16   7.6561080490904353E-017
          23          17  -6.8387253854585979E-031
          23          18   7.5336723960787980E-029
          23          19   7.6561080490689586E-017
          23          20   2.1152759291429566E-017
          23          21   1.1252189915427443E-028
          23          22   2.1152759291515342E-017
          23          23   1.7173377407824924E-028
          23          24   3.0848127267633910E-029
          23          25   2.1152759291222172E-017
          24           1  -1.5543906339961381E-016
          24           2  -5.2261800410384747E-016
          24           3  -4.8818862999864129E-016
          24           4  -1.1652701306516625E-017
          24           5  -2.6255200764263975E-015
          24           6  -1.0718284098823148E-016
          24           7  -4.1407808747787459E-016
          24           8  -1.6073325918060029E-015
          24           9  -6.5630554044786121E-017
          24          10  -2.5350732521912874E-016
          24          11  -6.2727191806508124E-017
          24          12  -2.5670934985581334E-018
          24          13  -9.8977270870954178E-018
          24          14  -3.1013610617846277E-017
          24          15  -4.9326675191555638E-029
          24          16  -3.1013610617814039E-017
          24          17  -2.8722093538214052E-030
          24          18   3.6431031715037012E-029
          24          19  -3.1013610617872168E-017
          24          20  -9.5237885137904507E-018
          24          21   2.5815040311086377E-029
          24          22  -9.5237885137282200E-018
          24          23   3.0848127267633910E-029
          24          24   1.9475328056068973E-029
          24          25  -9.5237885138259571E-018
          25           1  -7.6467460604337841E-003
          25           2   1.0336071246587083E-002
          25           3   9.7799026827943766E-003
          25           4   2.0475485062365815E-004
          25           5   1.5932459077416850E-014
          25           6  -1.4546688807854813E-014
          25           7  -1.5606591491775330E-015
          25           8   9.7485101987738051E-015
          25           9  -8.9104541781340634E-015
          25          10  -9.5356805575340731E-016
          25          11   3.5542970889813742E-016
          25          12  -3.6195456445664006E-016
          25          13  -4.6082543142910353E-017
          25          14   7.0763495181705406E-004
          25          15  -8.8797721796812913E-018
          25          16   7.0763495181705265E-004
          25          17  -1.3359013578729778E-018
          25          18   2.3409792203987019E-018
          25          19   7.0763495181704874E-004
          25          20   2.1040466268115255E-004
          25          21   4.7118322401007292E-018
          25          22   2.1040466268113254E-004
          25          23   2.1152759291222172E-017
          25          24  -9.5237885138259571E-018
          25          25   2.1040466268115770E-004
