           1           1  0.14041066168045502     
           1           2  0.25561133838543215     
           1           3  0.21120502466557461     
           1           4  -4.1565766397873161E-016
           1           5  -1.1280110929841462E-015
           1           6   3.4019142011731521E-016
           1           7   1.8212062227532730E-015
           1           8   1.4864931353483589E-015
           1           9   4.2891279824067593E-015
           1          10   8.1984844943715218E-004
           1          11  -9.9018864174894690E-016
           1          12   8.1984844943499744E-004
           1          13  -1.0673426887093731E-015
           1          14  -1.0041089559858109E-015
           1          15   8.1984844943546809E-004
           2           1  0.25561133838543215     
           2           2  0.46532902511273122     
           2           3  0.38448931420093457     
           2           4  -7.5668180468192613E-016
           2           5  -2.0535217375048219E-015
           2           6   6.1930797219514408E-016
           2           7   3.3154034417415828E-015
           2           8   2.7060752134237305E-015
           2           9   7.8082060000064038E-015
           2          10   1.4924974814943303E-003
           2          11  -1.8025854142317485E-015
           2          12   1.4924974814904076E-003
           2          13  -1.9430833315062784E-015
           2          14  -1.8279423507826923E-015
           2          15   1.4924974814912646E-003
           3           1  0.21120502466557461     
           3           2  0.38448931420093457     
           3           3  0.31769355652175330     
           3           4  -6.2524393181729074E-016
           3           5  -1.6966617825898983E-015
           3           6   5.1169966640225999E-016
           3           7   2.7395152531532341E-015
           3           8   2.2360352577307122E-015
           3           9   6.4515603815037505E-015
           3          10   1.2332120045041031E-003
           3          11  -1.4894642160432524E-015
           3          12   1.2332120045008619E-003
           3          13  -1.6053868766805120E-015
           3          14  -1.5103544321260651E-015
           3          15   1.2332120045015697E-003
           4           1  -4.1565766397873161E-016
           4           2  -7.5668180468192613E-016
           4           3  -6.2524393181729074E-016
           4           4   1.9111932403959289E-030
           4           5  -9.7298023854753814E-031
           4           6  -2.8341556120493054E-031
           4           7  -8.6568588892532166E-030
           4           8  -7.3574692147991212E-030
           4           9  -6.5083525492304893E-030
           4          10  -2.4275480877304605E-018
           4          11   4.2876156857776697E-030
           4          12  -2.4275480877285992E-018
           4          13  -2.0350446156751943E-030
           4          14   1.9156592142483044E-030
           4          15  -2.4275480877279849E-018
           5           1  -1.1280110929841462E-015
           5           2  -2.0535217375048219E-015
           5           3  -1.6966617825898983E-015
           5           4  -9.7298023854753814E-031
           5           5   3.6379140359352012E-029
           5           6  -7.3171723706840031E-030
           5           7   6.0555835775661215E-030
           5           8   6.7900262531738884E-030
           5           9  -7.3661839198056048E-029
           5          10  -6.5828918498586445E-018
           5          11  -6.3742420170300551E-031
           5          12  -6.5828918498127149E-018
           5          13   4.1482000094127732E-029
           5          14   1.4761302405546992E-029
           5          15  -6.5828918498292163E-018
           6           1   3.4019142011731521E-016
           6           2   6.1930797219514408E-016
           6           3   5.1169966640225999E-016
           6           4  -2.8341556120493054E-031
           6           5  -7.3171723706840031E-030
           6           6   1.5935183454390301E-030
           6           7   9.4098582839307352E-031
           6           8   4.5802949889913225E-031
           6           9   1.6970894839262264E-029
           6          10   1.9857693516788650E-018
           6          11  -9.5715848748899133E-031
           6          12   1.9857693516688417E-018
           6          13  -8.1083054030007201E-030
           6          14  -3.5562411107826815E-030
           6          15   1.9857693516721165E-018
           7           1   1.8212062227532730E-015
           7           2   3.3154034417415828E-015
           7           3   2.7395152531532341E-015
           7           4  -8.6568588892532166E-030
           7           5   6.0555835775661215E-030
           7           6   9.4098582839307352E-031
           7           7   3.9287460654965286E-029
           7           8   3.3465927766047357E-029
           7           9   2.5943901342830894E-029
           7          10   1.0636543570457361E-017
           7          11  -1.9350008930411309E-029
           7          12   1.0636543570451084E-017
           7          13   1.1075839617162710E-029
           7          14  -7.9541888585316359E-030
           7          15   1.0636543570447556E-017
           8           1   1.4864931353483589E-015
           8           2   2.7060752134237305E-015
           8           3   2.2360352577307122E-015
           8           4  -7.3574692147991212E-030
           8           5   6.7900262531738884E-030
           8           6   4.5802949889913225E-031
           8           7   3.3465927766047357E-029
           8           8   2.8582134784979060E-029
           8           9   1.8524476726309972E-029
           8          10   8.6819266074458691E-018
           8          11  -1.6374809022922744E-029
           8          12   8.6819266074426798E-018
           8          13   1.1265679771387923E-029
           8          14  -6.0395772426563978E-030
           8          15   8.6819266074389420E-018
           9           1   4.2891279824067593E-015
           9           2   7.8082060000064038E-015
           9           3   6.4515603815037505E-015
           9           4  -6.5083525492304893E-030
           9           5  -7.3661839198056048E-029
           9           6   1.6970894839262264E-029
           9           7   2.5943901342830894E-029
           9           8   1.8524476726309972E-029
           9           9   1.8728486272009437E-028
           9          10   2.5038923204958441E-017
           9          11  -1.7916028091867339E-029
           9          12   2.5038923204851544E-017
           9          13  -7.9831515208835256E-029
           9          14  -4.0280430741877972E-029
           9          15   2.5038923204884177E-017
          10           1   8.1984844943715218E-004
          10           2   1.4924974814943303E-003
          10           3   1.2332120045041031E-003
          10           4  -2.4275480877304605E-018
          10           5  -6.5828918498586445E-018
          10           6   1.9857693516788650E-018
          10           7   1.0636543570457361E-017
          10           8   8.6819266074458691E-018
          10           9   2.5038923204958441E-017
          10          10   4.7870406319839124E-006
          10          11  -5.7827427005995437E-018
          10          12   4.7870406319713339E-006
          10          13  -6.2279390251288113E-018
          10          14  -5.8620697977089528E-018
          10          15   4.7870406319740809E-006
          11           1  -9.9018864174894690E-016
          11           2  -1.8025854142317485E-015
          11           3  -1.4894642160432524E-015
          11           4   4.2876156857776697E-030
          11           5  -6.3742420170300551E-031
          11           6  -9.5715848748899133E-031
          11           7  -1.9350008930411309E-029
          11           8  -1.6374809022922744E-029
          11           9  -1.7916028091867339E-029
          11          10  -5.7827427005995437E-018
          11          11   9.6854913704701970E-030
          11          12  -5.7827427005933499E-018
          11          13  -2.8236086438068057E-030
          11          14   4.9753499859854435E-030
          11          15  -5.7827427005926681E-018
          12           1   8.1984844943499744E-004
          12           2   1.4924974814904076E-003
          12           3   1.2332120045008619E-003
          12           4  -2.4275480877285992E-018
          12           5  -6.5828918498127149E-018
          12           6   1.9857693516688417E-018
          12           7   1.0636543570451084E-017
          12           8   8.6819266074426798E-018
          12           9   2.5038923204851544E-017
          12          10   4.7870406319713339E-006
          12          11  -5.7827427005933499E-018
          12          12   4.7870406319587564E-006
          12          13  -6.2279390250779552E-018
          12          14  -5.8620697976865288E-018
          12          15   4.7870406319615033E-006
          13           1  -1.0673426887093731E-015
          13           2  -1.9430833315062784E-015
          13           3  -1.6053868766805120E-015
          13           4  -2.0350446156751943E-030
          13           5   4.1482000094127732E-029
          13           6  -8.1083054030007201E-030
          13           7   1.1075839617162710E-029
          13           8   1.1265679771387923E-029
          13           9  -7.9831515208835256E-029
          13          10  -6.2279390251288113E-018
          13          11  -2.8236086438068057E-030
          13          12  -6.2279390250779552E-018
          13          13   4.7755078311061370E-029
          13          14   1.5697458585303488E-029
          13          15  -6.2279390250968563E-018
          14           1  -1.0041089559858109E-015
          14           2  -1.8279423507826923E-015
          14           3  -1.5103544321260651E-015
          14           4   1.9156592142483044E-030
          14           5   1.4761302405546992E-029
          14           6  -3.5562411107826815E-030
          14           7  -7.9541888585316359E-030
          14           8  -6.0395772426563978E-030
          14           9  -4.0280430741877972E-029
          14          10  -5.8620697977089528E-018
          14          11   4.9753499859854435E-030
          14          12  -5.8620697976865288E-018
          14          13   1.5697458585303488E-029
          14          14   8.8212776574856328E-030
          14          15  -5.8620697976930122E-018
          15           1   8.1984844943546809E-004
          15           2   1.4924974814912646E-003
          15           3   1.2332120045015697E-003
          15           4  -2.4275480877279849E-018
          15           5  -6.5828918498292163E-018
          15           6   1.9857693516721165E-018
          15           7   1.0636543570447556E-017
          15           8   8.6819266074389420E-018
          15           9   2.5038923204884177E-017
          15          10   4.7870406319740809E-006
          15          11  -5.7827427005926681E-018
          15          12   4.7870406319615033E-006
          15          13  -6.2279390250968563E-018
          15          14  -5.8620697976930122E-018
          15          15   4.7870406319642494E-006
