           1           1   2.1910285472132509     
           1           2 -0.73934497772257501     
           1           3   6.4275888888152841E-015
           1           4   2.9125925613237979E-015
           1           5  -3.9394271941789251E-015
           1           6  0.93524024276247653     
           1           7   1.4461099596805010E-015
           1           8   1.1622557893593839E-015
           1           9  -5.9383954864937358E-016
           1          10 -0.15362332798002282     
           1          11  -8.4849577165451067E-016
           1          12  -1.2535348186816988E-015
           1          13  -3.5166147062430502E-016
           1          14   4.2930892234841755E-002
           1          15  -3.6133317020200545E-016
           1          16   1.1491297552749289E-015
           1          17  -6.3347277287453608E-016
           1          18 -0.25731702320672251     
           1          19   2.1496740018777433E-016
           1          20 -0.25731702320672489     
           1          21  -7.9303836547374980E-018
           1          22  -1.0213583421297578E-015
           1          23 -0.25731702320672378     
           2           1 -0.73934497772257501     
           2           2   2.8620751969184068     
           2           3  -2.9589702834330898E-014
           2           4  -1.2312369390381710E-014
           2           5   1.7288689360775956E-014
           2           6  -3.7433161273444808     
           2           7  -6.3939007235575275E-015
           2           8  -5.4997758455568620E-015
           2           9  -1.3885573912214311E-015
           2          10  0.62155364551341652     
           2          11   1.2861138797713534E-015
           2          12   2.7014230036495248E-015
           2          13  -1.5047637356206453E-015
           2          14 -0.17647491503938390     
           2          15  -2.5093990557541489E-015
           2          16  -2.9093698788657062E-015
           2          17   4.8535436448888074E-015
           2          18   1.0118131896375417     
           2          19  -5.4033709898766950E-017
           2          20   1.0118131896375404     
           2          21   4.6937463468630170E-016
           2          22  -2.3574407399061861E-015
           2          23   1.0118131896375415     
           3           1   6.4275888888152841E-015
           3           2  -2.9589702834330898E-014
           3           3   2.2524980942313091     
           3           4  -5.5899456065417680E-003
           3           5   2.4428943209621384E-002
           3           6   7.7439863097727802E-015
           3           7 -0.83827618169547025     
           3           8   2.0806727373852352E-002
           3           9  -9.0928677516826623E-002
           3          10  -1.5960493023616352E-014
           3          11  0.28363918436230984     
           3          12  -1.5485764091432109E-003
           3          13   6.7675229451746588E-003
           3          14   5.8374500741814087E-015
           3          15 -0.13357951522144942     
           3          16   2.0341773413891906E-003
           3          17  -8.8896755440157002E-003
           3          18  -5.3738686994886802E-016
           3          19   8.3884902819661000E-015
           3          20  -5.9755550275275479E-015
           3          21  -2.0851371475987203E-015
           3          22   5.8455845380944921E-015
           3          23   9.1410169315178119E-015
           4           1   2.9125925613237979E-015
           4           2  -1.2312369390381710E-014
           4           3  -5.5899456065417680E-003
           4           4   2.1781101491590347     
           4           5  -1.8254830253321324E-003
           4           6   7.2629740269285368E-015
           4           7   2.0806727373839193E-002
           4           8 -0.56139161036647789     
           4           9   6.7947580007267864E-003
           4          10  -9.9165198960700390E-015
           4          11  -1.5485764091378105E-003
           4          12  0.26303157474118760     
           4          13  -5.0571153053418380E-004
           4          14   3.9667258049361232E-015
           4          15   2.0341773413830120E-003
           4          16 -0.10650979344084022     
           4          17   6.6429201079539065E-004
           4          18  -8.9537164485980353E-016
           4          19   2.6529930464335456E-015
           4          20  -8.6538969356208042E-016
           4          21  -1.9505715743426108E-015
           4          22   5.7960066770804389E-016
           4          23   1.7571492763097285E-015
           5           1  -3.9394271941789251E-015
           5           2   1.7288689360775956E-014
           5           3   2.4428943209621384E-002
           5           4  -1.8254830253321324E-003
           5           5   2.1856700820481700     
           5           6  -1.3823810709149706E-014
           5           7  -9.0928677516824402E-002
           5           8   6.7947580007275254E-003
           5           9 -0.58953096514027570     
           5          10   2.1724624605862989E-015
           5          11   6.7675229451670451E-003
           5          12  -5.0571153053632272E-004
           5          13  0.26512589453440166     
           5          14   2.0508043637117070E-016
           5          15  -8.8896755440163403E-003
           5          16   6.6429201079202117E-004
           5          17 -0.10926084779232650     
           5          18   6.1860749324561427E-015
           5          19  -1.4198928483448946E-015
           5          20   4.6391285639543676E-015
           5          21   1.5845594338693392E-015
           5          22   5.0482227748351465E-016
           5          23   3.5058322777674164E-015
           6           1  0.93524024276247653     
           6           2  -3.7433161273444808     
           6           3   7.7439863097727802E-015
           6           4   7.2629740269285368E-015
           6           5  -1.3823810709149706E-014
           6           6   15.772033251382569     
           6           7   4.6410373292185500E-014
           6           8   6.2295467622716498E-015
           6           9   4.7635307139662063E-016
           6          10  -2.7880882329822332     
           6          11  -1.0269579967340660E-014
           6          12   6.4911474992492484E-016
           6          13   1.0081698624489035E-014
           6          14  0.85465023628871273     
           6          15   1.2005085928545694E-014
           6          16   3.9037651501536149E-015
           6          17  -1.2862744726414889E-014
           6          18  -3.7536619652578489     
           6          19   8.5996249749105051E-015
           6          20  -3.7536619652578329     
           6          21  -9.1746818948431041E-016
           6          22   5.2749010883383887E-015
           6          23  -3.7536619652578422     
           7           1   1.4461099596805010E-015
           7           2  -6.3939007235575275E-015
           7           3 -0.83827618169547025     
           7           4   2.0806727373839193E-002
           7           5  -9.0928677516824402E-002
           7           6   4.6410373292185500E-014
           7           7   2.6308444284330017     
           7           8  -7.7446174700318490E-002
           7           9  0.33845198803778886     
           7          10  -7.0336507288853365E-015
           7          11 -0.61082609561493895     
           7          12   5.7640645241181640E-003
           7          13  -2.5189870318517441E-002
           7          14   4.0656094275455527E-015
           7          15  0.32454855668699206     
           7          16  -7.5715537057454855E-003
           7          17   3.3088882881053668E-002
           7          18  -6.3498046652107843E-015
           7          19   3.4448865466648701E-018
           7          20  -7.7912084976255485E-015
           7          21  -1.0618157060878841E-015
           7          22  -3.4884073005652507E-016
           7          23  -1.1168672609617229E-014
           8           1   1.1622557893593839E-015
           8           2  -5.4997758455568620E-015
           8           3   2.0806727373852352E-002
           8           4 -0.56139161036647789     
           8           5   6.7947580007275254E-003
           8           6   6.2295467622716498E-015
           8           7  -7.7446174700318490E-002
           8           8   1.6002330065749246     
           8           9  -2.5291243823014859E-002
           8          10   1.3668955596446968E-015
           8          11   5.7640645241191536E-003
           8          12 -0.53412107102370210     
           8          13   1.8823442456032129E-003
           8          14   8.2262211370797162E-017
           8          15  -7.5715537057462409E-003
           8          16  0.22379045261600664     
           8          17  -2.4726077386273003E-003
           8          18  -7.4537658573647829E-016
           8          19   8.3737083270659888E-017
           8          20   1.7240147909508812E-016
           8          21   1.7886242137228834E-015
           8          22   1.2932335858703137E-017
           8          23  -3.8698698891961333E-016
           9           1  -5.9383954864937358E-016
           9           2  -1.3885573912214311E-015
           9           3  -9.0928677516826623E-002
           9           4   6.7947580007267864E-003
           9           5 -0.58953096514027570     
           9           6   4.7635307139662063E-016
           9           7  0.33845198803778886     
           9           8  -2.5291243823014859E-002
           9           9   1.7049724663952741     
           9          10  -9.2607589904950919E-017
           9          11  -2.5189870318521185E-002
           9          12   1.8823442456043216E-003
           9          13 -0.54191648515438173     
           9          14   3.8699576247858366E-016
           9          15   3.3088882881057172E-002
           9          16  -2.4726077386273636E-003
           9          17  0.23403034436287579     
           9          18   2.5805574506902200E-016
           9          19  -8.6888994814651048E-016
           9          20  -1.0867582427830179E-015
           9          21  -1.5515529854550587E-015
           9          22  -1.2307425617629839E-015
           9          23  -1.4984124971207016E-017
          10           1 -0.15362332798002282     
          10           2  0.62155364551341652     
          10           3  -1.5960493023616352E-014
          10           4  -9.9165198960700390E-015
          10           5   2.1724624605862989E-015
          10           6  -2.7880882329822332     
          10           7  -7.0336507288853365E-015
          10           8   1.3668955596446968E-015
          10           9  -9.2607589904950919E-017
          10          10  0.51812037108886133     
          10          11  -1.7234317158536131E-017
          10          12  -8.3138619637163977E-016
          10          13  -1.9679209015540174E-015
          10          14 -0.15242223004833955     
          10          15  -8.1158421166078363E-016
          10          16  -3.5705357170875965E-016
          10          17   1.6102141829931314E-015
          10          18  0.68414486781553752     
          10          19  -1.3870343727042416E-015
          10          20  0.68414486781553485     
          10          21   6.1937654626034428E-016
          10          22  -5.9978890531428379E-016
          10          23  0.68414486781553618     
          11           1  -8.4849577165451067E-016
          11           2   1.2861138797713534E-015
          11           3  0.28363918436230984     
          11           4  -1.5485764091378105E-003
          11           5   6.7675229451670451E-003
          11           6  -1.0269579967340660E-014
          11           7 -0.61082609561493895     
          11           8   5.7640645241191536E-003
          11           9  -2.5189870318521185E-002
          11          10  -1.7234317158536131E-017
          11          11  0.18742256107966687     
          11          12  -4.2900039888035119E-004
          11          13   1.8747993484766604E-003
          11          14  -1.7994362388722823E-016
          11          15  -8.3383733588450831E-002
          11          16   5.6352588461159691E-004
          11          17  -2.4626969207380243E-003
          11          18   1.2709683399019420E-015
          11          19   3.3106810087090847E-016
          11          20   9.3754173946090737E-016
          11          21  -3.2765005239979918E-016
          11          22   3.8009160884514056E-016
          11          23   2.5966083243486396E-015
          12           1  -1.2535348186816988E-015
          12           2   2.7014230036495248E-015
          12           3  -1.5485764091432109E-003
          12           4  0.26303157474118760     
          12           5  -5.0571153053632272E-004
          12           6   6.4911474992492484E-016
          12           7   5.7640645241181640E-003
          12           8 -0.53412107102370210     
          12           9   1.8823442456043216E-003
          12          10  -8.3138619637163977E-016
          12          11  -4.2900039888035119E-004
          12          12  0.18171365792494076     
          12          13  -1.4009670239077199E-004
          12          14   2.2397797228575012E-016
          12          15   5.6352588461131676E-004
          12          16  -7.5884638695248280E-002
          12          17   1.8402807631825991E-004
          12          18   7.6356128665379708E-018
          12          19   7.9794390048252671E-017
          12          20  -2.5538731844360237E-016
          12          21  -6.0159327178283046E-016
          12          22   3.3298480584653471E-017
          12          23   5.5831251685295749E-017
          13           1  -3.5166147062430502E-016
          13           2  -1.5047637356206453E-015
          13           3   6.7675229451746588E-003
          13           4  -5.0571153053418380E-004
          13           5  0.26512589453440166     
          13           6   1.0081698624489035E-014
          13           7  -2.5189870318517441E-002
          13           8   1.8823442456032129E-003
          13           9 -0.54191648515438173     
          13          10  -1.9679209015540174E-015
          13          11   1.8747993484766604E-003
          13          12  -1.4009670239077199E-004
          13          13  0.18229384500603779     
          13          14   6.9421945426563259E-016
          13          15  -2.4626969207382542E-003
          13          16   1.8402807631795980E-004
          13          17  -7.6646760220001706E-002
          13          18  -2.1850278411217187E-015
          13          19   2.2128106259885305E-016
          13          20  -1.9951792251723128E-015
          13          21   3.6714367746345515E-016
          13          22   4.1827170014219398E-016
          13          23  -2.4256311762372433E-015
          14           1   4.2930892234841755E-002
          14           2 -0.17647491503938390     
          14           3   5.8374500741814087E-015
          14           4   3.9667258049361232E-015
          14           5   2.0508043637117070E-016
          14           6  0.85465023628871273     
          14           7   4.0656094275455527E-015
          14           8   8.2262211370797162E-017
          14           9   3.8699576247858366E-016
          14          10 -0.15242223004833955     
          14          11  -1.7994362388722823E-016
          14          12   2.2397797228575012E-016
          14          13   6.9421945426563259E-016
          14          14   4.6733155859637436E-002
          14          15   6.5289932608247231E-016
          14          16   1.1643102890380975E-016
          14          17  -6.5100266943319963E-016
          14          18 -0.20226858578017243     
          14          19   4.8754302599312941E-016
          14          20 -0.20226858578017157     
          14          21  -6.3884671984755758E-017
          14          22   2.6916433304018220E-016
          14          23 -0.20226858578017207     
          15           1  -3.6133317020200545E-016
          15           2  -2.5093990557541489E-015
          15           3 -0.13357951522144942     
          15           4   2.0341773413830120E-003
          15           5  -8.8896755440163403E-003
          15           6   1.2005085928545694E-014
          15           7  0.32454855668699206     
          15           8  -7.5715537057462409E-003
          15           9   3.3088882881057172E-002
          15          10  -8.1158421166078363E-016
          15          11  -8.3383733588450831E-002
          15          12   5.6352588461131676E-004
          15          13  -2.4626969207382542E-003
          15          14   6.5289932608247231E-016
          15          15   4.1573441116953692E-002
          15          16  -7.4023572811496752E-004
          15          17   3.2349467842213249E-003
          15          18  -1.4551627182235307E-015
          15          19  -1.2188604911991625E-016
          15          20  -1.4752746272382502E-015
          15          21  -1.9558326560188980E-017
          15          22  -1.4363260150726665E-016
          15          23  -2.1612331667070146E-015
          16           1   1.1491297552749289E-015
          16           2  -2.9093698788657062E-015
          16           3   2.0341773413891906E-003
          16           4 -0.10650979344084022     
          16           5   6.6429201079202117E-004
          16           6   3.9037651501536149E-015
          16           7  -7.5715537057454855E-003
          16           8  0.22379045261600664     
          16           9  -2.4726077386273636E-003
          16          10  -3.5705357170875965E-016
          16          11   5.6352588461159691E-004
          16          12  -7.5884638695248280E-002
          16          13   1.8402807631795980E-004
          16          14   1.1643102890380975E-016
          16          15  -7.4023572811496752E-004
          16          16   3.1722788076764694E-002
          16          17  -2.4173540344252272E-004
          16          18  -1.0392298812206318E-015
          16          19  -2.8150380482737420E-017
          16          20  -9.1834602855868087E-016
          16          21   2.6081477733507839E-016
          16          22  -1.1980714341821854E-017
          16          23  -1.0407065679842968E-015
          17           1  -6.3347277287453608E-016
          17           2   4.8535436448888074E-015
          17           3  -8.8896755440157002E-003
          17           4   6.6429201079539065E-004
          17           5 -0.10926084779232650     
          17           6  -1.2862744726414889E-014
          17           7   3.3088882881053668E-002
          17           8  -2.4726077386273003E-003
          17           9  0.23403034436287579     
          17          10   1.6102141829931314E-015
          17          11  -2.4626969207380243E-003
          17          12   1.8402807631825991E-004
          17          13  -7.6646760220001706E-002
          17          14  -6.5100266943319963E-016
          17          15   3.2349467842213249E-003
          17          16  -2.4173540344252272E-004
          17          17   3.2723894853212122E-002
          17          18   2.5638128674793784E-015
          17          19  -9.5797516542215220E-017
          17          20   2.4327614062679380E-015
          17          21  -2.0130457022285321E-016
          17          22  -1.7395797042441157E-016
          17          23   2.6029333295145863E-015
          18           1 -0.25731702320672251     
          18           2   1.0118131896375417     
          18           3  -5.3738686994886802E-016
          18           4  -8.9537164485980353E-016
          18           5   6.1860749324561427E-015
          18           6  -3.7536619652578489     
          18           7  -6.3498046652107843E-015
          18           8  -7.4537658573647829E-016
          18           9   2.5805574506902200E-016
          18          10  0.68414486781553752     
          18          11   1.2709683399019420E-015
          18          12   7.6356128665379708E-018
          18          13  -2.1850278411217187E-015
          18          14 -0.20226858578017243     
          18          15  -1.4551627182235307E-015
          18          16  -1.0392298812206318E-015
          18          17   2.5638128674793784E-015
          18          18  0.92431601400917218     
          18          19  -1.7563614382840334E-015
          18          20  0.92431601400916874     
          18          21   6.5504072176062548E-016
          18          22  -9.7717775853607931E-016
          18          23  0.92431601400917063     
          19           1   2.1496740018777433E-016
          19           2  -5.4033709898766950E-017
          19           3   8.3884902819661000E-015
          19           4   2.6529930464335456E-015
          19           5  -1.4198928483448946E-015
          19           6   8.5996249749105051E-015
          19           7   3.4448865466648701E-018
          19           8   8.3737083270659888E-017
          19           9  -8.6888994814651048E-016
          19          10  -1.3870343727042416E-015
          19          11   3.3106810087090847E-016
          19          12   7.9794390048252671E-017
          19          13   2.2128106259885305E-016
          19          14   4.8754302599312941E-016
          19          15  -1.2188604911991625E-016
          19          16  -2.8150380482737420E-017
          19          17  -9.5797516542215220E-017
          19          18  -1.7563614382840334E-015
          19          19   5.0020294911239734E-029
          19          20  -1.7563614382840449E-015
          19          21  -8.8409570137338369E-030
          19          22   3.2201221027427442E-029
          19          23  -1.7563614382839843E-015
          20           1 -0.25731702320672489     
          20           2   1.0118131896375404     
          20           3  -5.9755550275275479E-015
          20           4  -8.6538969356208042E-016
          20           5   4.6391285639543676E-015
          20           6  -3.7536619652578329     
          20           7  -7.7912084976255485E-015
          20           8   1.7240147909508812E-016
          20           9  -1.0867582427830179E-015
          20          10  0.68414486781553485     
          20          11   9.3754173946090737E-016
          20          12  -2.5538731844360237E-016
          20          13  -1.9951792251723128E-015
          20          14 -0.20226858578017157     
          20          15  -1.4752746272382502E-015
          20          16  -9.1834602855868087E-016
          20          17   2.4327614062679380E-015
          20          18  0.92431601400916874     
          20          19  -1.7563614382840449E-015
          20          20  0.92431601400916530     
          20          21   6.5504072176064008E-016
          20          22  -9.7717775853609213E-016
          20          23  0.92431601400916719     
          21           1  -7.9303836547374980E-018
          21           2   4.6937463468630170E-016
          21           3  -2.0851371475987203E-015
          21           4  -1.9505715743426108E-015
          21           5   1.5845594338693392E-015
          21           6  -9.1746818948431041E-016
          21           7  -1.0618157060878841E-015
          21           8   1.7886242137228834E-015
          21           9  -1.5515529854550587E-015
          21          10   6.1937654626034428E-016
          21          11  -3.2765005239979918E-016
          21          12  -6.0159327178283046E-016
          21          13   3.6714367746345515E-016
          21          14  -6.3884671984755758E-017
          21          15  -1.9558326560188980E-017
          21          16   2.6081477733507839E-016
          21          17  -2.0130457022285321E-016
          21          18   6.5504072176062548E-016
          21          19  -8.8409570137338369E-030
          21          20   6.5504072176064008E-016
          21          21   2.1197880382263187E-029
          21          22  -1.6175702705516194E-030
          21          23   6.5504072176061414E-016
          22           1  -1.0213583421297578E-015
          22           2  -2.3574407399061861E-015
          22           3   5.8455845380944921E-015
          22           4   5.7960066770804389E-016
          22           5   5.0482227748351465E-016
          22           6   5.2749010883383887E-015
          22           7  -3.4884073005652507E-016
          22           8   1.2932335858703137E-017
          22           9  -1.2307425617629839E-015
          22          10  -5.9978890531428379E-016
          22          11   3.8009160884514056E-016
          22          12   3.3298480584653471E-017
          22          13   4.1827170014219398E-016
          22          14   2.6916433304018220E-016
          22          15  -1.4363260150726665E-016
          22          16  -1.1980714341821854E-017
          22          17  -1.7395797042441157E-016
          22          18  -9.7717775853607931E-016
          22          19   3.2201221027427442E-029
          22          20  -9.7717775853609213E-016
          22          21  -1.6175702705516194E-030
          22          22   3.5885440237455568E-029
          22          23  -9.7717775853603888E-016
          23           1 -0.25731702320672378     
          23           2   1.0118131896375415     
          23           3   9.1410169315178119E-015
          23           4   1.7571492763097285E-015
          23           5   3.5058322777674164E-015
          23           6  -3.7536619652578422     
          23           7  -1.1168672609617229E-014
          23           8  -3.8698698891961333E-016
          23           9  -1.4984124971207016E-017
          23          10  0.68414486781553618     
          23          11   2.5966083243486396E-015
          23          12   5.5831251685295749E-017
          23          13  -2.4256311762372433E-015
          23          14 -0.20226858578017207     
          23          15  -2.1612331667070146E-015
          23          16  -1.0407065679842968E-015
          23          17   2.6029333295145863E-015
          23          18  0.92431601400917063     
          23          19  -1.7563614382839843E-015
          23          20  0.92431601400916719     
          23          21   6.5504072176061414E-016
          23          22  -9.7717775853603888E-016
          23          23  0.92431601400916907     
