           1           1   2.1842849145491527     
           1           2 -0.69645511039135355     
           1           3  -1.0776187896922663E-013
           1           4  -5.3467172197840171E-014
           1           5  -9.3502449820004686E-015
           1           6  0.81388665165714835     
           1           7   2.1878457437448631E-013
           1           8  -1.6753721093057003E-013
           1           9   4.4498142461798132E-014
           1          10   3.3659796936266424E-002
           1          11  -4.9323819809207722E-013
           1          12   1.6810291277400820E-013
           1          13  -1.5130777004539681E-013
           1          14  -5.9452637680022125E-002
           1          15  -7.5285912794292766E-013
           1          16   2.9003127339806574E-013
           1          17  -1.3702788334824961E-013
           1          18   1.6629175036138651E-002
           1          19  -8.4972784999772366E-014
           1          20   1.2102877623611827E-013
           1          21   2.4728331459762126E-013
           1          22 -0.22259509850664372     
           1          23   7.0988726174630873E-006
           1          24 -0.22254208151424548     
           1          25  -8.4825784068763042E-005
           1          26   9.7075010101640439E-006
           1          27 -0.22264183411869248     
           1          28  -5.7754614915899810E-002
           1          29  -1.7434354688187522E-005
           1          30  -5.7884821091908040E-002
           1          31   2.0832643418553163E-004
           1          32  -2.3840971193511882E-005
           1          33  -5.7639835388228228E-002
           2           1 -0.69645511039135355     
           2           2   2.9156612953424537     
           2           3   2.7398951115354580E-013
           2           4  -1.6802900122281465E-014
           2           5  -1.1650424031199688E-014
           2           6  -1.2456267367347809     
           2           7  -7.1071681760471271E-013
           2           8   7.6990107456317421E-013
           2           9  -2.6959419614740520E-013
           2          10 -0.43780721669189371     
           2          11   1.4569313513716705E-012
           2          12  -6.8071769697833915E-013
           2          13   6.8574446688607261E-013
           2          14  0.13015942229713617     
           2          15   2.3679543177851500E-012
           2          16  -9.8263768973493520E-013
           2          17   5.7675876178377302E-013
           2          18  -8.6060433347868892E-002
           2          19   7.2815936651671023E-013
           2          20  -5.3495997679743738E-013
           2          21  -9.6803007561371622E-013
           2          22 -0.11149943301382442     
           2          23  -2.6712728879863815E-005
           2          24 -0.11169893350100397     
           2          25   3.1919549725387803E-004
           2          26  -3.6528876828102299E-005
           2          27 -0.11132356906975965     
           2          28   8.0569316343843678E-002
           2          29   6.2965699039296965E-005
           2          30   8.1039567352066744E-002
           2          31  -7.5238916373175733E-004
           2          32   8.6103755639984394E-005
           2          33   8.0154780026953726E-002
           3           1  -1.0776187896922663E-013
           3           2   2.7398951115354580E-013
           3           3   2.4337771935630874     
           3           4   1.3828625019421414E-004
           3           5  -1.6524088346479089E-003
           3           6  -3.6095024930146115E-013
           3           7  -1.1877388716644548     
           3           8  -5.0743073876754791E-004
           3           9   6.0633868827332255E-003
           3          10  -2.2926256421082959E-012
           3          11  0.45466914283194071     
           3          12   1.1305617566334221E-003
           3          13  -1.3509298502839976E-002
           3          14   1.5384431362807825E-012
           3          15   2.3524697464954520E-002
           3          16   1.3566756601337817E-003
           3          17  -1.6211176714907065E-002
           3          18   8.9430780213662802E-013
           3          19  -6.6356076405349185E-002
           3          20  -1.3247851059523471E-003
           3          21   1.5830110372837006E-002
           3          22  -1.7562850315357448E-013
           3          23   9.2381522862922951E-014
           3          24  -6.6017661479710660E-013
           3          25   2.0123031895635107E-014
           3          26  -1.2169842336470422E-014
           3          27   3.6136699855163496E-013
           3          28  -8.7273166067116486E-013
           3          29   3.3839132197511563E-014
           3          30  -1.4042794423422612E-012
           3          31   2.4199779583269535E-013
           3          32  -2.9020980180685434E-014
           3          33  -3.1518903022534853E-013
           4           1  -5.3467172197840171E-014
           4           2  -1.6802900122281465E-014
           4           3   1.3828625019421414E-004
           4           4   2.4349697366504288     
           4           5   1.8910241157768791E-004
           4           6   4.3940660499354951E-013
           4           7  -5.0743073871019036E-004
           4           8  -1.1921148166252382     
           4           9  -6.9389672679946040E-004
           4          10   1.5701157559475740E-012
           4          11   1.1305617564697904E-003
           4          12  0.46441880054806339     
           4          13   1.5460102083734890E-003
           4          14   2.8897948818794260E-013
           4          15   1.3566756593571721E-003
           4          16   3.5224300082873417E-002
           4          17   1.8552143712044721E-003
           4          18   5.9868099745086200E-013
           4          19  -1.3247851081971032E-003
           4          20  -7.7780663535577138E-002
           4          21  -1.8116049725720601E-003
           4          22  -1.4911261601092943E-012
           4          23   5.0410915618851780E-013
           4          24   1.4517734593094185E-012
           4          25   7.5340431007926681E-013
           4          26  -2.5213559601584405E-013
           4          27  -7.0600803329903383E-016
           4          28   4.6704257316292462E-013
           4          29   3.2157763238932929E-013
           4          30   1.1628752472999838E-012
           4          31  -1.9170423909268533E-014
           4          32  -2.8357643503427284E-013
           4          33   7.0068383594332827E-013
           5           1  -9.3502449820004686E-015
           5           2  -1.1650424031199688E-014
           5           3  -1.6524088346479089E-003
           5           4   1.8910241157768791E-004
           5           5   2.4327259413331705     
           5           6  -4.1717924073147427E-013
           5           7   6.0633868827412356E-003
           5           8  -6.9389672690586357E-004
           5           9  -1.1838813826172276     
           5          10  -1.0598265001096939E-012
           5          11  -1.3509298502933430E-002
           5          12   1.5460102085770591E-003
           5          13  0.44607461109325386     
           5          14  -8.4073516920461004E-014
           5          15  -1.6211176717122723E-002
           5          16   1.8552143729802660E-003
           5          17   1.3211247598435175E-002
           5          18  -8.8867038625662174E-013
           5          19   1.5830110368037560E-002
           5          20  -1.8116049691123443E-003
           5          21  -5.6285058599308227E-002
           5          22  -2.8192303263692103E-013
           5          23   7.8671377516139033E-013
           5          24   3.2510159181422486E-013
           5          25   5.1281488366518332E-013
           5          26  -4.3522008287250668E-013
           5          27   4.0858055026098571E-013
           5          28  -2.4218597331030896E-013
           5          29   4.5910646962943789E-014
           5          30  -7.4084013218788304E-013
           5          31   5.4462950740379762E-014
           5          32  -1.0727761558123601E-013
           5          33   1.9955018503672800E-013
           6           1  0.81388665165714835     
           6           2  -1.2456267367347809     
           6           3  -3.6095024930146115E-013
           6           4   4.3940660499354951E-013
           6           5  -4.1717924073147427E-013
           6           6   3.6674654108650904     
           6           7   2.5493708626306656E-012
           6           8  -6.8538690461480994E-013
           6           9   5.4875866037743336E-013
           6          10   1.5760518740301286     
           6          11  -6.0938212167493507E-012
           6          12   1.5293410299339250E-012
           6          13  -1.1518497528768631E-012
           6          14 -0.29943306179755214     
           6          15  -9.2483324804795528E-012
           6          16   3.2584002776806695E-012
           6          17  -1.3341029204523193E-012
           6          18  0.29001592282044142     
           6          19  -4.7644851894086880E-013
           6          20   1.3769508195348768E-012
           6          21   2.3585092829658747E-012
           6          22 -0.10939337751500285     
           6          23   6.3952451754374157E-005
           6          24 -0.10891575706586340     
           6          25  -7.6418007712032569E-004
           6          26   8.7453113453301188E-005
           6          27 -0.10981441015275692     
           6          28  -7.2652653424715052E-002
           6          29  -1.8979474427450755E-004
           6          30  -7.4070110411442347E-002
           6          31   2.2678936532460614E-003
           6          32  -2.5953877334925759E-004
           6          33  -7.1403134788124253E-002
           7           1   2.1878457437448631E-013
           7           2  -7.1071681760471271E-013
           7           3  -1.1877388716644548     
           7           4  -5.0743073871019036E-004
           7           5   6.0633868827412356E-003
           7           6   2.5493708626306656E-012
           7           7   3.3424716879695584     
           7           8   1.8618898892825929E-003
           7           9  -2.2248078146131077E-002
           7          10   7.9843398616541806E-012
           7          11  -1.7356215348378730     
           7          12  -4.1475453570014812E-003
           7          13   4.9559812140845816E-002
           7          14  -5.7385787769323873E-012
           7          15 -0.15978038497747502     
           7          16  -4.9690669005611381E-003
           7          17   5.9376329951643325E-002
           7          18  -3.0812250053032259E-012
           7          19  0.21239943742382911     
           7          20   4.8781318856727859E-003
           7          21  -5.8289730023737454E-002
           7          22   3.5888115108684640E-014
           7          23  -5.1278878632472415E-014
           7          24  -6.9457041333032876E-014
           7          25   3.0407255639000259E-013
           7          26  -7.9706722430631360E-014
           7          27  -6.8344367196955462E-014
           7          28   2.8411285546084377E-012
           7          29   5.4507670754797881E-014
           7          30   3.0929560164532988E-012
           7          31  -7.4448859675082081E-013
           7          32   1.0211009081073255E-013
           7          33   2.6416934268124668E-012
           8           1  -1.6753721093057003E-013
           8           2   7.6990107456317421E-013
           8           3  -5.0743073876754791E-004
           8           4  -1.1921148166252382     
           8           5  -6.9389672690586357E-004
           8           6  -6.8538690461480994E-013
           8           7   1.8618898892825929E-003
           8           8   3.3585281210051980     
           8           9   2.5460800876774443E-003
           8          10  -6.6202933543985872E-012
           8          11  -4.1475453566344736E-003
           8          12  -1.7713888402055349     
           8          13  -5.6716472354785170E-003
           8          14  -7.8679808343135357E-013
           8          15  -4.9690668977558257E-003
           8          16 -0.20263226905526066     
           8          17  -6.7950539665379891E-003
           8          18  -1.6516168078982080E-012
           8          19   4.8781318938637035E-003
           8          20  0.25446712259854137     
           8          21   6.6707029999504095E-003
           8          22   2.8004495023513695E-012
           8          23  -1.3933717160871418E-012
           8          24  -2.2497366319286843E-012
           8          25  -1.7223291156346897E-012
           8          26   2.1171233322237622E-013
           8          27  -1.2054504561413170E-012
           8          28  -2.8814875805902864E-012
           8          29  -9.1642955711652613E-013
           8          30  -2.1099186631995601E-012
           8          31  -4.5465461062821934E-013
           8          32   9.4388450225431737E-013
           8          33  -4.2811296983017883E-012
           9           1   4.4498142461798132E-014
           9           2  -2.6959419614740520E-013
           9           3   6.0633868827332255E-003
           9           4  -6.9389672679946040E-004
           9           5  -1.1838813826172276     
           9           6   5.4875866037743336E-013
           9           7  -2.2248078146131077E-002
           9           8   2.5460800876774443E-003
           9           9   3.3283175989383711     
           9          10   3.4303906587354884E-012
           9          11   4.9559812141385759E-002
           9          12  -5.6716472359739116E-003
           9          13  -1.7040918903997322     
           9          14   5.3231889950937110E-015
           9          15   5.9376329959906382E-002
           9          16  -6.7950539727219469E-003
           9          17 -0.12200553291199996     
           9          18   3.2374671492370563E-012
           9          19  -5.8289730005795903E-002
           9          20   6.6707029875468773E-003
           9          21  0.17531587355963707     
           9          22   1.0014400040370491E-012
           9          23  -1.5314605735210184E-012
           9          24  -1.4921218740608406E-012
           9          25  -9.2415647363370458E-013
           9          26   9.5670101888640113E-013
           9          27   5.0658808034176404E-013
           9          28   6.5131784782260059E-013
           9          29   1.5453426701114017E-013
           9          30   8.9406936855273427E-013
           9          31   5.1031546085225046E-014
           9          32   3.9625831009349265E-013
           9          33   9.8589639225062105E-013
          10           1   3.3659796936266424E-002
          10           2 -0.43780721669189371     
          10           3  -2.2926256421082959E-012
          10           4   1.5701157559475740E-012
          10           5  -1.0598265001096939E-012
          10           6   1.5760518740301286     
          10           7   7.9843398616541806E-012
          10           8  -6.6202933543985872E-012
          10           9   3.4303906587354884E-012
          10          10   3.0374213982280285     
          10          11  -1.5636059759542183E-011
          10          12   1.3535375387141001E-011
          10          13  -5.8160456186890650E-012
          10          14 -0.48099908874394148     
          10          15  -1.4698262575563078E-011
          10          16   7.7980391682550591E-012
          10          17  -3.0502602589872262E-012
          10          18  0.51085561735020324     
          10          19  -1.6725374764796329E-012
          10          20   1.1655374886595708E-013
          10          21   4.9689282547035785E-012
          10          22  -2.5024530034295459E-002
          10          23   6.6797925613661146E-004
          10          24  -2.0035815128195116E-002
          10          25  -7.9818118092981460E-003
          10          26   9.1344215384559814E-004
          10          27  -2.9422188886500736E-002
          10          28  -1.0859367649929775E-002
          10          29  -1.6692899315683119E-003
          10          30  -2.3326239066416558E-002
          10          31   1.9946664232933779E-002
          10          32  -2.2827052621932713E-003
          10          33   1.3044602807134407E-004
          11           1  -4.9323819809207722E-013
          11           2   1.4569313513716705E-012
          11           3  0.45466914283194071     
          11           4   1.1305617564697904E-003
          11           5  -1.3509298502933430E-002
          11           6  -6.0938212167493507E-012
          11           7  -1.7356215348378730     
          11           8  -4.1475453566344736E-003
          11           9   4.9559812141385759E-002
          11          10  -1.5636059759542183E-011
          11          11   3.1120372341504021     
          11          12   9.2328306153567543E-003
          11          13 -0.11032485752594631     
          11          14   1.3712698798262873E-011
          11          15  0.41908493711535577     
          11          16   1.1005827165686941E-002
          11          17 -0.13151073195288793     
          11          18   5.7201565885529591E-012
          11          19 -0.45886815705149975     
          11          20  -1.0972626433770651E-002
          11          21  0.13111400994109493     
          11          22   8.2169548170954764E-013
          11          23  -1.0664318633800097E-012
          11          24  -4.8429574267134248E-013
          11          25  -1.2910459038284725E-012
          11          26   9.9633347969756076E-013
          11          27   2.9704107209728109E-013
          11          28  -5.0485348296540934E-012
          11          29   8.2220393816125428E-015
          11          30  -5.1579960293521952E-012
          11          31   1.6064053690754176E-012
          11          32  -1.2387518622694892E-013
          11          33  -5.2643312280765973E-012
          12           1   1.6810291277400820E-013
          12           2  -6.8071769697833915E-013
          12           3   1.1305617566334221E-003
          12           4  0.46441880054806339     
          12           5   1.5460102085770591E-003
          12           6   1.5293410299339250E-012
          12           7  -4.1475453570014812E-003
          12           8  -1.7713888402055349     
          12           9  -5.6716472359739116E-003
          12          10   1.3535375387141001E-011
          12          11   9.2328306153567543E-003
          12          12   3.1916586592180884     
          12          13   1.2625626419191207E-002
          12          14   4.5469212083901653E-014
          12          15   1.1005827159641631E-002
          12          16  0.51399620302354410     
          12          17   1.5050147449773722E-002
          12          18   1.7927665966139112E-012
          12          19  -1.0972626452852208E-002
          12          20 -0.55349310881782432     
          12          21  -1.5004746445227961E-002
          12          22  -9.4096008900574827E-014
          12          23   2.2573867565170553E-013
          12          24   5.2929444451201187E-013
          12          25  -5.3785846744455553E-013
          12          26   1.0441345452010375E-012
          12          27  -3.1125151997303044E-013
          12          28   6.1116903441765818E-012
          12          29   6.9084700687281885E-013
          12          30   2.9831376798534617E-012
          12          31   1.8551266932758352E-012
          12          32  -1.4300915749525766E-012
          12          33   7.9262896264844725E-012
          13           1  -1.5130777004539681E-013
          13           2   6.8574446688607261E-013
          13           3  -1.3509298502839976E-002
          13           4   1.5460102083734890E-003
          13           5  0.44607461109325386     
          13           6  -1.1518497528768631E-012
          13           7   4.9559812140845816E-002
          13           8  -5.6716472354785170E-003
          13           9  -1.7040918903997322     
          13          10  -5.8160456186890650E-012
          13          11 -0.11032485752594631     
          13          12   1.2625626419191207E-002
          13          13   3.0418492455344568     
          13          14   5.1948117556839788E-013
          13          15 -0.13151073196973051     
          13          16   1.5050147461408040E-002
          13          17  0.33541862684325152     
          13          18  -6.8851320712864108E-012
          13          19  0.13111400989951988     
          13          20  -1.5004746418301530E-002
          13          21 -0.37545423903412001     
          13          22  -7.4325366505003403E-013
          13          23   1.1571144869345690E-012
          13          24   1.2683001687810785E-012
          13          25   5.5457575229795259E-013
          13          26  -3.3727040457956214E-013
          13          27  -8.5666664041137082E-013
          13          28  -5.4430235569623647E-013
          13          29  -6.0054529915619511E-013
          13          30  -9.0496281422116062E-013
          13          31   1.9203917317913691E-013
          13          32  -8.1841429762075734E-013
          13          33  -1.8631656334052531E-012
          14           1  -5.9452637680022125E-002
          14           2  0.13015942229713617     
          14           3   1.5384431362807825E-012
          14           4   2.8897948818794260E-013
          14           5  -8.4073516920461004E-014
          14           6 -0.29943306179755214     
          14           7  -5.7385787769323873E-012
          14           8  -7.8679808343135357E-013
          14           9   5.3231889950937110E-015
          14          10 -0.48099908874394148     
          14          11   1.3712698798262873E-011
          14          12   4.5469212083901653E-014
          14          13   5.1948117556839788E-013
          14          14  0.65713719171830820     
          14          15   2.3658342461304170E-011
          14          16  -6.2750924136008508E-012
          14          17   1.2845868141358412E-012
          14          18 -0.65402818816570829     
          14          19  -3.8866058223707436E-012
          14          20  -1.8902488945054925E-012
          14          21  -4.3509473727393193E-012
          14          22   6.7394297615764511E-003
          14          23  -1.2827845224051249E-005
          14          24   6.6436266952966914E-003
          14          25   1.5328236463668979E-004
          14          26  -1.7541701076070827E-005
          14          27   6.8238822109290137E-003
          14          28   2.8518378143596042E-002
          14          29   6.4922846235615137E-005
          14          30   2.9003245859559580E-002
          14          31  -7.7577550870455074E-004
          14          32   8.8780097708381371E-005
          14          33   2.8090956886179127E-002
          15           1  -7.5285912794292766E-013
          15           2   2.3679543177851500E-012
          15           3   2.3524697464954520E-002
          15           4   1.3566756593571721E-003
          15           5  -1.6211176717122723E-002
          15           6  -9.2483324804795528E-012
          15           7 -0.15978038497747502     
          15           8  -4.9690668977558257E-003
          15           9   5.9376329959906382E-002
          15          10  -1.4698262575563078E-011
          15          11  0.41908493711535577     
          15          12   1.1005827159641631E-002
          15          13 -0.13151073196973051     
          15          14   2.3658342461304170E-011
          15          15  0.60841724081665849     
          15          16   1.2823046278550142E-002
          15          17 -0.15322503053481301     
          15          18  -7.0869118176148394E-013
          15          19 -0.55638385813425661     
          15          20  -1.3357589914096035E-002
          15          21  0.15961239446143413     
          15          22   8.0653195780684612E-013
          15          23  -8.6284102284830115E-013
          15          24  -5.4204503100122145E-013
          15          25  -1.3156997490752401E-012
          15          26   7.3347366390482834E-013
          15          27   4.3161471473186851E-013
          15          28  -1.6769631484264445E-012
          15          29   4.1833684702519761E-013
          15          30  -1.3153055300741192E-012
          15          31   2.2287138989690881E-012
          15          32  -4.7139098195079003E-013
          15          33  -1.5127571310294706E-012
          16           1   2.9003127339806574E-013
          16           2  -9.8263768973493520E-013
          16           3   1.3566756601337817E-003
          16           4   3.5224300082873417E-002
          16           5   1.8552143729802660E-003
          16           6   3.2584002776806695E-012
          16           7  -4.9690669005611381E-003
          16           8 -0.20263226905526066     
          16           9  -6.7950539727219469E-003
          16          10   7.7980391682550591E-012
          16          11   1.1005827165686941E-002
          16          12  0.51399620302354410     
          16          13   1.5050147461408040E-002
          16          14  -6.2750924136008508E-012
          16          15   1.2823046278550142E-002
          16          16  0.71899971114994754     
          16          17   1.7535141561597384E-002
          16          18   1.0841028874553149E-012
          16          19  -1.3357589947590048E-002
          16          20 -0.67157608762992682     
          16          21  -1.8266114422832744E-002
          16          22  -1.0560939860963121E-013
          16          23   7.2584213463655900E-013
          16          24   7.0486431873482626E-013
          16          25   2.3027499693627785E-013
          16          26  -5.7978628047980576E-013
          16          27  -7.5251554643097583E-013
          16          28   9.0897950704359533E-013
          16          29  -2.0528135299169334E-013
          16          30   9.3932556257024963E-013
          16          31   1.4877578889427996E-013
          16          32   6.3597408564122278E-013
          16          33   2.9371646468369133E-012
          17           1  -1.3702788334824961E-013
          17           2   5.7675876178377302E-013
          17           3  -1.6211176714907065E-002
          17           4   1.8552143712044721E-003
          17           5   1.3211247598435175E-002
          17           6  -1.3341029204523193E-012
          17           7   5.9376329951643325E-002
          17           8  -6.7950539665379891E-003
          17           9 -0.12200553291199996     
          17          10  -3.0502602589872262E-012
          17          11 -0.13151073195288793     
          17          12   1.5050147449773722E-002
          17          13  0.33541862684325152     
          17          14   1.2845868141358412E-012
          17          15 -0.15322503053481301     
          17          16   1.7535141561597384E-002
          17          17  0.51093642871670630     
          17          18  -6.4252412542711480E-012
          17          19  0.15961239439115518     
          17          20  -1.8266114379599907E-002
          17          21 -0.45483944500980766     
          17          22  -5.4727861124932076E-013
          17          23   1.1362339433495973E-012
          17          24   6.4294994263249269E-013
          17          25   1.5845375704846499E-014
          17          26   6.2645777557731256E-013
          17          27  -7.1350422005739607E-014
          17          28   1.4979815462952508E-012
          17          29  -2.0977000762543026E-012
          17          30  -3.8223163556739975E-013
          17          31   6.8487151759601979E-013
          17          32  -1.9179775879088329E-012
          17          33   2.6741867111328361E-014
          18           1   1.6629175036138651E-002
          18           2  -8.6060433347868892E-002
          18           3   8.9430780213662802E-013
          18           4   5.9868099745086200E-013
          18           5  -8.8867038625662174E-013
          18           6  0.29001592282044142     
          18           7  -3.0812250053032259E-012
          18           8  -1.6516168078982080E-012
          18           9   3.2374671492370563E-012
          18          10  0.51085561735020324     
          18          11   5.7201565885529591E-012
          18          12   1.7927665966139112E-012
          18          13  -6.8851320712864108E-012
          18          14 -0.65402818816570829     
          18          15  -7.0869118176148394E-013
          18          16   1.0841028874553149E-012
          18          17  -6.4252412542711480E-012
          18          18  0.65275210703710018     
          18          19  -1.7038125465022707E-011
          18          20   6.3811021522469703E-012
          18          21   9.7582729007273133E-012
          18          22  -5.0045908943967335E-003
          18          23  -1.9248735851156964E-004
          18          24  -6.4421573204447528E-003
          18          25   2.3000682255161220E-003
          18          26  -2.6322084547515174E-004
          18          27  -3.7373453556074311E-003
          18          28  -2.6513760683421601E-002
          18          29   5.1419429638437444E-004
          18          30  -2.2673568455287355E-002
          18          31  -6.1442059078067341E-003
          18          32   7.0314569686945523E-004
          18          33  -2.9898972234469981E-002
          19           1  -8.4972784999772366E-014
          19           2   7.2815936651671023E-013
          19           3  -6.6356076405349185E-002
          19           4  -1.3247851081971032E-003
          19           5   1.5830110368037560E-002
          19           6  -4.7644851894086880E-013
          19           7  0.21239943742382911     
          19           8   4.8781318938637035E-003
          19           9  -5.8289730005795903E-002
          19          10  -1.6725374764796329E-012
          19          11 -0.45886815705149975     
          19          12  -1.0972626452852208E-002
          19          13  0.13111400989951988     
          19          14  -3.8866058223707436E-012
          19          15 -0.55638385813425661     
          19          16  -1.3357589947590048E-002
          19          17  0.15961239439115518     
          19          18  -1.7038125465022707E-011
          19          19  0.51231311833316806     
          19          20   1.3654300250408103E-002
          19          21 -0.16315784242956036     
          19          22   4.0052421263178360E-013
          19          23  -6.2096484810456792E-013
          19          24  -7.8135204637225985E-013
          19          25  -8.5935648961799129E-013
          19          26   6.7879777593551807E-013
          19          27   2.4603175389900883E-013
          19          28   1.8372591105065223E-012
          19          29   2.8331420739238180E-013
          19          30   2.0480553221795784E-012
          19          31   1.2398221692006110E-012
          19          32  -9.2952454081034920E-013
          19          33   2.5931353807456973E-012
          20           1   1.2102877623611827E-013
          20           2  -5.3495997679743738E-013
          20           3  -1.3247851059523471E-003
          20           4  -7.7780663535577138E-002
          20           5  -1.8116049691123443E-003
          20           6   1.3769508195348768E-012
          20           7   4.8781318856727859E-003
          20           8  0.25446712259854137     
          20           9   6.6707029875468773E-003
          20          10   1.1655374886595708E-013
          20          11  -1.0972626433770651E-002
          20          12 -0.55349310881782432     
          20          13  -1.5004746418301530E-002
          20          14  -1.8902488945054925E-012
          20          15  -1.3357589914096035E-002
          20          16 -0.67157608762992682     
          20          17  -1.8266114379599907E-002
          20          18   6.3811021522469703E-012
          20          19   1.3654300250408103E-002
          20          20  0.63006409691881737     
          20          21   1.8671857100228995E-002
          20          22  -7.3024475249182035E-013
          20          23   1.0971010495147181E-012
          20          24   1.7159832137300618E-012
          20          25   6.0131539917832114E-013
          20          26  -9.5271955591789521E-013
          20          27  -1.0954322491882363E-012
          20          28  -2.2569539057669148E-012
          20          29   4.3754431850057893E-013
          20          30  -2.2298156777469289E-012
          20          31   3.5353406049121256E-013
          20          32   5.1851752530294246E-013
          20          33  -1.2342574990299827E-012
          21           1   2.4728331459762126E-013
          21           2  -9.6803007561371622E-013
          21           3   1.5830110372837006E-002
          21           4  -1.8116049725720601E-003
          21           5  -5.6285058599308227E-002
          21           6   2.3585092829658747E-012
          21           7  -5.8289730023737454E-002
          21           8   6.6707029999504095E-003
          21           9  0.17531587355963707     
          21          10   4.9689282547035785E-012
          21          11  0.13111400994109493     
          21          12  -1.5004746445227961E-002
          21          13 -0.37545423903412001     
          21          14  -4.3509473727393193E-012
          21          15  0.15961239446143413     
          21          16  -1.8266114422832744E-002
          21          17 -0.45483944500980766     
          21          18   9.7582729007273133E-012
          21          19 -0.16315784242956036     
          21          20   1.8671857100228995E-002
          21          21  0.40851311337844853     
          21          22   3.3809141972765220E-013
          21          23   2.5579684294825491E-013
          21          24  -5.3738366315965440E-013
          21          25  -2.4983155612260313E-013
          21          26   1.0685413058770613E-012
          21          27   1.2483396591553550E-013
          21          28  -4.8919381848618941E-013
          21          29  -2.1827962907944494E-012
          21          30  -1.2321296701112175E-012
          21          31  -1.5294261406133006E-013
          21          32  -1.8803588876013604E-012
          21          33   2.0346934247227936E-013
          22           1 -0.22259509850664372     
          22           2 -0.11149943301382442     
          22           3  -1.7562850315357448E-013
          22           4  -1.4911261601092943E-012
          22           5  -2.8192303263692103E-013
          22           6 -0.10939337751500285     
          22           7   3.5888115108684640E-014
          22           8   2.8004495023513695E-012
          22           9   1.0014400040370491E-012
          22          10  -2.5024530034295459E-002
          22          11   8.2169548170954764E-013
          22          12  -9.4096008900574827E-014
          22          13  -7.4325366505003403E-013
          22          14   6.7394297615764511E-003
          22          15   8.0653195780684612E-013
          22          16  -1.0560939860963121E-013
          22          17  -5.4727861124932076E-013
          22          18  -5.0045908943967335E-003
          22          19   4.0052421263178360E-013
          22          20  -7.3024475249182035E-013
          22          21   3.3809141972765220E-013
          22          22   2.2796898939659149     
          22          23   4.5431721175004334E-006
          22          24  -1.0828749944800766     
          22          25  -5.4287221613655030E-005
          22          26   6.2126542281607078E-006
          22          27  -1.0829388346424271     
          22          28 -0.73371883750188915     
          22          29  -4.4388011161918792E-008
          22          30  0.37048840150109685     
          22          31   5.3039237224024216E-007
          22          32  -6.0699067201329367E-008
          22          33  0.37048902522697769     
          23           1   7.0988726174630873E-006
          23           2  -2.6712728879863815E-005
          23           3   9.2381522862922951E-014
          23           4   5.0410915618851780E-013
          23           5   7.8671377516139033E-013
          23           6   6.3952451754374157E-005
          23           7  -5.1278878632472415E-014
          23           8  -1.3933717160871418E-012
          23           9  -1.5314605735210184E-012
          23          10   6.6797925613661146E-004
          23          11  -1.0664318633800097E-012
          23          12   2.2573867565170553E-013
          23          13   1.1571144869345690E-012
          23          14  -1.2827845224051249E-005
          23          15  -8.6284102284830115E-013
          23          16   7.2584213463655900E-013
          23          17   1.1362339433495973E-012
          23          18  -1.9248735851156964E-004
          23          19  -6.2096484810456792E-013
          23          20   1.0971010495147181E-012
          23          21   2.5579684294825491E-013
          23          22   4.5431721175004334E-006
          23          23   2.2417325323740775     
          23          24   4.4437881973207790E-006
          23          25   1.5901087626875677E-007
          23          26  -1.8197627255399769E-008
          23          27   4.6307804533798840E-006
          23          28   3.2946671806212820E-004
          23          29 -0.73613834575785142     
          23          30   3.2972496355178170E-004
          23          31  -4.1318392123554131E-007
          23          32   4.7285838953817318E-008
          23          33   3.2923907099552505E-004
          24           1 -0.22254208151424548     
          24           2 -0.11169893350100397     
          24           3  -6.6017661479710660E-013
          24           4   1.4517734593094185E-012
          24           5   3.2510159181422486E-013
          24           6 -0.10891575706586340     
          24           7  -6.9457041333032876E-014
          24           8  -2.2497366319286843E-012
          24           9  -1.4921218740608406E-012
          24          10  -2.0035815128195116E-002
          24          11  -4.8429574267134248E-013
          24          12   5.2929444451201187E-013
          24          13   1.2683001687810785E-012
          24          14   6.6436266952966914E-003
          24          15  -5.4204503100122145E-013
          24          16   7.0486431873482626E-013
          24          17   6.4294994263249269E-013
          24          18  -6.4421573204447528E-003
          24          19  -7.8135204637225985E-013
          24          20   1.7159832137300618E-012
          24          21  -5.3738366315965440E-013
          24          22  -1.0828749944800766     
          24          23   4.4437881973207790E-006
          24          24   2.2797570118848380     
          24          25  -5.3099668400659142E-005
          24          26   6.0767492866604698E-006
          24          27  -1.0829042502727781     
          24          28  0.37294931170136342     
          24          29   2.1385780821753270E-007
          24          30 -0.73125666163845093     
          24          31  -2.5554206531328389E-006
          24          32   2.9244476840296505E-007
          24          33  0.37294790376809916     
          25           1  -8.4825784068763042E-005
          25           2   3.1919549725387803E-004
          25           3   2.0123031895635107E-014
          25           4   7.5340431007926681E-013
          25           5   5.1281488366518332E-013
          25           6  -7.6418007712032569E-004
          25           7   3.0407255639000259E-013
          25           8  -1.7223291156346897E-012
          25           9  -9.2415647363370458E-013
          25          10  -7.9818118092981460E-003
          25          11  -1.2910459038284725E-012
          25          12  -5.3785846744455553E-013
          25          13   5.5457575229795259E-013
          25          14   1.5328236463668979E-004
          25          15  -1.3156997490752401E-012
          25          16   2.3027499693627785E-013
          25          17   1.5845375704846499E-014
          25          18   2.3000682255161220E-003
          25          19  -8.5935648961799129E-013
          25          20   6.0131539917832114E-013
          25          21  -2.4983155612260313E-013
          25          22  -5.4287221613655030E-005
          25          23   1.5901087626875677E-007
          25          24  -5.3099668400659142E-005
          25          25   2.2417306456272339     
          25          26   2.1744282001522714E-007
          25          27  -5.5334075654952127E-005
          25          28  -3.9368607927590463E-003
          25          29  -4.1318450730715780E-007
          25          30  -3.9399466069138748E-003
          25          31 -0.73613344311615125     
          25          32  -5.6501676150784233E-007
          25          33  -3.9341405812714841E-003
          26           1   9.7075010101640439E-006
          26           2  -3.6528876828102299E-005
          26           3  -1.2169842336470422E-014
          26           4  -2.5213559601584405E-013
          26           5  -4.3522008287250668E-013
          26           6   8.7453113453301188E-005
          26           7  -7.9706722430631360E-014
          26           8   2.1171233322237622E-013
          26           9   9.5670101888640113E-013
          26          10   9.1344215384559814E-004
          26          11   9.9633347969756076E-013
          26          12   1.0441345452010375E-012
          26          13  -3.3727040457956214E-013
          26          14  -1.7541701076070827E-005
          26          15   7.3347366390482834E-013
          26          16  -5.7978628047980576E-013
          26          17   6.2645777557731256E-013
          26          18  -2.6322084547515174E-004
          26          19   6.7879777593551807E-013
          26          20  -9.5271955591789521E-013
          26          21   1.0685413058770613E-012
          26          22   6.2126542281607078E-006
          26          23  -1.8197627255399769E-008
          26          24   6.0767492866604698E-006
          26          25   2.1744282001522714E-007
          26          26   2.2417325207975289     
          26          27   6.3324567453428519E-006
          26          28   4.5053612939319930E-004
          26          29   4.7285087277619887E-008
          26          30   4.5088927222874139E-004
          26          31  -5.6501759093985321E-007
          26          32 -0.73613831567613230     
          26          33   4.5022482686746322E-004
          27           1 -0.22264183411869248     
          27           2 -0.11132356906975965     
          27           3   3.6136699855163496E-013
          27           4  -7.0600803329903383E-016
          27           5   4.0858055026098571E-013
          27           6 -0.10981441015275692     
          27           7  -6.8344367196955462E-014
          27           8  -1.2054504561413170E-012
          27           9   5.0658808034176404E-013
          27          10  -2.9422188886500736E-002
          27          11   2.9704107209728109E-013
          27          12  -3.1125151997303044E-013
          27          13  -8.5666664041137082E-013
          27          14   6.8238822109290137E-003
          27          15   4.3161471473186851E-013
          27          16  -7.5251554643097583E-013
          27          17  -7.1350422005739607E-014
          27          18  -3.7373453556074311E-003
          27          19   2.4603175389900883E-013
          27          20  -1.0954322491882363E-012
          27          21   1.2483396591553550E-013
          27          22  -1.0829388346424271     
          27          23   4.6307804533798840E-006
          27          24  -1.0829042502727781     
          27          25  -5.5334075654952127E-005
          27          26   6.3324567453428519E-006
          27          27   2.2796294970185800     
          27          28  0.36831968026955886     
          27          29  -2.7203536229934616E-007
          27          30  0.36831764860968752     
          27          31   3.2506038585368140E-006
          27          32  -3.7200126120782823E-007
          27          33 -0.73588609928311111     
          28           1  -5.7754614915899810E-002
          28           2   8.0569316343843678E-002
          28           3  -8.7273166067116486E-013
          28           4   4.6704257316292462E-013
          28           5  -2.4218597331030896E-013
          28           6  -7.2652653424715052E-002
          28           7   2.8411285546084377E-012
          28           8  -2.8814875805902864E-012
          28           9   6.5131784782260059E-013
          28          10  -1.0859367649929775E-002
          28          11  -5.0485348296540934E-012
          28          12   6.1116903441765818E-012
          28          13  -5.4430235569623647E-013
          28          14   2.8518378143596042E-002
          28          15  -1.6769631484264445E-012
          28          16   9.0897950704359533E-013
          28          17   1.4979815462952508E-012
          28          18  -2.6513760683421601E-002
          28          19   1.8372591105065223E-012
          28          20  -2.2569539057669148E-012
          28          21  -4.8919381848618941E-013
          28          22 -0.73371883750188915     
          28          23   3.2946671806212820E-004
          28          24  0.37294931170136342     
          28          25  -3.9368607927590463E-003
          28          26   4.5053612939319930E-004
          28          27  0.36831968026955886     
          28          28   2.2467553527976003     
          28          29  -8.2350622749423385E-004
          28          30  -1.1219937132496101     
          28          31   9.8402332321478169E-003
          28          32  -1.1261207341740742E-003
          28          33  -1.1104218910416908     
          29           1  -1.7434354688187522E-005
          29           2   6.2965699039296965E-005
          29           3   3.3839132197511563E-014
          29           4   3.2157763238932929E-013
          29           5   4.5910646962943789E-014
          29           6  -1.8979474427450755E-004
          29           7   5.4507670754797881E-014
          29           8  -9.1642955711652613E-013
          29           9   1.5453426701114017E-013
          29          10  -1.6692899315683119E-003
          29          11   8.2220393816125428E-015
          29          12   6.9084700687281885E-013
          29          13  -6.0054529915619511E-013
          29          14   6.4922846235615137E-005
          29          15   4.1833684702519761E-013
          29          16  -2.0528135299169334E-013
          29          17  -2.0977000762543026E-012
          29          18   5.1419429638437444E-004
          29          19   2.8331420739238180E-013
          29          20   4.3754431850057893E-013
          29          21  -2.1827962907944494E-012
          29          22  -4.4388011161918792E-008
          29          23 -0.73613834575785142     
          29          24   2.1385780821753270E-007
          29          25  -4.1318450730715780E-007
          29          26   4.7285087277619887E-008
          29          27  -2.7203536229934616E-007
          29          28  -8.2350622749423385E-004
          29          29   2.2417324558060656     
          29          30  -8.2417744872074572E-004
          29          31   1.0739309651171840E-006
          29          32  -1.2290127033487810E-007
          29          33  -8.2291453638895680E-004
          30           1  -5.7884821091908040E-002
          30           2   8.1039567352066744E-002
          30           3  -1.4042794423422612E-012
          30           4   1.1628752472999838E-012
          30           5  -7.4084013218788304E-013
          30           6  -7.4070110411442347E-002
          30           7   3.0929560164532988E-012
          30           8  -2.1099186631995601E-012
          30           9   8.9406936855273427E-013
          30          10  -2.3326239066416558E-002
          30          11  -5.1579960293521952E-012
          30          12   2.9831376798534617E-012
          30          13  -9.0496281422116062E-013
          30          14   2.9003245859559580E-002
          30          15  -1.3153055300741192E-012
          30          16   9.3932556257024963E-013
          30          17  -3.8223163556739975E-013
          30          18  -2.2673568455287355E-002
          30          19   2.0480553221795784E-012
          30          20  -2.2298156777469289E-012
          30          21  -1.2321296701112175E-012
          30          22  0.37048840150109685     
          30          23   3.2972496355178170E-004
          30          24 -0.73125666163845093     
          30          25  -3.9399466069138748E-003
          30          26   4.5088927222874139E-004
          30          27  0.36831764860968752     
          30          28  -1.1219937132496101     
          30          29  -8.2417744872074572E-004
          30          30   2.2344498448405630     
          30          31   9.8482537433592383E-003
          30          32  -1.1270386067968616E-003
          30          33  -1.1165677195913035     
          31           1   2.0832643418553163E-004
          31           2  -7.5238916373175733E-004
          31           3   2.4199779583269535E-013
          31           4  -1.9170423909268533E-014
          31           5   5.4462950740379762E-014
          31           6   2.2678936532460614E-003
          31           7  -7.4448859675082081E-013
          31           8  -4.5465461062821934E-013
          31           9   5.1031546085225046E-014
          31          10   1.9946664232933779E-002
          31          11   1.6064053690754176E-012
          31          12   1.8551266932758352E-012
          31          13   1.9203917317913691E-013
          31          14  -7.7577550870455074E-004
          31          15   2.2287138989690881E-012
          31          16   1.4877578889427996E-013
          31          17   6.8487151759601979E-013
          31          18  -6.1442059078067341E-003
          31          19   1.2398221692006110E-012
          31          20   3.5353406049121256E-013
          31          21  -1.5294261406133006E-013
          31          22   5.3039237224024216E-007
          31          23  -4.1318392123554131E-007
          31          24  -2.5554206531328389E-006
          31          25 -0.73613344311615125     
          31          26  -5.6501759093985321E-007
          31          27   3.2506038585368140E-006
          31          28   9.8402332321478169E-003
          31          29   1.0739309651171840E-006
          31          30   9.8482537433592383E-003
          31          31   2.2417197130774023     
          31          32   1.4685677355035924E-006
          31          33   9.8331629789661958E-003
          32           1  -2.3840971193511882E-005
          32           2   8.6103755639984394E-005
          32           3  -2.9020980180685434E-014
          32           4  -2.8357643503427284E-013
          32           5  -1.0727761558123601E-013
          32           6  -2.5953877334925759E-004
          32           7   1.0211009081073255E-013
          32           8   9.4388450225431737E-013
          32           9   3.9625831009349265E-013
          32          10  -2.2827052621932713E-003
          32          11  -1.2387518622694892E-013
          32          12  -1.4300915749525766E-012
          32          13  -8.1841429762075734E-013
          32          14   8.8780097708381371E-005
          32          15  -4.7139098195079003E-013
          32          16   6.3597408564122278E-013
          32          17  -1.9179775879088329E-012
          32          18   7.0314569686945523E-004
          32          19  -9.2952454081034920E-013
          32          20   5.1851752530294246E-013
          32          21  -1.8803588876013604E-012
          32          22  -6.0699067201329367E-008
          32          23   4.7285838953817318E-008
          32          24   2.9244476840296505E-007
          32          25  -5.6501676150784233E-007
          32          26 -0.73613831567613230     
          32          27  -3.7200126120782823E-007
          32          28  -1.1261207341740742E-003
          32          29  -1.2290127033487810E-007
          32          30  -1.1270386067968616E-003
          32          31   1.4685677355035924E-006
          32          32   2.2417323776177458     
          32          33  -1.1253116109780303E-003
          33           1  -5.7639835388228228E-002
          33           2   8.0154780026953726E-002
          33           3  -3.1518903022534853E-013
          33           4   7.0068383594332827E-013
          33           5   1.9955018503672800E-013
          33           6  -7.1403134788124253E-002
          33           7   2.6416934268124668E-012
          33           8  -4.2811296983017883E-012
          33           9   9.8589639225062105E-013
          33          10   1.3044602807134407E-004
          33          11  -5.2643312280765973E-012
          33          12   7.9262896264844725E-012
          33          13  -1.8631656334052531E-012
          33          14   2.8090956886179127E-002
          33          15  -1.5127571310294706E-012
          33          16   2.9371646468369133E-012
          33          17   2.6741867111328361E-014
          33          18  -2.9898972234469981E-002
          33          19   2.5931353807456973E-012
          33          20  -1.2342574990299827E-012
          33          21   2.0346934247227936E-013
          33          22  0.37048902522697769     
          33          23   3.2923907099552505E-004
          33          24  0.37294790376809916     
          33          25  -3.9341405812714841E-003
          33          26   4.5022482686746322E-004
          33          27 -0.73588609928311111     
          33          28  -1.1104218910416908     
          33          29  -8.2291453638895680E-004
          33          30  -1.1165677195913035     
          33          31   9.8331629789661958E-003
          33          32  -1.1253116109780303E-003
          33          33   2.2575946067362391     
