           1           1   2.1834667447744769     
           1           2 -0.69141246423927449     
           1           3   4.7090321854898098E-008
           1           4   5.9531283348035190E-008
           1           5   5.2650695386311000E-008
           1           6  0.49031554332137750     
           1           7   2.8820590119595948E-009
           1           8   3.6344955251291258E-009
           1           9   3.1904380520877367E-009
           1          10   8.3616837279403000E-002
           1          11  -9.6376428775232412E-010
           1          12  -1.1551820971509044E-009
           1          13  -1.0600955183233965E-009
           1          14   1.0728159161296925E-003
           1          15   5.0326390577779493E-010
           1          16   5.4889252024972212E-010
           1          17   7.3367428898223945E-010
           1          18   1.5777590522877805E-002
           1          19  -2.8684896312865952E-010
           1          20  -2.6218111636145897E-010
           1          21  -3.4141282178118860E-010
           1          22 -0.10941952507946695     
           1          23  -1.3484494400868389E-006
           1          24 -0.10941911327944757     
           1          25  -8.1539442985361765E-007
           1          26  -1.8643996715127078E-006
           1          27 -0.10941944150622714     
           1          28  -7.4399409297635444E-002
           1          29   4.4210915068682912E-006
           1          30  -7.4400689589471200E-002
           1          31   2.6831519873255503E-006
           1          32   6.0660870438766477E-006
           1          33  -7.4399670699288142E-002
           1          34   8.6015484284209208E-003
           1          35  -1.3629727261548951E-006
           1          36   8.6016408200710465E-003
           1          37  -8.6671162851412437E-007
           1          38  -1.6649799338375827E-006
           1          39   8.6015830481257043E-003
           2           1 -0.69141246423927449     
           2           2   2.6981097388925956     
           2           3  -1.4032893528530739E-007
           2           4  -1.7734653795483657E-007
           2           5  -1.5687807433903702E-007
           2           6  -1.0878575697800552     
           2           7  -9.3929838928347580E-009
           2           8  -1.1817075474193206E-008
           2           9  -1.0331844789436903E-008
           2          10  0.33283910955708906     
           2          11   3.5091660694606049E-009
           2          12   4.1618406369837340E-009
           2          13   3.7790646090296982E-009
           2          14  -6.4678656567573878E-002
           2          15  -1.8155005064143693E-009
           2          16  -1.9935698142203486E-009
           2          17  -2.6625491645047421E-009
           2          18  -4.4453069537902998E-002
           2          19   1.0401352389761059E-009
           2          20   9.1750054789267835E-010
           2          21   1.2517553370082812E-009
           2          22  -5.4529455673689879E-002
           2          23   5.1004686983333764E-006
           2          24  -5.4531016366654875E-002
           2          25   3.0857961707840455E-006
           2          26   7.0553712840773009E-006
           2          27  -5.4529770967364874E-002
           2          28   4.4604197564103706E-002
           2          29  -1.6924993944881881E-005
           2          30   4.4609094094240700E-002
           2          31  -1.0275917848395882E-005
           2          32  -2.3220489078987905E-005
           2          33   4.4605195059652041E-002
           2          34  -1.2465376436601335E-003
           2          35   6.3334061768247168E-006
           2          36  -1.2471674900263144E-003
           2          37   3.9967188649223926E-006
           2          38   7.8710195921119291E-006
           2          39  -1.2467319927070707E-003
           3           1   4.7090321854898098E-008
           3           2  -1.4032893528530739E-007
           3           3   2.4125943637668859     
           3           4  -2.7493200818858555E-007
           3           5  -1.6258361995571391E-007
           3           6  -1.7433022449473019E-009
           3           7  -1.0877711771398071     
           3           8   8.7476483918995827E-007
           3           9   5.2990641726711564E-007
           3          10  -2.8932231286192721E-008
           3          11  0.33760507134063600     
           3          12  -2.0965006321530118E-006
           3          13  -1.2836588949678911E-006
           3          14  -2.8087989936554777E-008
           3          15   2.6285470002386242E-002
           3          16   3.8513750312591191E-006
           3          17   2.3515590117768975E-006
           3          18   1.1893982159605774E-008
           3          19  -1.1345212492753906E-002
           3          20  -1.9532746653660816E-006
           3          21  -1.1845159776262001E-006
           3          22  -1.3143252530306321E-008
           3          23  -6.1912228275914073E-009
           3          24  -8.8947662024858096E-010
           3          25  -6.3176123470219202E-009
           3          26  -9.8814140955303814E-009
           3          27   9.6739354594955996E-009
           3          28   8.7964930679002106E-009
           3          29   1.0205130905208490E-008
           3          30   2.3777423241689318E-008
           3          31   1.0027490254610949E-008
           3          32   7.5475643119700472E-009
           3          33   5.1908122693152774E-009
           3          34   3.5425850980680948E-009
           3          35  -8.2957630747661697E-009
           3          36   7.1542867327071725E-009
           3          37  -3.3080816065023474E-009
           3          38   3.2658165822211626E-009
           3          39   2.3571938469857306E-008
           4           1   5.9531283348035190E-008
           4           2  -1.7734653795483657E-007
           4           3  -2.7493200818858555E-007
           4           4   2.4125944376708901     
           4           5  -3.6945144039260893E-007
           4           6   2.6409058606332091E-008
           4           7   8.7362612300200555E-007
           4           8  -1.0877714291954108     
           4           9   1.1739129806912110E-006
           4          10  -4.2816226734766231E-008
           4          11  -2.1130601304344192E-006
           4          12  0.33760570713044624     
           4          13  -2.8340289808257114E-006
           4          14  -7.3617111393406222E-008
           4          15   3.8669115797949599E-006
           4          16   2.6284336333627756E-002
           4          17   5.1777731288322248E-006
           4          18   3.4288766702876213E-008
           4          19  -1.9726585919778771E-006
           4          20  -1.1344659615026703E-002
           4          21  -2.6038121577706910E-006
           4          22  -3.1045304640720208E-008
           4          23  -6.9815624060891366E-009
           4          24  -6.6578941247694951E-009
           4          25  -6.1764018921985189E-009
           4          26  -9.9424971620138631E-009
           4          27  -3.6663552908357544E-009
           4          28  -2.1050306307769822E-009
           4          29   1.3645986607627829E-008
           4          30   3.3399159463412752E-008
           4          31   1.0486660894836381E-008
           4          32   1.6254153527453190E-008
           4          33   9.5152398957223760E-009
           4          34   1.9677725836365921E-008
           4          35  -1.4518796078980300E-008
           4          36   1.5591865766835668E-008
           4          37  -1.0771616933922542E-008
           4          38   6.6729128844386730E-009
           4          39   4.3215507098404019E-008
           5           1   5.2650695386311000E-008
           5           2  -1.5687807433903702E-007
           5           3  -1.6258361995571391E-007
           5           4  -3.6945144039260893E-007
           5           5   2.4125943805680663     
           5           6  -8.4506725805711559E-009
           5           7   5.2789697672767213E-007
           5           8   1.1808582018615622E-006
           5           9  -1.0877712322505855     
           5          10  -3.1293491282398662E-008
           5          11  -1.2951020216089556E-006
           5          12  -2.8313436509790041E-006
           5          13  0.33760521278516520     
           5          14  -2.2252820038628984E-008
           5          15   2.3621702915510597E-006
           5          16   5.1946270062412233E-006
           5          17   2.6285220821410417E-002
           5          18   8.4738878807159377E-009
           5          19  -1.2013817243009521E-006
           5          20  -2.6235446308512807E-006
           5          21  -1.1345074458960422E-002
           5          22  -1.2299755707461226E-008
           5          23  -8.9808141086899341E-009
           5          24   5.7362645694750394E-010
           5          25  -5.6509017788894729E-009
           5          26  -1.1061928548840119E-008
           5          27   1.4848057975550669E-008
           5          28   1.1614449981052920E-008
           5          29   1.0189219359283750E-008
           5          30   2.7971594545027575E-008
           5          31   9.0724785519678441E-009
           5          32   8.7576053493220284E-009
           5          33   5.3744867998859851E-009
           5          34   5.9350255074420763E-010
           5          35  -7.4156521163567041E-009
           5          36   6.7084096214851887E-009
           5          37  -3.2898646559106462E-009
           5          38   3.1218494113433765E-009
           5          39   2.2106305653949180E-008
           6           1  0.49031554332137750     
           6           2  -1.0878575697800552     
           6           3  -1.7433022449473019E-009
           6           4   2.6409058606332091E-008
           6           5  -8.4506725805711559E-009
           6           6   2.7315065313602567     
           6           7  -4.3283016021224000E-009
           6           8  -3.9532676749452700E-009
           6           9  -5.2526329205951160E-009
           6          10 -0.89057628480221462     
           6          11  -7.0308691249096910E-010
           6          12  -6.9809687113689152E-010
           6          13  -7.7512939151162890E-010
           6          14  0.16639372739150754     
           6          15   2.9885636385486532E-009
           6          16   3.0230272966086550E-009
           6          17   5.0083403523595999E-009
           6          18  0.10779666601148927     
           6          19  -1.6905352829067616E-009
           6          20  -1.2670224875130271E-009
           6          21  -2.0312955081640969E-009
           6          22   1.6075358259317392E-002
           6          23  -1.1152154830469474E-005
           6          24   1.6078940683808093E-002
           6          25  -6.7145097432531452E-006
           6          26  -1.5524614672936155E-005
           6          27   1.6076083635332982E-002
           6          28  -5.7350277288455875E-002
           6          29   4.3043467597103264E-005
           6          30  -5.7362785958610690E-002
           6          31   2.6108636417897882E-005
           6          32   5.9087134437335042E-005
           6          33  -5.7352833220810556E-002
           6          34  -6.1988526213317685E-004
           6          35  -1.1296756082157693E-005
           6          36  -6.1953555231487488E-004
           6          37  -7.2474393304241522E-006
           6          38  -1.3521497192686092E-005
           6          39  -6.1966855765207890E-004
           7           1   2.8820590119595948E-009
           7           2  -9.3929838928347580E-009
           7           3  -1.0877711771398071     
           7           4   8.7362612300200555E-007
           7           5   5.2789697672767213E-007
           7           6  -4.3283016021224000E-009
           7           7   2.8934123475623297     
           7           8  -2.7783194904921621E-006
           7           9  -1.7026162260374730E-006
           7          10  -2.3205330252306873E-008
           7          11  -1.1238776787556626     
           7          12   6.6823596039989083E-006
           7          13   4.0941078431211648E-006
           7          14  -1.1240990307521670E-009
           7          15  -5.8203103727738112E-002
           7          16  -1.2158908985078293E-005
           7          17  -7.4530572416722715E-006
           7          18   1.4346897510421008E-010
           7          19   2.2163561720769526E-002
           7          20   6.1451914410634477E-006
           7          21   3.7664464288396281E-006
           7          22  -2.1748930196525828E-009
           7          23  -7.6625830432269814E-009
           7          24   4.6542189491639290E-009
           7          25   8.9000742597239084E-009
           7          26   3.2381028417459848E-009
           7          27   7.9506194187936748E-009
           7          28   4.2650084563732040E-009
           7          29  -4.7568920486413545E-009
           7          30   1.4799152180689250E-008
           7          31  -5.9962526212720619E-009
           7          32   1.6175273015076139E-009
           7          33   1.0888190903275553E-008
           7          34   1.3005289852167776E-009
           7          35   8.6951388628606192E-010
           7          36   7.6045442410908322E-010
           7          37  -1.5399792434122789E-009
           7          38   5.9008243871609038E-010
           7          39  -1.1570679367781240E-009
           8           1   3.6344955251291258E-009
           8           2  -1.1817075474193206E-008
           8           3   8.7476483918995827E-007
           8           4  -1.0877714291954108     
           8           5   1.1808582018615622E-006
           8           6  -3.9532676749452700E-009
           8           7  -2.7783194904921621E-006
           8           8   2.8934131713844362     
           8           9  -3.7515412853576530E-006
           8          10  -2.8187350770445716E-008
           8          11   6.6816754515446946E-006
           8          12  -1.1238796528724750     
           8          13   9.0195000265453034E-006
           8          14  -2.5078545393773234E-009
           8          15  -1.2160901855673327E-005
           8          16  -5.8199529348640006E-002
           8          17  -1.6403451768448963E-005
           8          18   1.4053416824893993E-009
           8          19   6.1455386201232270E-006
           8          20   2.2161789367072381E-002
           8          21   8.2687295150612876E-006
           8          22  -9.7521977340205001E-011
           8          23  -1.5091373442463058E-009
           8          24   8.2688509603552250E-009
           8          25  -5.2249842569518091E-012
           8          26   3.3431562636486165E-009
           8          27   2.9709458706501433E-009
           8          28   1.4108569641972108E-008
           8          29  -3.0592661233863546E-009
           8          30   5.0039613369519196E-009
           8          31   2.6779289082544785E-009
           8          32  -5.6818647602603482E-009
           8          33   1.6616916224556874E-008
           8          34  -3.6766712586079408E-010
           8          35  -3.1545889937057348E-010
           8          36   2.4098236913556669E-011
           8          37   8.4568012321071306E-010
           8          38  -7.6987585829716185E-011
           8          39   2.1248073321468287E-009
           9           1   3.1904380520877367E-009
           9           2  -1.0331844789436903E-008
           9           3   5.2990641726711564E-007
           9           4   1.1739129806912110E-006
           9           5  -1.0877712322505855     
           9           6  -5.2526329205951160E-009
           9           7  -1.7026162260374730E-006
           9           8  -3.7515412853576530E-006
           9           9   2.8934125185187654     
           9          10  -2.2551343711690808E-008
           9          11   4.0932684607736026E-006
           9          12   9.0195017222520108E-006
           9          13  -1.1238780887426079     
           9          14   1.0620214927891892E-009
           9          15  -7.4491674967732170E-006
           9          16  -1.6400185515766823E-005
           9          17  -5.8202358554357764E-002
           9          18  -6.0512331550405249E-010
           9          19   3.7639806097635309E-006
           9          20   8.2666291813803361E-006
           9          21   2.2163187019341647E-002
           9          22  -3.7029757161014952E-009
           9          23  -8.4853772288267173E-009
           9          24   4.1135110483399760E-009
           9          25   8.7243828708663569E-009
           9          26   3.9488273417991369E-009
           9          27   1.1391352293038396E-008
           9          28   9.6770735627823102E-009
           9          29  -1.6258479873944837E-009
           9          30   1.1549801091361972E-008
           9          31   8.0486013161249597E-011
           9          32  -4.3312832887087234E-009
           9          33   7.4100141779281836E-009
           9          34  -9.7350734480881079E-010
           9          35  -1.7546663430193215E-009
           9          36   3.0758774765854407E-010
           9          37   1.4632626397583040E-009
           9          38   1.0824644377590374E-009
           9          39   1.3856698529769163E-009
          10           1   8.3616837279403000E-002
          10           2  0.33283910955708906     
          10           3  -2.8932231286192721E-008
          10           4  -4.2816226734766231E-008
          10           5  -3.1293491282398662E-008
          10           6 -0.89057628480221462     
          10           7  -2.3205330252306873E-008
          10           8  -2.8187350770445716E-008
          10           9  -2.2551343711690808E-008
          10          10   2.7464341740331806     
          10          11   2.2642762605385366E-008
          10          12   2.4777977502648228E-008
          10          13   2.0882371658840302E-008
          10          14 -0.43484038046642626     
          10          15  -5.0345187317928834E-009
          10          16  -4.4510926541251309E-009
          10          17  -1.0340622397426037E-008
          10          18 -0.28896736780217380     
          10          19   3.1188124698363017E-009
          10          20   1.4987994437275044E-009
          10          21   4.1770835509469987E-009
          10          22  -4.3219072745503476E-002
          10          23   2.3816944685413761E-005
          10          24  -4.3227200077653065E-002
          10          25   1.4320301210874661E-005
          10          26   3.3525743656896630E-005
          10          27  -4.3220676426262566E-002
          10          28  -4.3512511513147570E-002
          10          29  -1.0293281819407884E-004
          10          30  -4.3482285971959078E-002
          10          31  -6.2419746889027920E-005
          10          32  -1.4151113913438390E-004
          10          33  -4.3506383843857424E-002
          10          34  -6.1238630481363077E-003
          10          35   3.5972953510162402E-005
          10          36  -6.1264353664939172E-003
          10          37   2.2843197264122298E-005
          10          38   4.4037926821448390E-005
          10          39  -6.1248048305967053E-003
          11           1  -9.6376428775232412E-010
          11           2   3.5091660694606049E-009
          11           3  0.33760507134063600     
          11           4  -2.1130601304344192E-006
          11           5  -1.2951020216089556E-006
          11           6  -7.0308691249096910E-010
          11           7  -1.1238776787556626     
          11           8   6.6816754515446946E-006
          11           9   4.0932684607736026E-006
          11          10   2.2642762605385366E-008
          11          11   2.3887942949397187     
          11          12  -1.5966659595387816E-005
          11          13  -9.7826280026261038E-006
          11          14   1.3221534146812032E-009
          11          15  0.12905204557416833     
          11          16   2.6803612848409987E-005
          11          17   1.6430770548583223E-005
          11          18  -4.8149384147693502E-010
          11          19  -5.0991177359560116E-002
          11          20  -1.3618916806963189E-005
          11          21  -8.3469607564847699E-006
          11          22  -6.7585520788386874E-009
          11          23  -5.7773533631289804E-009
          11          24   1.2918990198489451E-009
          11          25  -9.9202787070959499E-010
          11          26   1.7137684688040612E-009
          11          27   1.2897345561107327E-009
          11          28  -1.3676472962501714E-009
          11          29   6.5675739508972928E-009
          11          30  -1.7397667288521836E-008
          11          31   1.4116728573357607E-008
          11          32  -2.3572504921555622E-009
          11          33  -9.0457496703679156E-009
          11          34  -2.9124787777344464E-009
          11          35  -1.6198572566461385E-009
          11          36  -3.2077442263463887E-009
          11          37   4.0753973670971832E-009
          11          38  -1.4213749910570813E-009
          11          39   3.7440624568499244E-009
          12           1  -1.1551820971509044E-009
          12           2   4.1618406369837340E-009
          12           3  -2.0965006321530118E-006
          12           4  0.33760570713044624     
          12           5  -2.8313436509790041E-006
          12           6  -6.9809687113689152E-010
          12           7   6.6823596039989083E-006
          12           8  -1.1238796528724750     
          12           9   9.0195017222520108E-006
          12          10   2.4777977502648228E-008
          12          11  -1.5966659595387816E-005
          12          12   2.3887990001161024     
          12          13  -2.1543320486839595E-005
          12          14   6.3674993866885302E-010
          12          15   2.6809133725242319E-005
          12          16  0.12904420277324880     
          12          17   3.6136558405955659E-005
          12          18  -1.7996044190014703E-009
          12          19  -1.3621434900979196E-005
          12          20  -5.0987266996537106E-002
          12          21  -1.8313017778636591E-005
          12          22   8.6619832554703786E-010
          12          23  -1.1877237845274990E-009
          12          24  -8.3234487153387809E-009
          12          25   2.8652559939510479E-009
          12          26  -5.5134069687249886E-009
          12          27   2.7212377774553398E-009
          12          28  -1.5090994496763284E-008
          12          29   5.1822939161545271E-009
          12          30   4.3660674124678891E-009
          12          31  -5.2711040287541867E-009
          12          32   1.2589855429135428E-008
          12          33  -1.9534589471362596E-008
          12          34   5.5393783167437517E-010
          12          35  -3.6807778393149057E-010
          12          36   1.6325155899483441E-009
          12          37  -3.6186206046804636E-009
          12          38   1.8832971754985805E-009
          12          39  -3.1909684191951849E-009
          13           1  -1.0600955183233965E-009
          13           2   3.7790646090296982E-009
          13           3  -1.2836588949678911E-006
          13           4  -2.8340289808257114E-006
          13           5  0.33760521278516520     
          13           6  -7.7512939151162890E-010
          13           7   4.0941078431211648E-006
          13           8   9.0195000265453034E-006
          13           9  -1.1238780887426079     
          13          10   2.0882371658840302E-008
          13          11  -9.7826280026261038E-006
          13          12  -2.1543320486839595E-005
          13          13   2.3887952736123825     
          13          14  -3.3939250289508009E-009
          13          15   1.6424002123017369E-005
          13          16   3.6131320517938196E-005
          13          17  0.12905040752697608     
          13          18   9.0468531562426330E-010
          13          19  -8.3436338790469314E-006
          13          20  -1.8310419885791032E-005
          13          21  -5.0990348121655579E-002
          13          22   2.4119916914649976E-009
          13          23   3.4401233134713602E-009
          13          24  -1.8494478069679900E-009
          13          25  -3.8532502885051411E-009
          13          26  -4.6168548614202095E-009
          13          27  -5.1108477768247779E-009
          13          28  -7.7542456753864998E-009
          13          29   4.2758549076053415E-009
          13          30  -9.8586655290576754E-009
          13          31  -1.1551384876821488E-009
          13          32   7.4677183030846018E-009
          13          33  -6.3139372927229838E-009
          13          34   1.2377096808094433E-009
          13          35   3.8522541506392521E-009
          13          36  -1.4054846356437788E-009
          13          37  -4.0753979176583742E-009
          13          38  -1.2611219991354167E-009
          13          39  -2.4789190870236530E-009
          14           1   1.0728159161296925E-003
          14           2  -6.4678656567573878E-002
          14           3  -2.8087989936554777E-008
          14           4  -7.3617111393406222E-008
          14           5  -2.2252820038628984E-008
          14           6  0.16639372739150754     
          14           7  -1.1240990307521670E-009
          14           8  -2.5078545393773234E-009
          14           9   1.0620214927891892E-009
          14          10 -0.43484038046642626     
          14          11   1.3221534146812032E-009
          14          12   6.3674993866885302E-010
          14          13  -3.3939250289508009E-009
          14          14  0.84128800723092012     
          14          15   4.7261983815547615E-009
          14          16   3.1932963613878735E-009
          14          17   1.3396062381463800E-008
          14          18  0.52024894721654202     
          14          19  -3.1337400917906415E-009
          14          20   3.5975585656621774E-010
          14          21  -4.9783271355971966E-009
          14          22   4.8524090726881726E-003
          14          23  -1.4360176561965980E-005
          14          24   4.8596073785146807E-003
          14          25  -8.2990544256344735E-006
          14          26  -2.1803130130779722E-005
          14          27   4.8537222691794023E-003
          14          28   1.0645629950579893E-002
          14          29   4.9347921284869289E-005
          14          30   1.0624118591231567E-002
          14          31   2.8942052618948405E-005
          14          32   7.2633250216130592E-005
          14          33   1.0641610542837692E-002
          14          34   1.3715834778115100E-002
          14          35  -6.2488321619151479E-005
          14          36   1.3720318774911325E-002
          14          37  -3.9681929649754328E-005
          14          38  -7.6459630707142079E-005
          14          39   1.3717446274609156E-002
          15           1   5.0326390577779493E-010
          15           2  -1.8155005064143693E-009
          15           3   2.6285470002386242E-002
          15           4   3.8669115797949599E-006
          15           5   2.3621702915510597E-006
          15           6   2.9885636385486532E-009
          15           7  -5.8203103727738112E-002
          15           8  -1.2160901855673327E-005
          15           9  -7.4491674967732170E-006
          15          10  -5.0345187317928834E-009
          15          11  0.12905204557416833     
          15          12   2.6809133725242319E-005
          15          13   1.6424002123017369E-005
          15          14   4.7261983815547615E-009
          15          15   7.0831620594362637E-003
          15          16   4.0544934455760270E-006
          15          17   2.4803221351143322E-006
          15          18   2.6761832870291073E-009
          15          19  -2.8128969409048120E-003
          15          20  -1.8257615552652273E-006
          15          21  -1.1166440246782664E-006
          15          22  -2.0957039006947504E-009
          15          23  -2.4018681457892341E-009
          15          24  -2.4972052040894689E-009
          15          25   6.5428602546045790E-009
          15          26  -6.0847264460460339E-010
          15          27   4.6245895837508847E-009
          15          28   6.7886040791024266E-009
          15          29   7.7708310201868412E-009
          15          30   7.6080221402002083E-009
          15          31  -1.7371750371959300E-008
          15          32   3.2546480600244665E-009
          15          33  -1.5157869709199088E-008
          15          34   5.6462879958336151E-009
          15          35   6.1632437742888437E-009
          15          36   6.9957731055731408E-009
          15          37  -1.5296948789861732E-008
          15          38   2.7551159153568085E-009
          15          39  -1.2200403595428409E-008
          16           1   5.4889252024972212E-010
          16           2  -1.9935698142203486E-009
          16           3   3.8513750312591191E-006
          16           4   2.6284336333627756E-002
          16           5   5.1946270062412233E-006
          16           6   3.0230272966086550E-009
          16           7  -1.2158908985078293E-005
          16           8  -5.8199529348640006E-002
          16           9  -1.6400185515766823E-005
          16          10  -4.4510926541251309E-009
          16          11   2.6803612848409987E-005
          16          12  0.12904420277324880     
          16          13   3.6131320517938196E-005
          16          14   3.1932963613878735E-009
          16          15   4.0544934455760270E-006
          16          16   7.0819562809526044E-003
          16          17   5.4758155799253479E-006
          16          18   7.3556358320173511E-009
          16          19  -1.8258277733709697E-006
          16          20  -2.8123580791407730E-003
          16          21  -2.4630541711169152E-006
          16          22   6.7618561607293242E-009
          16          23   9.2991765691301203E-009
          16          24   4.0470631297422219E-009
          16          25  -1.3739677513088901E-008
          16          26   1.0550833492167355E-010
          16          27  -1.0988886510788579E-008
          16          28   3.3777255822120471E-009
          16          29   7.8564725027336775E-009
          16          30  -1.4596627697286678E-008
          16          31   9.3270299050857655E-009
          16          32  -1.0738012172741261E-008
          16          33   9.1477784168386154E-009
          16          34   2.4872649472168928E-009
          16          35   5.4347369139223745E-009
          16          36  -1.3092494012543614E-008
          16          37   8.7127787962350599E-009
          16          38  -9.3897307916648834E-009
          16          39   8.6882875193608128E-009
          17           1   7.3367428898223945E-010
          17           2  -2.6625491645047421E-009
          17           3   2.3515590117768975E-006
          17           4   5.1777731288322248E-006
          17           5   2.6285220821410417E-002
          17           6   5.0083403523595999E-009
          17           7  -7.4530572416722715E-006
          17           8  -1.6403451768448963E-005
          17           9  -5.8202358554357764E-002
          17          10  -1.0340622397426037E-008
          17          11   1.6430770548583223E-005
          17          12   3.6136558405955659E-005
          17          13  0.12905040752697608     
          17          14   1.3396062381463800E-008
          17          15   2.4803221351143322E-006
          17          16   5.4758155799253479E-006
          17          17   7.0829101356878650E-003
          17          18   2.7002073125660490E-009
          17          19  -1.1166631328823749E-006
          17          20  -2.4630796732409542E-006
          17          21  -2.8127834882338979E-003
          17          22   2.1673152324976805E-009
          17          23   3.2171133404286837E-009
          17          24  -1.6449696458762973E-009
          17          25  -1.3661473712172831E-009
          17          26  -1.1294567791233739E-009
          17          27  -3.1112686035837229E-010
          17          28  -1.1805292535175428E-008
          17          29  -1.4832681129306077E-008
          17          30  -2.1540928286532200E-009
          17          31   1.9810153905321373E-008
          17          32   2.9307659805531014E-009
          17          33   1.4977240971636251E-008
          17          34  -8.9808703596756114E-009
          17          35  -1.2528151587368166E-008
          17          36  -8.2742411715976801E-010
          17          37   1.6294196351569578E-008
          17          38   2.1209388722407145E-009
          17          39   1.3261944443881421E-008
          18           1   1.5777590522877805E-002
          18           2  -4.4453069537902998E-002
          18           3   1.1893982159605774E-008
          18           4   3.4288766702876213E-008
          18           5   8.4738878807159377E-009
          18           6  0.10779666601148927     
          18           7   1.4346897510421008E-010
          18           8   1.4053416824893993E-009
          18           9  -6.0512331550405249E-010
          18          10 -0.28896736780217380     
          18          11  -4.8149384147693502E-010
          18          12  -1.7996044190014703E-009
          18          13   9.0468531562426330E-010
          18          14  0.52024894721654202     
          18          15   2.6761832870291073E-009
          18          16   7.3556358320173511E-009
          18          17   2.7002073125660490E-009
          18          18  0.34627322957525486     
          18          19  -2.2142410603492834E-009
          18          20   6.0820546554143694E-010
          18          21  -5.1406507695051710E-009
          18          22   2.4217494348863951E-003
          18          23   3.4034866532134194E-005
          18          24   2.4141622996049434E-003
          18          25   2.0761540557580732E-005
          18          26   4.5087284118282690E-005
          18          27   2.4199465511286294E-003
          18          28   4.7152514847508958E-003
          18          29  -7.7815265144476808E-005
          18          30   4.7323584193409741E-003
          18          31  -4.7445853145962992E-005
          18          32  -1.0285465577906057E-004
          18          33   4.7193762658472522E-003
          18          34   4.7048306953832286E-003
          18          35  -1.8208326152076236E-004
          18          36   4.7475221898562259E-003
          18          37  -1.1113843217846345E-004
          18          38  -2.4270477335399667E-004
          18          39   4.7145061375258295E-003
          19           1  -2.8684896312865952E-010
          19           2   1.0401352389761059E-009
          19           3  -1.1345212492753906E-002
          19           4  -1.9726585919778771E-006
          19           5  -1.2013817243009521E-006
          19           6  -1.6905352829067616E-009
          19           7   2.2163561720769526E-002
          19           8   6.1455386201232270E-006
          19           9   3.7639806097635309E-006
          19          10   3.1188124698363017E-009
          19          11  -5.0991177359560116E-002
          19          12  -1.3621434900979196E-005
          19          13  -8.3436338790469314E-006
          19          14  -3.1337400917906415E-009
          19          15  -2.8128969409048120E-003
          19          16  -1.8258277733709697E-006
          19          17  -1.1166631328823749E-006
          19          18  -2.2142410603492834E-009
          19          19   1.1189917722922347E-003
          19          20   8.0959805053980506E-007
          19          21   4.9506905466047300E-007
          19          22   7.0201171422817095E-009
          19          23   9.4423006373577654E-009
          19          24  -3.8105172549940204E-009
          19          25  -6.3655162610334051E-009
          19          26  -5.1743101719299470E-009
          19          27  -3.2644233285157058E-009
          19          28  -6.2340099058836782E-009
          19          29  -8.8884937479250383E-009
          19          30   7.1058451061174493E-009
          19          31   1.0327609397443459E-009
          19          32   6.7385828002571872E-009
          19          33  -6.0758042321005986E-010
          19          34  -5.6046049381370283E-009
          19          35  -7.8828401152133740E-009
          19          36   6.0029847147953893E-009
          19          37   1.5201586779948842E-009
          19          38   5.9573857086485386E-009
          19          39  -4.9425826165084696E-010
          20           1  -2.6218111636145897E-010
          20           2   9.1750054789267835E-010
          20           3  -1.9532746653660816E-006
          20           4  -1.1344659615026703E-002
          20           5  -2.6235446308512807E-006
          20           6  -1.2670224875130271E-009
          20           7   6.1451914410634477E-006
          20           8   2.2161789367072381E-002
          20           9   8.2666291813803361E-006
          20          10   1.4987994437275044E-009
          20          11  -1.3618916806963189E-005
          20          12  -5.0987266996537106E-002
          20          13  -1.8310419885791032E-005
          20          14   3.5975585656621774E-010
          20          15  -1.8257615552652273E-006
          20          16  -2.8123580791407730E-003
          20          17  -2.4630796732409542E-006
          20          18   6.0820546554143694E-010
          20          19   8.0959805053980506E-007
          20          20   1.1187543806439736E-003
          20          21   1.0911369544085276E-006
          20          22  -3.8721053246281450E-010
          20          23  -1.2585646231469687E-009
          20          24   6.4390957397561237E-010
          20          25  -2.3730563194281074E-010
          20          26   7.5602851578518964E-010
          20          27  -1.7426534714588632E-010
          20          28  -6.4831423907597043E-009
          20          29  -8.6876041119209474E-009
          20          30  -3.5224389050485415E-010
          20          31   9.6623427289616388E-009
          20          32   1.8957318411716012E-009
          20          33   7.0777202900346449E-009
          20          34  -5.6489670859031509E-009
          20          35  -6.9353653699893038E-009
          20          36  -2.7897378757356865E-010
          20          37   8.0237675138084419E-009
          20          38   1.7060577219417368E-009
          20          39   5.4931746999691894E-009
          21           1  -3.4141282178118860E-010
          21           2   1.2517553370082812E-009
          21           3  -1.1845159776262001E-006
          21           4  -2.6038121577706910E-006
          21           5  -1.1345074458960422E-002
          21           6  -2.0312955081640969E-009
          21           7   3.7664464288396281E-006
          21           8   8.2687295150612876E-006
          21           9   2.2163187019341647E-002
          21          10   4.1770835509469987E-009
          21          11  -8.3469607564847699E-006
          21          12  -1.8313017778636591E-005
          21          13  -5.0990348121655579E-002
          21          14  -4.9783271355971966E-009
          21          15  -1.1166440246782664E-006
          21          16  -2.4630541711169152E-006
          21          17  -2.8127834882338979E-003
          21          18  -5.1406507695051710E-009
          21          19   4.9506905466047300E-007
          21          20   1.0911369544085276E-006
          21          21   1.1189414719689783E-003
          21          22  -1.6747490843263232E-010
          21          23  -5.3873370275340240E-010
          21          24   1.2655024215469827E-009
          21          25  -1.0559790676783130E-009
          21          26   4.8647360814987452E-010
          21          27  -1.1904013506773591E-009
          21          28   6.7708564064370075E-009
          21          29   8.0804227729666467E-009
          21          30   1.8752989195458618E-009
          21          31  -1.1182106139407918E-008
          21          32  -1.2479578295629857E-009
          21          33  -8.1746270085883638E-009
          21          34   5.6740680058281585E-009
          21          35   6.7477844771110350E-009
          21          36   1.5678106954265806E-009
          21          37  -9.0832015609377165E-009
          21          38  -9.0508621486847654E-010
          21          39  -6.5988243779182484E-009
          22           1 -0.10941952507946695     
          22           2  -5.4529455673689879E-002
          22           3  -1.3143252530306321E-008
          22           4  -3.1045304640720208E-008
          22           5  -1.2299755707461226E-008
          22           6   1.6075358259317392E-002
          22           7  -2.1748930196525828E-009
          22           8  -9.7521977340205001E-011
          22           9  -3.7029757161014952E-009
          22          10  -4.3219072745503476E-002
          22          11  -6.7585520788386874E-009
          22          12   8.6619832554703786E-010
          22          13   2.4119916914649976E-009
          22          14   4.8524090726881726E-003
          22          15  -2.0957039006947504E-009
          22          16   6.7618561607293242E-009
          22          17   2.1673152324976805E-009
          22          18   2.4217494348863951E-003
          22          19   7.0201171422817095E-009
          22          20  -3.8721053246281450E-010
          22          21  -1.6747490843263232E-010
          22          22   1.9394430143639887     
          22          23   1.9754226746512369E-002
          22          24 -0.95786554762876142     
          22          25  -1.1214216864492928E-002
          22          26  -1.0922138756269947E-002
          22          27 -0.95473471065125459     
          22          28  0.10347731467650056     
          22          29  -5.1950603718571749E-002
          22          30  -4.2531605638794205E-002
          22          31   2.9490959310572034E-002
          22          32   2.8718199019006949E-002
          22          33  -5.0766655447000077E-002
          22          34  -6.5697156388022232E-002
          22          35  -4.3377216376686005E-002
          22          36   3.5619390324968282E-002
          22          37   2.4622030812353410E-002
          22          38   2.3979345985747271E-002
          22          39   2.8751535837424225E-002
          23           1  -1.3484494400868389E-006
          23           2   5.1004686983333764E-006
          23           3  -6.1912228275914073E-009
          23           4  -6.9815624060891366E-009
          23           5  -8.9808141086899341E-009
          23           6  -1.1152154830469474E-005
          23           7  -7.6625830432269814E-009
          23           8  -1.5091373442463058E-009
          23           9  -8.4853772288267173E-009
          23          10   2.3816944685413761E-005
          23          11  -5.7773533631289804E-009
          23          12  -1.1877237845274990E-009
          23          13   3.4401233134713602E-009
          23          14  -1.4360176561965980E-005
          23          15  -2.4018681457892341E-009
          23          16   9.2991765691301203E-009
          23          17   3.2171133404286837E-009
          23          18   3.4034866532134194E-005
          23          19   9.4423006373577654E-009
          23          20  -1.2585646231469687E-009
          23          21  -5.3873370275340240E-010
          23          22   1.9754226746512369E-002
          23          23   1.9428814047916003     
          23          24  -1.4534088482192974E-002
          23          25  -1.2426607967295240E-002
          23          26  -1.6462873155562434E-002
          23          27  -5.2237583335408583E-003
          23          28  -5.1950641215243724E-002
          23          29   6.7510654601111386E-002
          23          30   3.8220416605373952E-002
          23          31   3.2681814122751680E-002
          23          32   4.3295134158722666E-002
          23          33   1.3731929183648709E-002
          23          34  -4.3393695307844635E-002
          23          35  -9.2446670534212808E-002
          23          36   3.1906202928720741E-002
          23          37   2.7287594273718428E-002
          23          38   3.6158066701333265E-002
          23          39   1.1466210011315224E-002
          24           1 -0.10941911327944757     
          24           2  -5.4531016366654875E-002
          24           3  -8.8947662024858096E-010
          24           4  -6.6578941247694951E-009
          24           5   5.7362645694750394E-010
          24           6   1.6078940683808093E-002
          24           7   4.6542189491639290E-009
          24           8   8.2688509603552250E-009
          24           9   4.1135110483399760E-009
          24          10  -4.3227200077653065E-002
          24          11   1.2918990198489451E-009
          24          12  -8.3234487153387809E-009
          24          13  -1.8494478069679900E-009
          24          14   4.8596073785146807E-003
          24          15  -2.4972052040894689E-009
          24          16   4.0470631297422219E-009
          24          17  -1.6449696458762973E-009
          24          18   2.4141622996049434E-003
          24          19  -3.8105172549940204E-009
          24          20   6.4390957397561237E-010
          24          21   1.2655024215469827E-009
          24          22 -0.95786554762876142     
          24          23  -1.4534088482192974E-002
          24          24   1.9499638364732033     
          24          25  -1.4331402501037205E-002
          24          26   1.9961175650704748E-002
          24          27 -0.96525462993940625     
          24          28  -4.2531722115646986E-002
          24          29   3.8221123250463590E-002
          24          30   7.5810794530828798E-002
          24          31   3.7686136202873782E-002
          24          32  -5.2495620111083441E-002
          24          33  -2.3099561592790092E-002
          24          34   3.5630853232154980E-002
          24          35   3.1913278034470985E-002
          24          36  -8.8795249791823655E-002
          24          37   3.1470202158737103E-002
          24          38  -4.3833399480461464E-002
          24          39   5.1844277275767202E-002
          25           1  -8.1539442985361765E-007
          25           2   3.0857961707840455E-006
          25           3  -6.3176123470219202E-009
          25           4  -6.1764018921985189E-009
          25           5  -5.6509017788894729E-009
          25           6  -6.7145097432531452E-006
          25           7   8.9000742597239084E-009
          25           8  -5.2249842569518091E-012
          25           9   8.7243828708663569E-009
          25          10   1.4320301210874661E-005
          25          11  -9.9202787070959499E-010
          25          12   2.8652559939510479E-009
          25          13  -3.8532502885051411E-009
          25          14  -8.2990544256344735E-006
          25          15   6.5428602546045790E-009
          25          16  -1.3739677513088901E-008
          25          17  -1.3661473712172831E-009
          25          18   2.0761540557580732E-005
          25          19  -6.3655162610334051E-009
          25          20  -2.3730563194281074E-010
          25          21  -1.0559790676783130E-009
          25          22  -1.1214216864492928E-002
          25          23  -1.2426607967295240E-002
          25          24  -1.4331402501037205E-002
          25          25   1.9470844320474865     
          25          26  -5.8925844559200788E-003
          25          27   2.5543399481848039E-002
          25          28   2.9490401384955831E-002
          25          29   3.2681596519068039E-002
          25          30   3.7685643418177393E-002
          25          31   5.6456051265550221E-002
          25          32   1.5498333578254125E-002
          25          33  -6.7174877774509076E-002
          25          34   2.4619981949384834E-002
          25          35   2.7290706955823394E-002
          25          36   3.1467787212372984E-002
          25          37 -0.10167971253575399     
          25          38   1.2935705552592247E-002
          25          39  -5.6100599434897744E-002
          26           1  -1.8643996715127078E-006
          26           2   7.0553712840773009E-006
          26           3  -9.8814140955303814E-009
          26           4  -9.9424971620138631E-009
          26           5  -1.1061928548840119E-008
          26           6  -1.5524614672936155E-005
          26           7   3.2381028417459848E-009
          26           8   3.3431562636486165E-009
          26           9   3.9488273417991369E-009
          26          10   3.3525743656896630E-005
          26          11   1.7137684688040612E-009
          26          12  -5.5134069687249886E-009
          26          13  -4.6168548614202095E-009
          26          14  -2.1803130130779722E-005
          26          15  -6.0847264460460339E-010
          26          16   1.0550833492167355E-010
          26          17  -1.1294567791233739E-009
          26          18   4.5087284118282690E-005
          26          19  -5.1743101719299470E-009
          26          20   7.5602851578518964E-010
          26          21   4.8647360814987452E-010
          26          22  -1.0922138756269947E-002
          26          23  -1.6462873155562434E-002
          26          24   1.9961175650704748E-002
          26          25  -5.8925844559200788E-003
          26          26   1.9330213859100396     
          26          27  -9.0439230527338058E-003
          26          28   2.8716813844437628E-002
          26          29   4.3295595150873341E-002
          26          30  -5.2496624994124115E-002
          26          31   1.5497605169019437E-002
          26          32   9.3440032895809905E-002
          26          33   2.3781514027912485E-002
          26          34   2.3972822841298570E-002
          26          35   3.6151335883072747E-002
          26          36  -4.3845606782006670E-002
          26          37   1.2946525092676355E-002
          26          38  -7.0798901719118831E-002
          26          39   1.9843697529107307E-002
          27           1 -0.10941944150622714     
          27           2  -5.4529770967364874E-002
          27           3   9.6739354594955996E-009
          27           4  -3.6663552908357544E-009
          27           5   1.4848057975550669E-008
          27           6   1.6076083635332982E-002
          27           7   7.9506194187936748E-009
          27           8   2.9709458706501433E-009
          27           9   1.1391352293038396E-008
          27          10  -4.3220676426262566E-002
          27          11   1.2897345561107327E-009
          27          12   2.7212377774553398E-009
          27          13  -5.1108477768247779E-009
          27          14   4.8537222691794023E-003
          27          15   4.6245895837508847E-009
          27          16  -1.0988886510788579E-008
          27          17  -3.1112686035837229E-010
          27          18   2.4199465511286294E-003
          27          19  -3.2644233285157058E-009
          27          20  -1.7426534714588632E-010
          27          21  -1.1904013506773591E-009
          27          22 -0.95473471065125459     
          27          23  -5.2237583335408583E-003
          27          24 -0.96525462993940625     
          27          25   2.5543399481848039E-002
          27          26  -9.0439230527338058E-003
          27          27   1.9468322825315643     
          27          28  -5.0765916706493115E-002
          27          29   1.3733322368446547E-002
          27          30  -2.3100606661136208E-002
          27          31  -6.7174762600739360E-002
          27          32   2.3782677437322833E-002
          27          33   8.4045667762306597E-002
          27          34   2.8742546764617682E-002
          27          35   1.1463234864930163E-002
          27          36   5.1852089009001942E-002
          27          37  -5.6092689582933487E-002
          27          38   1.9853235284595625E-002
          27          39  -8.1919561716593689E-002
          28           1  -7.4399409297635444E-002
          28           2   4.4604197564103706E-002
          28           3   8.7964930679002106E-009
          28           4  -2.1050306307769822E-009
          28           5   1.1614449981052920E-008
          28           6  -5.7350277288455875E-002
          28           7   4.2650084563732040E-009
          28           8   1.4108569641972108E-008
          28           9   9.6770735627823102E-009
          28          10  -4.3512511513147570E-002
          28          11  -1.3676472962501714E-009
          28          12  -1.5090994496763284E-008
          28          13  -7.7542456753864998E-009
          28          14   1.0645629950579893E-002
          28          15   6.7886040791024266E-009
          28          16   3.3777255822120471E-009
          28          17  -1.1805292535175428E-008
          28          18   4.7152514847508958E-003
          28          19  -6.2340099058836782E-009
          28          20  -6.4831423907597043E-009
          28          21   6.7708564064370075E-009
          28          22  0.10347731467650056     
          28          23  -5.1950641215243724E-002
          28          24  -4.2531722115646986E-002
          28          25   2.9490401384955831E-002
          28          26   2.8716813844437628E-002
          28          27  -5.0765916706493115E-002
          28          28  0.11529960499816855     
          28          29  0.13591936790305290     
          28          30  -6.1425943412604607E-002
          28          31  -7.7147221077912678E-002
          28          32  -7.5103721935571938E-002
          28          33  -3.9879770774673522E-002
          28          34   8.4016313838786064E-002
          28          35  0.11631316383597981     
          28          36  -5.0777514654375869E-002
          28          37  -6.6011781052500454E-002
          28          38  -6.4282393490976100E-002
          28          39  -3.2362428568730256E-002
          29           1   4.4210915068682912E-006
          29           2  -1.6924993944881881E-005
          29           3   1.0205130905208490E-008
          29           4   1.3645986607627829E-008
          29           5   1.0189219359283750E-008
          29           6   4.3043467597103264E-005
          29           7  -4.7568920486413545E-009
          29           8  -3.0592661233863546E-009
          29           9  -1.6258479873944837E-009
          29          10  -1.0293281819407884E-004
          29          11   6.5675739508972928E-009
          29          12   5.1822939161545271E-009
          29          13   4.2758549076053415E-009
          29          14   4.9347921284869289E-005
          29          15   7.7708310201868412E-009
          29          16   7.8564725027336775E-009
          29          17  -1.4832681129306077E-008
          29          18  -7.7815265144476808E-005
          29          19  -8.8884937479250383E-009
          29          20  -8.6876041119209474E-009
          29          21   8.0804227729666467E-009
          29          22  -5.1950603718571749E-002
          29          23   6.7510654601111386E-002
          29          24   3.8221123250463590E-002
          29          25   3.2681596519068039E-002
          29          26   4.3295595150873341E-002
          29          27   1.3733322368446547E-002
          29          28  0.13591936790305290     
          29          29  0.19585447275911366     
          29          30  -9.9982710412084466E-002
          29          31  -8.5507981322725024E-002
          29          32 -0.11326992322889753     
          29          33  -3.5907468027742591E-002
          29          34  0.11634859449777989     
          29          35  0.15663096420065201     
          29          36  -8.5548676198303891E-002
          29          37  -7.3163365029126126E-002
          29          38  -9.6948044316221768E-002
          29          39  -3.0745891967564699E-002
          30           1  -7.4400689589471200E-002
          30           2   4.4609094094240700E-002
          30           3   2.3777423241689318E-008
          30           4   3.3399159463412752E-008
          30           5   2.7971594545027575E-008
          30           6  -5.7362785958610690E-002
          30           7   1.4799152180689250E-008
          30           8   5.0039613369519196E-009
          30           9   1.1549801091361972E-008
          30          10  -4.3482285971959078E-002
          30          11  -1.7397667288521836E-008
          30          12   4.3660674124678891E-009
          30          13  -9.8586655290576754E-009
          30          14   1.0624118591231567E-002
          30          15   7.6080221402002083E-009
          30          16  -1.4596627697286678E-008
          30          17  -2.1540928286532200E-009
          30          18   4.7323584193409741E-003
          30          19   7.1058451061174493E-009
          30          20  -3.5224389050485415E-010
          30          21   1.8752989195458618E-009
          30          22  -4.2531605638794205E-002
          30          23   3.8220416605373952E-002
          30          24   7.5810794530828798E-002
          30          25   3.7685643418177393E-002
          30          26  -5.2496624994124115E-002
          30          27  -2.3100606661136208E-002
          30          28  -6.1425943412604607E-002
          30          29  -9.9982710412084466E-002
          30          30  0.18767544628505722     
          30          31  -9.8579637917675642E-002
          30          32  0.13735053928461102     
          30          33 -0.11226389108662352     
          30          34  -5.0806346303092748E-002
          30          35  -8.5557622924691726E-002
          30          36  0.14594519258832067     
          30          37  -8.4373637752309175E-002
          30          38  0.11754082210274598     
          30          39  -9.4278025058859780E-002
          31           1   2.6831519873255503E-006
          31           2  -1.0275917848395882E-005
          31           3   1.0027490254610949E-008
          31           4   1.0486660894836381E-008
          31           5   9.0724785519678441E-009
          31           6   2.6108636417897882E-005
          31           7  -5.9962526212720619E-009
          31           8   2.6779289082544785E-009
          31           9   8.0486013161249597E-011
          31          10  -6.2419746889027920E-005
          31          11   1.4116728573357607E-008
          31          12  -5.2711040287541867E-009
          31          13  -1.1551384876821488E-009
          31          14   2.8942052618948405E-005
          31          15  -1.7371750371959300E-008
          31          16   9.3270299050857655E-009
          31          17   1.9810153905321373E-008
          31          18  -4.7445853145962992E-005
          31          19   1.0327609397443459E-009
          31          20   9.6623427289616388E-009
          31          21  -1.1182106139407918E-008
          31          22   2.9490959310572034E-002
          31          23   3.2681814122751680E-002
          31          24   3.7686136202873782E-002
          31          25   5.6456051265550221E-002
          31          26   1.5497605169019437E-002
          31          27  -6.7174762600739360E-002
          31          28  -7.7147221077912678E-002
          31          29  -8.5507981322725024E-002
          31          30  -9.8579637917675642E-002
          31          31  0.22477284487418148     
          31          32  -4.0550641389525410E-002
          31          33  0.17574450520464999     
          31          34  -6.6012608033227962E-002
          31          35  -7.3172104248577161E-002
          31          36  -8.4373403470446473E-002
          31          37  0.18138685714174735     
          31          38  -3.4682181428223095E-002
          31          39  0.15041860389175649     
          32           1   6.0660870438766477E-006
          32           2  -2.3220489078987905E-005
          32           3   7.5475643119700472E-009
          32           4   1.6254153527453190E-008
          32           5   8.7576053493220284E-009
          32           6   5.9087134437335042E-005
          32           7   1.6175273015076139E-009
          32           8  -5.6818647602603482E-009
          32           9  -4.3312832887087234E-009
          32          10  -1.4151113913438390E-004
          32          11  -2.3572504921555622E-009
          32          12   1.2589855429135428E-008
          32          13   7.4677183030846018E-009
          32          14   7.2633250216130592E-005
          32          15   3.2546480600244665E-009
          32          16  -1.0738012172741261E-008
          32          17   2.9307659805531014E-009
          32          18  -1.0285465577906057E-004
          32          19   6.7385828002571872E-009
          32          20   1.8957318411716012E-009
          32          21  -1.2479578295629857E-009
          32          22   2.8718199019006949E-002
          32          23   4.3295134158722666E-002
          32          24  -5.2495620111083441E-002
          32          25   1.5498333578254125E-002
          32          26   9.3440032895809905E-002
          32          27   2.3782677437322833E-002
          32          28  -7.5103721935571938E-002
          32          29 -0.11326992322889753     
          32          30  0.13735053928461102     
          32          31  -4.0550641389525410E-002
          32          32  0.12801833200781698     
          32          33  -6.2206938700441160E-002
          32          34  -6.4279194589074856E-002
          32          35  -9.6929076563568889E-002
          32          36  0.11755998075897495     
          32          37  -3.4712641925892615E-002
          32          38   9.8587644411401387E-002
          32          39  -5.3206856878774404E-002
          33           1  -7.4399670699288142E-002
          33           2   4.4605195059652041E-002
          33           3   5.1908122693152774E-009
          33           4   9.5152398957223760E-009
          33           5   5.3744867998859851E-009
          33           6  -5.7352833220810556E-002
          33           7   1.0888190903275553E-008
          33           8   1.6616916224556874E-008
          33           9   7.4100141779281836E-009
          33          10  -4.3506383843857424E-002
          33          11  -9.0457496703679156E-009
          33          12  -1.9534589471362596E-008
          33          13  -6.3139372927229838E-009
          33          14   1.0641610542837692E-002
          33          15  -1.5157869709199088E-008
          33          16   9.1477784168386154E-009
          33          17   1.4977240971636251E-008
          33          18   4.7193762658472522E-003
          33          19  -6.0758042321005986E-010
          33          20   7.0777202900346449E-009
          33          21  -8.1746270085883638E-009
          33          22  -5.0766655447000077E-002
          33          23   1.3731929183648709E-002
          33          24  -2.3099561592790092E-002
          33          25  -6.7174877774509076E-002
          33          26   2.3781514027912485E-002
          33          27   8.4045667762306597E-002
          33          28  -3.9879770774673522E-002
          33          29  -3.5907468027742591E-002
          33          30 -0.11226389108662352     
          33          31  0.17574450520464999     
          33          32  -6.2206938700441160E-002
          33          33  0.16613580451532187     
          33          34  -3.2336407549629520E-002
          33          35  -3.0726503646142139E-002
          33          36  -9.4302714311041397E-002
          33          37  0.15040289228569975     
          33          38  -5.3218529983703834E-002
          33          39  0.12751219015939441     
          34           1   8.6015484284209208E-003
          34           2  -1.2465376436601335E-003
          34           3   3.5425850980680948E-009
          34           4   1.9677725836365921E-008
          34           5   5.9350255074420763E-010
          34           6  -6.1988526213317685E-004
          34           7   1.3005289852167776E-009
          34           8  -3.6766712586079408E-010
          34           9  -9.7350734480881079E-010
          34          10  -6.1238630481363077E-003
          34          11  -2.9124787777344464E-009
          34          12   5.5393783167437517E-010
          34          13   1.2377096808094433E-009
          34          14   1.3715834778115100E-002
          34          15   5.6462879958336151E-009
          34          16   2.4872649472168928E-009
          34          17  -8.9808703596756114E-009
          34          18   4.7048306953832286E-003
          34          19  -5.6046049381370283E-009
          34          20  -5.6489670859031509E-009
          34          21   5.6740680058281585E-009
          34          22  -6.5697156388022232E-002
          34          23  -4.3393695307844635E-002
          34          24   3.5630853232154980E-002
          34          25   2.4619981949384834E-002
          34          26   2.3972822841298570E-002
          34          27   2.8742546764617682E-002
          34          28   8.4016313838786064E-002
          34          29  0.11634859449777989     
          34          30  -5.0806346303092748E-002
          34          31  -6.6012608033227962E-002
          34          32  -6.4279194589074856E-002
          34          33  -3.2336407549629520E-002
          34          34   7.5046335563102626E-002
          34          35   9.9406828262814995E-002
          34          36  -4.4083651129648363E-002
          34          37  -5.6388585587911162E-002
          34          38  -5.4919692379069254E-002
          34          39  -2.8322517486981561E-002
          35           1  -1.3629727261548951E-006
          35           2   6.3334061768247168E-006
          35           3  -8.2957630747661697E-009
          35           4  -1.4518796078980300E-008
          35           5  -7.4156521163567041E-009
          35           6  -1.1296756082157693E-005
          35           7   8.6951388628606192E-010
          35           8  -3.1545889937057348E-010
          35           9  -1.7546663430193215E-009
          35          10   3.5972953510162402E-005
          35          11  -1.6198572566461385E-009
          35          12  -3.6807778393149057E-010
          35          13   3.8522541506392521E-009
          35          14  -6.2488321619151479E-005
          35          15   6.1632437742888437E-009
          35          16   5.4347369139223745E-009
          35          17  -1.2528151587368166E-008
          35          18  -1.8208326152076236E-004
          35          19  -7.8828401152133740E-009
          35          20  -6.9353653699893038E-009
          35          21   6.7477844771110350E-009
          35          22  -4.3377216376686005E-002
          35          23  -9.2446670534212808E-002
          35          24   3.1913278034470985E-002
          35          25   2.7290706955823394E-002
          35          26   3.6151335883072747E-002
          35          27   1.1463234864930163E-002
          35          28  0.11631316383597981     
          35          29  0.15663096420065201     
          35          30  -8.5557622924691726E-002
          35          31  -7.3172104248577161E-002
          35          32  -9.6929076563568889E-002
          35          33  -3.0726503646142139E-002
          35          34   9.9406828262814995E-002
          35          35  0.13643569745484302     
          35          36  -7.3080928411891941E-002
          35          37  -6.2505909595439432E-002
          35          38  -8.2825607723063119E-002
          35          39  -2.6260967297068463E-002
          36           1   8.6016408200710465E-003
          36           2  -1.2471674900263144E-003
          36           3   7.1542867327071725E-009
          36           4   1.5591865766835668E-008
          36           5   6.7084096214851887E-009
          36           6  -6.1953555231487488E-004
          36           7   7.6045442410908322E-010
          36           8   2.4098236913556669E-011
          36           9   3.0758774765854407E-010
          36          10  -6.1264353664939172E-003
          36          11  -3.2077442263463887E-009
          36          12   1.6325155899483441E-009
          36          13  -1.4054846356437788E-009
          36          14   1.3720318774911325E-002
          36          15   6.9957731055731408E-009
          36          16  -1.3092494012543614E-008
          36          17  -8.2742411715976801E-010
          36          18   4.7475221898562259E-003
          36          19   6.0029847147953893E-009
          36          20  -2.7897378757356865E-010
          36          21   1.5678106954265806E-009
          36          22   3.5619390324968282E-002
          36          23   3.1906202928720741E-002
          36          24  -8.8795249791823655E-002
          36          25   3.1467787212372984E-002
          36          26  -4.3845606782006670E-002
          36          27   5.1852089009001942E-002
          36          28  -5.0777514654375869E-002
          36          29  -8.5548676198303891E-002
          36          30  0.14594519258832067     
          36          31  -8.4373403470446473E-002
          36          32  0.11755998075897495     
          36          33  -9.4302714311041397E-002
          36          34  -4.4083651129648363E-002
          36          35  -7.3080928411891941E-002
          36          36  0.12794648311336726     
          36          37  -7.2092667366901717E-002
          36          38  0.10044602079938209     
          36          39  -8.1241394570931755E-002
          37           1  -8.6671162851412437E-007
          37           2   3.9967188649223926E-006
          37           3  -3.3080816065023474E-009
          37           4  -1.0771616933922542E-008
          37           5  -3.2898646559106462E-009
          37           6  -7.2474393304241522E-006
          37           7  -1.5399792434122789E-009
          37           8   8.4568012321071306E-010
          37           9   1.4632626397583040E-009
          37          10   2.2843197264122298E-005
          37          11   4.0753973670971832E-009
          37          12  -3.6186206046804636E-009
          37          13  -4.0753979176583742E-009
          37          14  -3.9681929649754328E-005
          37          15  -1.5296948789861732E-008
          37          16   8.7127787962350599E-009
          37          17   1.6294196351569578E-008
          37          18  -1.1113843217846345E-004
          37          19   1.5201586779948842E-009
          37          20   8.0237675138084419E-009
          37          21  -9.0832015609377165E-009
          37          22   2.4622030812353410E-002
          37          23   2.7287594273718428E-002
          37          24   3.1470202158737103E-002
          37          25 -0.10167971253575399     
          37          26   1.2946525092676355E-002
          37          27  -5.6092689582933487E-002
          37          28  -6.6011781052500454E-002
          37          29  -7.3163365029126126E-002
          37          30  -8.4373637752309175E-002
          37          31  0.18138685714174735     
          37          32  -3.4712641925892615E-002
          37          33  0.15040289228569975     
          37          34  -5.6388585587911162E-002
          37          35  -6.2505909595439432E-002
          37          36  -7.2092667366901717E-002
          37          37  0.15759327096613915     
          37          38  -2.9640514346897046E-002
          37          39  0.12852039187606532     
          38           1  -1.6649799338375827E-006
          38           2   7.8710195921119291E-006
          38           3   3.2658165822211626E-009
          38           4   6.6729128844386730E-009
          38           5   3.1218494113433765E-009
          38           6  -1.3521497192686092E-005
          38           7   5.9008243871609038E-010
          38           8  -7.6987585829716185E-011
          38           9   1.0824644377590374E-009
          38          10   4.4037926821448390E-005
          38          11  -1.4213749910570813E-009
          38          12   1.8832971754985805E-009
          38          13  -1.2611219991354167E-009
          38          14  -7.6459630707142079E-005
          38          15   2.7551159153568085E-009
          38          16  -9.3897307916648834E-009
          38          17   2.1209388722407145E-009
          38          18  -2.4270477335399667E-004
          38          19   5.9573857086485386E-009
          38          20   1.7060577219417368E-009
          38          21  -9.0508621486847654E-010
          38          22   2.3979345985747271E-002
          38          23   3.6158066701333265E-002
          38          24  -4.3833399480461464E-002
          38          25   1.2935705552592247E-002
          38          26  -7.0798901719118831E-002
          38          27   1.9853235284595625E-002
          38          28  -6.4282393490976100E-002
          38          29  -9.6948044316221768E-002
          38          30  0.11754082210274598     
          38          31  -3.4682181428223095E-002
          38          32   9.8587644411401387E-002
          38          33  -5.3218529983703834E-002
          38          34  -5.4919692379069254E-002
          38          35  -8.2825607723063119E-002
          38          36  0.10044602079938209     
          38          37  -2.9640514346897046E-002
          38          38   8.6853183233298936E-002
          38          39  -4.5437453505067560E-002
          39           1   8.6015830481257043E-003
          39           2  -1.2467319927070707E-003
          39           3   2.3571938469857306E-008
          39           4   4.3215507098404019E-008
          39           5   2.2106305653949180E-008
          39           6  -6.1966855765207890E-004
          39           7  -1.1570679367781240E-009
          39           8   2.1248073321468287E-009
          39           9   1.3856698529769163E-009
          39          10  -6.1248048305967053E-003
          39          11   3.7440624568499244E-009
          39          12  -3.1909684191951849E-009
          39          13  -2.4789190870236530E-009
          39          14   1.3717446274609156E-002
          39          15  -1.2200403595428409E-008
          39          16   8.6882875193608128E-009
          39          17   1.3261944443881421E-008
          39          18   4.7145061375258295E-003
          39          19  -4.9425826165084696E-010
          39          20   5.4931746999691894E-009
          39          21  -6.5988243779182484E-009
          39          22   2.8751535837424225E-002
          39          23   1.1466210011315224E-002
          39          24   5.1844277275767202E-002
          39          25  -5.6100599434897744E-002
          39          26   1.9843697529107307E-002
          39          27  -8.1919561716593689E-002
          39          28  -3.2362428568730256E-002
          39          29  -3.0745891967564699E-002
          39          30  -9.4278025058859780E-002
          39          31  0.15041860389175649     
          39          32  -5.3206856878774404E-002
          39          33  0.12751219015939441     
          39          34  -2.8322517486981561E-002
          39          35  -2.6260967297068463E-002
          39          36  -8.1241394570931755E-002
          39          37  0.12852039187606532     
          39          38  -4.5437453505067560E-002
          39          39  0.11220007669315531     
