 BLYP BASIS=6-31G CUTOFF=1.0d-10 DENSERMS=1.0d-8 ENERGY

 O         -1.99300       -0.47400        1.20050
 O         -2.78260       -2.51680       -0.22180
 O         -3.62200        1.84210        0.55790
 N          3.17770       -0.01010        0.44740
 C          0.36990       -0.71490        0.66160
 C          1.29130       -1.30460       -0.41700
 C          2.34410       -0.20230       -0.76400
 C         -0.93770       -1.47500        0.98480
 C          1.19880       -0.39070        1.92010
 C         -0.25160        0.53020        0.12050
 C          1.68870        1.10520       -1.32790
 C          2.43150        0.47540        1.61260
 C          0.33840        1.43060       -0.74800
 C         -1.36310       -2.50670       -0.09240
 C          0.50660       -1.81830       -1.59710
 C         -1.56720        0.63060        0.51360
 C         -0.71550       -2.34920       -1.44250
 C          4.37330        0.79160        0.20840
 C         -0.41840        2.54150       -1.12460
 C         -2.33100        1.72170        0.16200
 C         -1.73820        2.69360       -0.65410
 H          1.82780       -2.17590       -0.01180
 H          3.00290       -0.60350       -1.54650
 H         -0.84510       -2.01280        1.93730
 H          1.53660       -1.33350        2.37120
 H          0.58990        0.11740        2.67900
 H          1.54740        0.95960       -2.40750
 H          2.35300        1.96800       -1.21940
 H          2.12710        1.52050        1.47600
 H          3.08010        0.45840        2.49750
 H         -1.07720       -3.50670        0.25930
 H          0.96010       -1.79470       -2.58310
 H         -1.23000       -2.75050       -2.31090
 H          4.15000        1.84790        0.02870
 H          4.93800        0.40550       -0.64720
 H          5.04440        0.73520        1.07300
 H         -0.00620        3.28240       -1.80430
 H         -2.31210        3.56380       -0.96450
 H         -3.15570       -2.64460        0.66720
 H         -3.84830        1.06860        1.10310

