
RADII OF SIGNifIGANCE FOR THE BASIS FUNCTIONS
   1           2.034400
   2           4.731700
   3           4.909900
   4           4.909900
   5           4.909900
   6           8.965900
   7           9.314500
   8           9.314500
   9           9.314500
  10           5.679100
  11           5.679100
  12           5.679100
  13           5.679100
  14           5.679100
  15           5.679100
  16           5.909200
  17          11.497200
  18           4.719500
  19           4.719500
  20           4.719500
  21           5.909200
  22          11.497200
  23           4.719500
  24           4.719500
  25           4.719500
