           1           1   2.1331733692954167     
           1           2 -0.55189102905299769     
           1           3   1.0481825320019211E-011
           1           4  -7.4149028882089215E-012
           1           5  -2.7677129756637658E-012
           1           6   3.1404952618940149E-002
           1           7  -3.9694148654166033E-011
           1           8   2.9034281967691145E-011
           1           9   7.8139403988060746E-012
           1          10   6.5698438151387081E-002
           1          11   1.1885160442672928E-012
           1          12   1.3803269194534045E-012
           1          13   1.4362590154730850E-013
           1          14  -8.5211977304076453E-003
           1          15  -5.3004319943232648E-012
           1          16   2.9881178472736660E-012
           1          17   8.6591762509559899E-013
           1          18   1.2888780733364613E-002
           1          19   1.3895285563409062E-004
           1          20   1.2924877065933090E-002
           1          21  -7.6442901836644341E-005
           1          22  -8.8762833916453728E-005
           1          23   1.2827435701977358E-002
           2           1 -0.55189102905299769     
           2           2   2.2876591703264864     
           2           3  -4.8797117444173227E-011
           2           4   3.6234828159049321E-011
           2           5   1.4049861079761931E-011
           2           6 -0.37267931104940044     
           2           7   1.9248396835873643E-010
           2           8  -1.4300634070122663E-010
           2           9  -3.8902263935248616E-011
           2          10 -0.25341014045862575     
           2          11  -1.1338094901696536E-012
           2          12  -8.2957559801838051E-012
           2          13  -9.0031282525020380E-013
           2          14   1.1635028156223727E-002
           2          15   2.3540976549201509E-011
           2          16  -1.3802559490250908E-011
           2          17  -4.2369708039737013E-012
           2          18   5.0669078022987420E-003
           2          19  -7.0799078926800721E-004
           2          20   4.8829902221595479E-003
           2          21   3.8949089495410143E-004
           2          22   4.5226325203942628E-004
           2          23   5.3794722356003497E-003
           3           1   1.0481825320019211E-011
           3           2  -4.8797117444173227E-011
           3           3   1.9924338649396129     
           3           4   1.6545779296355510E-002
           3           5  -9.1024275965965688E-003
           3           6   2.2296403044052094E-010
           3           7   4.7104518325116959E-003
           3           8  -4.8314186417919749E-002
           3           9   2.6579365664683271E-002
           3          10   1.7234786613229182E-011
           3          11  -5.9417832821517372E-002
           3          12  -3.8116191884169509E-002
           3          13   2.0969083239579158E-002
           3          14   2.5346857000889681E-011
           3          15   9.4265626477523061E-003
           3          16  -5.5625433880377561E-003
           3          17   3.0601553825226847E-003
           3          18   1.4688327556248641E-011
           3          19  -9.4965889673722096E-012
           3          20  -5.4458574548718043E-011
           3          21  -5.2087304214238175E-012
           3          22  -1.5847766112747821E-011
           3          23  -5.7625947775596375E-011
           4           1  -7.4149028882089215E-012
           4           2   3.6234828159049321E-011
           4           3   1.6545779296355510E-002
           4           4   1.9973969592394341     
           4           5  -1.0569422458381989E-002
           4           6  -1.4930237571151171E-010
           4           7  -4.8314185863540575E-002
           4           8  -9.7819432374632656E-003
           4           9   3.0863037227794574E-002
           4          10  -3.6730355796462818E-011
           4          11  -3.8116192303088173E-002
           4          12  -7.0851219843722141E-002
           4          13   2.4348571208598596E-002
           4          14  -1.3454591037839161E-011
           4          15  -5.5625438125715479E-003
           4          16   7.7580138863941137E-003
           4          17   3.5533464286032993E-003
           4          18  -3.6393091951796591E-011
           4          19   1.1895604705630310E-011
           4          20   5.4169283152466175E-011
           4          21   1.7010758962392285E-011
           4          22   1.6133375698711062E-011
           4          23   4.4803927874617251E-011
           5           1  -2.7677129756637658E-012
           5           2   1.4049861079761931E-011
           5           3  -9.1024275965965688E-003
           5           4  -1.0569422458381989E-002
           5           5   1.9839991946481210     
           5           6  -2.7433756947652179E-011
           5           7   2.6579365385471135E-002
           5           8   3.0863037182454145E-002
           5           9   2.9339950519143589E-002
           5          10  -3.3044783999871146E-011
           5          11   2.0969083160330571E-002
           5          12   2.4348570901188166E-002
           5          13  -3.9987042846267612E-002
           5          14   6.9291545823769870E-012
           5          15   3.0601548167701067E-003
           5          16   3.5533454765543171E-003
           5          17   1.2262223150625692E-002
           5          18  -7.2793081019128949E-012
           5          19   3.5016089124304153E-012
           5          20   7.9378415906253086E-012
           5          21   1.1170614948970029E-011
           5          22   7.8000403702665653E-012
           5          23   1.3715449420716852E-011
           6           1   3.1404952618940149E-002
           6           2 -0.37267931104940044     
           6           3   2.2296403044052094E-010
           6           4  -1.4930237571151171E-010
           6           5  -2.7433756947652179E-011
           6           6  0.85879692943749131     
           6           7  -4.3037113123131883E-010
           6           8   3.4049277119741173E-010
           6           9   1.0126067249618080E-010
           6          10  0.56920678617439124     
           6          11  -3.6820822960109420E-011
           6          12   2.1862717668854105E-011
           6          13   3.1378542766918215E-012
           6          14  -2.1270432830330782E-002
           6          15  -3.5040023170508345E-011
           6          16   2.7995596269218555E-011
           6          17   1.0604909215398863E-011
           6          18   4.3843022042287880E-004
           6          19  -1.0685476889472564E-003
           6          20   1.6084854585813810E-004
           6          21   5.8784694396672200E-004
           6          22   6.8258757845454827E-004
           6          23   9.1017277609070375E-004
           7           1  -3.9694148654166033E-011
           7           2   1.9248396835873643E-010
           7           3   4.7104518325116959E-003
           7           4  -4.8314185863540575E-002
           7           5   2.6579365385471135E-002
           7           6  -4.3037113123131883E-010
           7           7  0.11781328034496706     
           7           8  0.13554135483635979     
           7           9  -7.4566156629241653E-002
           7          10  -2.6047911810078419E-010
           7          11  0.10362781844663163     
           7          12  0.12105202437265934     
           7          13  -6.6595057771290211E-002
           7          14   6.1641217616556485E-012
           7          15   1.0810888956921061E-002
           7          16   1.2166686071978648E-002
           7          17  -6.6933324001228790E-003
           7          18   2.9469474001397615E-011
           7          19   1.5441083954181150E-011
           7          20  -2.0557658678866324E-011
           7          21  -2.5247563728269695E-011
           7          22  -6.7312964277363766E-012
           7          23  -2.1929272660021390E-012
           8           1   2.9034281967691145E-011
           8           2  -1.4300634070122663E-010
           8           3  -4.8314186417919749E-002
           8           4  -9.7819432374632656E-003
           8           5   3.0863037182454145E-002
           8           6   3.4049277119741173E-010
           8           7  0.13554135483635979     
           8           8  0.15847046409537333     
           8           9  -8.6583633403347071E-002
           8          10   2.0558958614241219E-010
           8          11  0.12105202619716846     
           8          12  0.13993875986912443     
           8          13  -7.7327870060704879E-002
           8          14   1.1847637049621349E-012
           8          15   1.2166687567885805E-002
           8          16   1.4460424667853664E-002
           8          17  -7.7720652983233182E-003
           8          18   2.4107137140611330E-011
           8          19  -1.9250981212208406E-011
           8          20  -3.9782488221543673E-011
           8          21  -8.0276440405007457E-012
           8          22   1.7085492589214016E-011
           8          23   7.8579002000412253E-012
           9           1   7.8139403988060746E-012
           9           2  -3.8902263935248616E-011
           9           3   2.6579365664683271E-002
           9           4   3.0863037227794574E-002
           9           5   2.9339950519143589E-002
           9           6   1.0126067249618080E-010
           9           7  -7.4566156629241653E-002
           9           8  -8.6583633403347071E-002
           9           9   4.8717306145882350E-002
           9          10   5.9943559298763777E-011
           9          11  -6.6595057716385450E-002
           9          12  -7.7327868831239502E-002
           9          13   4.1918182493514630E-002
           9          14  -2.2951170801036510E-012
           9          15  -6.6933308401818468E-003
           9          16  -7.7720625314137235E-003
           9          17   4.6085826708760786E-003
           9          18  -1.6949887319838098E-011
           9          19  -2.2388008231455170E-012
           9          20   1.6326283012184729E-011
           9          21   1.2083832828437433E-011
           9          22  -6.6345849481652563E-013
           9          23  -7.0626099900754991E-013
          10           1   6.5698438151387081E-002
          10           2 -0.25341014045862575     
          10           3   1.7234786613229182E-011
          10           4  -3.6730355796462818E-011
          10           5  -3.3044783999871146E-011
          10           6  0.56920678617439124     
          10           7  -2.6047911810078419E-010
          10           8   2.0558958614241219E-010
          10           9   5.9943559298763777E-011
          10          10  0.38217653019367820     
          10          11  -1.8103212095621071E-011
          10          12   1.0636659290196309E-011
          10          13   1.0425838637018930E-012
          10          14  -1.5429688264717871E-002
          10          15  -2.3248787288369283E-011
          10          16   1.8271696612962304E-011
          10          17   6.6727207461658917E-012
          10          18   1.2768492128667390E-003
          10          19   1.9339273888021365E-003
          10          20   1.7792335460339349E-003
          10          21  -1.0639225376469748E-003
          10          22  -1.2353897838690573E-003
          10          23   4.2305712993868407E-004
          11           1   1.1885160442672928E-012
          11           2  -1.1338094901696536E-012
          11           3  -5.9417832821517372E-002
          11           4  -3.8116192303088173E-002
          11           5   2.0969083160330571E-002
          11           6  -3.6820822960109420E-011
          11           7  0.10362781844663163     
          11           8  0.12105202619716846     
          11           9  -6.6595057716385450E-002
          11          10  -1.8103212095621071E-011
          11          11   9.3196481375911716E-002
          11          12  0.10780141512164530     
          11          13  -5.9305422637412085E-002
          11          14   1.8536274901295080E-012
          11          15   9.2175854653731310E-003
          11          16   1.0925068515874929E-002
          11          17  -6.0102738358209958E-003
          11          18   2.2163308960697419E-011
          11          19  -9.9552196446773354E-014
          11          20  -2.3243105388252082E-011
          11          21  -1.4359844362589752E-011
          11          22   3.5727169064263968E-012
          11          23   2.8942320721053278E-012
          12           1   1.3803269194534045E-012
          12           2  -8.2957559801838051E-012
          12           3  -3.8116191884169509E-002
          12           4  -7.0851219843722141E-002
          12           5   2.4348570901188166E-002
          12           6   2.1862717668854105E-011
          12           7  0.12105202437265934     
          12           8  0.13993875986912443     
          12           9  -7.7327868831239502E-002
          12          10   1.0636659290196309E-011
          12          11  0.10780141512164530     
          12          12  0.12553274881880633     
          12          13  -6.8863397653318253E-002
          12          14   3.7192549791197132E-012
          12          15   1.0925069685431783E-002
          12          16   1.2494683729817024E-002
          12          17  -6.9789213044100561E-003
          12          18   2.5065263575692037E-011
          12          19  -5.9993805254746423E-012
          12          20  -3.1386793540530236E-011
          12          21  -1.3911979073778626E-011
          12          22   7.2518976456038696E-012
          12          23   2.9524761392480234E-012
          13           1   1.4362590154730850E-013
          13           2  -9.0031282525020380E-013
          13           3   2.0969083239579158E-002
          13           4   2.4348571208598596E-002
          13           5  -3.9987042846267612E-002
          13           6   3.1378542766918215E-012
          13           7  -6.6595057771290211E-002
          13           8  -7.7327870060704879E-002
          13           9   4.1918182493514630E-002
          13          10   1.0425838637018930E-012
          13          11  -5.9305422637412085E-002
          13          12  -6.8863397653318253E-002
          13          13   3.8241711973811356E-002
          13          14  -1.5257532720573806E-012
          13          15  -6.0102724495138321E-003
          13          16  -6.9789189476201219E-003
          13          17   3.6482282582910633E-003
          13          18  -1.3931840685189076E-011
          13          19   1.2318245665225629E-012
          13          20   1.5753829329125722E-011
          13          21   8.4448805741600249E-012
          13          22  -2.9765021582168609E-012
          13          23  -1.7886137118284432E-012
          14           1  -8.5211977304076453E-003
          14           2   1.1635028156223727E-002
          14           3   2.5346857000889681E-011
          14           4  -1.3454591037839161E-011
          14           5   6.9291545823769870E-012
          14           6  -2.1270432830330782E-002
          14           7   6.1641217616556485E-012
          14           8   1.1847637049621349E-012
          14           9  -2.2951170801036510E-012
          14          10  -1.5429688264717871E-002
          14          11   1.8536274901295080E-012
          14          12   3.7192549791197132E-012
          14          13  -1.5257532720573806E-012
          14          14   9.0138607348858144E-004
          14          15   1.0983262458164865E-012
          14          16  -2.5984984473589206E-013
          14          17  -3.2361665004015034E-013
          14          18  -2.6113632485922641E-004
          14          19  -7.5636306595107188E-004
          14          20  -4.5761999852967581E-004
          14          21   4.1610245899320012E-004
          14          22   4.8316371067266996E-004
          14          23   7.2783401344606106E-005
          15           1  -5.3004319943232648E-012
          15           2   2.3540976549201509E-011
          15           3   9.4265626477523061E-003
          15           4  -5.5625438125715479E-003
          15           5   3.0601548167701067E-003
          15           6  -3.5040023170508345E-011
          15           7   1.0810888956921061E-002
          15           8   1.2166687567885805E-002
          15           9  -6.6933308401818468E-003
          15          10  -2.3248787288369283E-011
          15          11   9.2175854653731310E-003
          15          12   1.0925069685431783E-002
          15          13  -6.0102724495138321E-003
          15          14   1.0983262458164865E-012
          15          15   1.0338475104771042E-003
          15          16   1.0818160335962640E-003
          15          17  -5.9514598199641544E-004
          15          18   2.4990493158128248E-012
          15          19   2.7025107722556114E-013
          15          20  -2.6984395575792905E-012
          15          21  -1.7311849338673823E-012
          15          22   3.3656857503620978E-015
          15          23  -2.6937415769211974E-013
          16           1   2.9881178472736660E-012
          16           2  -1.3802559490250908E-011
          16           3  -5.5625433880377561E-003
          16           4   7.7580138863941137E-003
          16           5   3.5533454765543171E-003
          16           6   2.7995596269218555E-011
          16           7   1.2166686071978648E-002
          16           8   1.4460424667853664E-002
          16           9  -7.7720625314137235E-003
          16          10   1.8271696612962304E-011
          16          11   1.0925068515874929E-002
          16          12   1.2494683729817024E-002
          16          13  -6.9789189476201219E-003
          16          14  -2.5984984473589206E-013
          16          15   1.0818160335962640E-003
          16          16   1.3583503575680532E-003
          16          17  -6.9106277243115982E-004
          16          18   2.2372525072071057E-012
          16          19  -9.1056805465609214E-013
          16          20  -2.9404541397076538E-012
          16          21  -1.0829063852634252E-012
          16          22   1.1362125974320309E-012
          16          23   8.1163206717538641E-013
          17           1   8.6591762509559899E-013
          17           2  -4.2369708039737013E-012
          17           3   3.0601553825226847E-003
          17           4   3.5533464286032993E-003
          17           5   1.2262223150625692E-002
          17           6   1.0604909215398863E-011
          17           7  -6.6933324001228790E-003
          17           8  -7.7720652983233182E-003
          17           9   4.6085826708760786E-003
          17          10   6.6727207461658917E-012
          17          11  -6.0102738358209958E-003
          17          12  -6.9789213044100561E-003
          17          13   3.6482282582910633E-003
          17          14  -3.2361665004015034E-013
          17          15  -5.9514598199641544E-004
          17          16  -6.9106277243115982E-004
          17          17   4.8236181337282905E-004
          17          18  -1.5173054877052268E-012
          17          19   6.7803782879752739E-014
          17          20   1.6640024390452614E-012
          17          21   1.0192894601422690E-012
          17          22  -1.8352695299108323E-013
          17          23  -4.1998554684873506E-014
          18           1   1.2888780733364613E-002
          18           2   5.0669078022987420E-003
          18           3   1.4688327556248641E-011
          18           4  -3.6393091951796591E-011
          18           5  -7.2793081019128949E-012
          18           6   4.3843022042287880E-004
          18           7   2.9469474001397615E-011
          18           8   2.4107137140611330E-011
          18           9  -1.6949887319838098E-011
          18          10   1.2768492128667390E-003
          18          11   2.2163308960697419E-011
          18          12   2.5065263575692037E-011
          18          13  -1.3931840685189076E-011
          18          14  -2.6113632485922641E-004
          18          15   2.4990493158128248E-012
          18          16   2.2372525072071057E-012
          18          17  -1.5173054877052268E-012
          18          18   2.3636941852815319E-004
          18          19   4.5960445173437794E-004
          18          20   3.5576284228276136E-004
          18          21  -2.5284490568159635E-004
          18          22  -2.9359471688701264E-004
          18          23   3.3462913837084799E-005
          19           1   1.3895285563409062E-004
          19           2  -7.0799078926800721E-004
          19           3  -9.4965889673722096E-012
          19           4   1.1895604705630310E-011
          19           5   3.5016089124304153E-012
          19           6  -1.0685476889472564E-003
          19           7   1.5441083954181150E-011
          19           8  -1.9250981212208406E-011
          19           9  -2.2388008231455170E-012
          19          10   1.9339273888021365E-003
          19          11  -9.9552196446773354E-014
          19          12  -5.9993805254746423E-012
          19          13   1.2318245665225629E-012
          19          14  -7.5636306595107188E-004
          19          15   2.7025107722556114E-013
          19          16  -9.1056805465609214E-013
          19          17   6.7803782879752739E-014
          19          18   4.5960445173437794E-004
          19          19   1.7673456744022366E-003
          19          20   9.1871543510633038E-004
          19          21  -9.7228029359417041E-004
          19          22  -1.1289780862822315E-003
          19          23  -3.2064458652343965E-004
          20           1   1.2924877065933090E-002
          20           2   4.8829902221595479E-003
          20           3  -5.4458574548718043E-011
          20           4   5.4169283152466175E-011
          20           5   7.9378415906253086E-012
          20           6   1.6084854585813810E-004
          20           7  -2.0557658678866324E-011
          20           8  -3.9782488221543673E-011
          20           9   1.6326283012184729E-011
          20          10   1.7792335460339349E-003
          20          11  -2.3243105388252082E-011
          20          12  -3.1386793540530236E-011
          20          13   1.5753829329125722E-011
          20          14  -4.5761999852967581E-004
          20          15  -2.6984395575792905E-012
          20          16  -2.9404541397076538E-012
          20          17   1.6640024390452614E-012
          20          18   3.5576284228276136E-004
          20          19   9.1871543510633038E-004
          20          20   5.9442149983157558E-004
          20          21  -5.0541833722388347E-004
          20          22  -5.8687420765428020E-004
          20          23  -4.9832309240639972E-005
          21           1  -7.6442901836644341E-005
          21           2   3.8949089495410143E-004
          21           3  -5.2087304214238175E-012
          21           4   1.7010758962392285E-011
          21           5   1.1170614948970029E-011
          21           6   5.8784694396672200E-004
          21           7  -2.5247563728269695E-011
          21           8  -8.0276440405007457E-012
          21           9   1.2083832828437433E-011
          21          10  -1.0639225376469748E-003
          21          11  -1.4359844362589752E-011
          21          12  -1.3911979073778626E-011
          21          13   8.4448805741600249E-012
          21          14   4.1610245899320012E-004
          21          15  -1.7311849338673823E-012
          21          16  -1.0829063852634252E-012
          21          17   1.0192894601422690E-012
          21          18  -2.5284490568159635E-004
          21          19  -9.7228029359417041E-004
          21          20  -5.0541833722388347E-004
          21          21   5.3488628908507233E-004
          21          22   6.2109136944199625E-004
          21          23   1.7639809696442827E-004
          22           1  -8.8762833916453728E-005
          22           2   4.5226325203942628E-004
          22           3  -1.5847766112747821E-011
          22           4   1.6133375698711062E-011
          22           5   7.8000403702665653E-012
          22           6   6.8258757845454827E-004
          22           7  -6.7312964277363766E-012
          22           8   1.7085492589214016E-011
          22           9  -6.6345849481652563E-013
          22          10  -1.2353897838690573E-003
          22          11   3.5727169064263968E-012
          22          12   7.2518976456038696E-012
          22          13  -2.9765021582168609E-012
          22          14   4.8316371067266996E-004
          22          15   3.3656857503620978E-015
          22          16   1.1362125974320309E-012
          22          17  -1.8352695299108323E-013
          22          18  -2.9359471688701264E-004
          22          19  -1.1289780862822315E-003
          22          20  -5.8687420765428020E-004
          22          21   6.2109136944199625E-004
          22          22   7.2118971278020737E-004
          22          23   2.0482733986982427E-004
          23           1   1.2827435701977358E-002
          23           2   5.3794722356003497E-003
          23           3  -5.7625947775596375E-011
          23           4   4.4803927874617251E-011
          23           5   1.3715449420716852E-011
          23           6   9.1017277609070375E-004
          23           7  -2.1929272660021390E-012
          23           8   7.8579002000412253E-012
          23           9  -7.0626099900754991E-013
          23          10   4.2305712993868407E-004
          23          11   2.8942320721053278E-012
          23          12   2.9524761392480234E-012
          23          13  -1.7886137118284432E-012
          23          14   7.2783401344606106E-005
          23          15  -2.6937415769211974E-013
          23          16   8.1163206717538641E-013
          23          17  -4.1998554684873506E-014
          23          18   3.3462913837084799E-005
          23          19  -3.2064458652343965E-004
          23          20  -4.9832309240639972E-005
          23          21   1.7639809696442827E-004
          23          22   2.0482733986982427E-004
          23          23   1.7502131520247242E-004
