           1           1  0.61923433177026488     
           1           2  0.63202953370166126     
           1           3  -8.8849940980457565E-002
           1           4 -0.11530755210950890     
           1           5  -2.7772265193191981E-002
           1           6  -5.1922682551886699E-016
           1           7  -2.6150429283394521E-016
           1           8   2.3795688152403129E-016
           1           9   9.7005754884942554E-016
           1          10  -5.0091212612203049E-016
           1          11  -1.4877960663728788E-015
           1          12   4.2439001525888845E-016
           1          13  -2.4520771942095210E-016
           1          14   9.2549231785757266E-016
           1          15  -8.4246854119400202E-004
           1          16  -5.3797956126572762E-016
           1          17  -8.4246854119334987E-004
           1          18   1.1141908791863622E-016
           1          19   5.1314164093081267E-016
           1          20  -8.4246854119586793E-004
           2           1  0.63202953370166126     
           2           2  0.66361309763068621     
           2           3 -0.17568911609151636     
           2           4 -0.21816739318727307     
           2           5  -5.3003510094474689E-002
           2           6  -5.4978978295346214E-016
           2           7  -2.1401367517446604E-016
           2           8   2.7562199299434596E-016
           2           9   7.9846621189065507E-016
           2          10   3.4681035439444645E-017
           2          11  -1.3795829154520194E-015
           2          12   1.3238575895198477E-016
           2          13  -2.5180236644701233E-016
           2          14   1.1068487453531983E-015
           2          15  -8.1891585600865082E-004
           2          16  -6.0986968622850743E-016
           2          17  -8.1891585600771613E-004
           2          18   1.0604653875973928E-016
           2          19   6.6654378440582118E-016
           2          20  -8.1891585601095171E-004
           3           1  -8.8849940980457565E-002
           3           2 -0.17568911609151636     
           3           3  0.40281361855709730     
           3           4  0.47761720240909739     
           3           5  0.11713329240986997     
           3           6   1.6551413662009407E-016
           3           7  -2.0519733148600596E-016
           3           8  -1.8441607045780864E-016
           3           9   7.4020781404059669E-016
           3          10  -2.4333273331601548E-015
           3          11  -4.2415005053036843E-016
           3          12   1.3193025982895510E-015
           3          13   4.2176119400840555E-017
           3          14  -8.7724295558538359E-016
           3          15  -6.7080457805615182E-005
           3          16   3.5607442077875153E-016
           3          17  -6.7080457806943479E-005
           3          18   1.9239654546030277E-017
           3          19  -7.2890729173630311E-016
           3          20  -6.7080457803528175E-005
           4           1 -0.11530755210950890     
           4           2 -0.21816739318727307     
           4           3  0.47761720240909739     
           4           4  0.56647738291863403     
           4           5  0.13891741019552295     
           4           6   2.0426994735503774E-016
           4           7  -2.3821190419479092E-016
           4           8  -2.2194237734695729E-016
           4           9   8.5882286924246387E-016
           4          10  -2.8680535622146227E-015
           4          11  -4.7668889059634262E-016
           4          12   1.5524224222028436E-015
           4          13   5.3966069164174936E-017
           4          14  -1.0523241861031858E-015
           4          15  -6.5301207279146189E-005
           4          16   4.2982280846061647E-016
           4          17  -6.5301207280727132E-005
           4          18   2.0875747083589449E-017
           4          19  -8.7011509918371239E-016
           4          20  -6.5301207276648215E-005
           5           1  -2.7772265193191981E-002
           5           2  -5.3003510094474689E-002
           5           3  0.11713329240986997     
           5           4  0.13891741019552295     
           5           5   3.4067183693882154E-002
           5           6   4.9691496799649912E-017
           5           7  -5.8682469107232085E-017
           5           8  -5.4267150346030693E-017
           5           9   2.1155772112779844E-016
           5          10  -7.0432874975914930E-016
           5          11  -1.1827262137496010E-016
           5          12   3.8132997641593672E-016
           5          13   1.3072871137537336E-017
           5          14  -2.5747673184575361E-016
           5          15  -1.6738699890658939E-005
           5          16   1.0501904771998595E-016
           5          17  -1.6738699891046365E-005
           5          18   5.2024441923023726E-018
           5          19  -2.1309064377957105E-016
           5          20  -1.6738699890047462E-005
           6           1  -5.1922682551886699E-016
           6           2  -5.4978978295346214E-016
           6           3   1.6551413662009407E-016
           6           4   2.0426994735503774E-016
           6           5   4.9691496799649912E-017
           6           6   8.1343685476572921E-031
           6           7  -4.9046018297158948E-031
           6           8  -7.8931468479505343E-031
           6           9  -2.0697544058522867E-030
           6          10  -1.0658567386300462E-030
           6          11  -1.0933492861702471E-031
           6          12  -9.1846763138969505E-032
           6          13   4.5886324706884836E-031
           6          14  -1.1651324816355802E-030
           6          15   6.6263046013187839E-019
           6          16   4.6367382900127708E-031
           6          17   6.6263046013159836E-019
           6          18  -5.8999155885885136E-031
           6          19  -1.6185048564949860E-030
           6          20   6.6263046013459963E-019
           7           1  -2.6150429283394521E-016
           7           2  -2.1401367517446604E-016
           7           3  -2.0519733148600596E-016
           7           4  -2.3821190419479092E-016
           7           5  -5.8682469107232085E-017
           7           6  -4.9046018297158948E-031
           7           7   1.5102632684041357E-030
           7           8   1.0342509565395568E-030
           7           9   1.4878848033623084E-030
           7          10   1.7475595991720952E-030
           7          11   2.7078058459970098E-030
           7          12  -8.7575952448152648E-031
           7          13   4.8939595136641327E-031
           7          14   8.5891736849288336E-032
           7          15   4.7262852862155098E-019
           7          16   4.0426452484222197E-032
           7          17   4.7262852862076240E-019
           7          18   5.9359002758525157E-031
           7          19   2.3704773424125058E-030
           7          20   4.7262852862093843E-019
           8           1   2.3795688152403129E-016
           8           2   2.7562199299434596E-016
           8           3  -1.8441607045780864E-016
           8           4  -2.2194237734695729E-016
           8           5  -5.4267150346030693E-017
           8           6  -7.8931468479505343E-031
           8           7   1.0342509565395568E-030
           8           8   1.0242877848442372E-030
           8           9   2.1943604313638372E-030
           8          10   1.3623474329431241E-030
           8          11   1.2956226078177613E-030
           8          12  -2.5121228622009721E-031
           8          13  -7.5322832515088840E-032
           8          14   7.9257231015657424E-031
           8          15  -2.5143287101765479E-019
           8          16  -2.8560180143576523E-031
           8          17  -2.5143287101792019E-019
           8          18   6.8718275411276321E-031
           8          19   2.1971907674328083E-030
           8          20  -2.5143287101969103E-019
           9           1   9.7005754884942554E-016
           9           2   7.9846621189065507E-016
           9           3   7.4020781404059669E-016
           9           4   8.5882286924246387E-016
           9           5   2.1155772112779844E-016
           9           6  -2.0697544058522867E-030
           9           7   1.4878848033623084E-030
           9           8   2.1943604313638372E-030
           9           9   1.0480935987714450E-029
           9          10   4.4658035191475867E-030
           9          11   3.4565978015218445E-030
           9          12   3.7725795342097454E-030
           9          13  -5.0646791347039731E-030
           9          14   2.2943903502486942E-030
           9          15  -1.7440020931366651E-018
           9          16   4.7194604539372485E-031
           9          17  -1.7440020931395555E-018
           9          18   3.4475785106721272E-030
           9          19   2.3415021007334272E-030
           9          20  -1.7440020931431027E-018
          10           1  -5.0091212612203049E-016
          10           2   3.4681035439444645E-017
          10           3  -2.4333273331601548E-015
          10           4  -2.8680535622146227E-015
          10           5  -7.0432874975914930E-016
          10           6  -1.0658567386300462E-030
          10           7   1.7475595991720952E-030
          10           8   1.3623474329431241E-030
          10           9   4.4658035191475867E-030
          10          10   7.1110143582935262E-029
          10          11   2.4884290225308739E-029
          10          12  -1.0815571533918232E-029
          10          13  -2.7104305540239646E-029
          10          14   1.6491815952303314E-029
          10          15   1.8873070776629355E-018
          10          16   2.1970937974237382E-030
          10          17   1.8873070776772517E-018
          10          18   9.1366719674729256E-030
          10          19  -2.4932162240948839E-030
          10          20   1.8873070776173799E-018
          11           1  -1.4877960663728788E-015
          11           2  -1.3795829154520194E-015
          11           3  -4.2415005053036843E-016
          11           4  -4.7668889059634262E-016
          11           5  -1.1827262137496010E-016
          11           6  -1.0933492861702471E-031
          11           7   2.7078058459970098E-030
          11           8   1.2956226078177613E-030
          11           9   3.4565978015218445E-030
          11          10   2.4884290225308739E-029
          11          11   1.3930183047350944E-029
          11          12  -3.6335920999742683E-030
          11          13  -8.6843003124898635E-030
          11          14   3.4866417154550087E-030
          11          15   2.3307636582364489E-018
          11          16   2.0949512578694059E-030
          11          17   2.3307636582376483E-018
          11          18   3.9671851655670966E-030
          11          19   5.3131738790702384E-031
          11          20   2.3307636582248863E-018
          12           1   4.2439001525888845E-016
          12           2   1.3238575895198477E-016
          12           3   1.3193025982895510E-015
          12           4   1.5524224222028436E-015
          12           5   3.8132997641593672E-016
          12           6  -9.1846763138969505E-032
          12           7  -8.7575952448152648E-031
          12           8  -2.5121228622009721E-031
          12           9   3.7725795342097454E-030
          12          10  -1.0815571533918232E-029
          12          11  -3.6335920999742683E-030
          12          12   5.2427566607336382E-030
          12          13   7.0821788612507182E-031
          12          14  -2.3642532138540001E-030
          12          15  -1.2424319254742378E-018
          12          16   5.1196446684772034E-031
          12          17  -1.2424319254785286E-018
          12          18   8.9561873817137979E-033
          12          19  -1.5001341807415401E-030
          12          20  -1.2424319254680741E-018
          13           1  -2.4520771942095210E-016
          13           2  -2.5180236644701233E-016
          13           3   4.2176119400840555E-017
          13           4   5.3966069164174936E-017
          13           5   1.3072871137537336E-017
          13           6   4.5886324706884836E-031
          13           7   4.8939595136641327E-031
          13           8  -7.5322832515088840E-032
          13           9  -5.0646791347039731E-030
          13          10  -2.7104305540239646E-029
          13          11  -8.6843003124898635E-030
          13          12   7.0821788612507182E-031
          13          13   1.3816103490536969E-029
          13          14  -6.5923865450972946E-030
          13          15   3.3088450753413439E-019
          13          16  -1.5588063932431115E-030
          13          17   3.3088450753001560E-019
          13          18  -4.5592030611720068E-030
          13          19   3.5829386785561676E-030
          13          20   3.3088450755247820E-019
          14           1   9.2549231785757266E-016
          14           2   1.1068487453531983E-015
          14           3  -8.7724295558538359E-016
          14           4  -1.0523241861031858E-015
          14           5  -2.5747673184575361E-016
          14           6  -1.1651324816355802E-030
          14           7   8.5891736849288336E-032
          14           8   7.9257231015657424E-031
          14           9   2.2943903502486942E-030
          14          10   1.6491815952303314E-029
          14          11   3.4866417154550087E-030
          14          12  -2.3642532138540001E-030
          14          13  -6.5923865450972946E-030
          14          14   5.6465889639325440E-030
          14          15  -9.0071739571426705E-019
          14          16  -5.2593753911990759E-031
          14          17  -9.0071739570937788E-019
          14          18   2.2657731592769004E-030
          14          19   6.1599335035261764E-031
          14          20  -9.0071739572860367E-019
          15           1  -8.4246854119400202E-004
          15           2  -8.1891585600865082E-004
          15           3  -6.7080457805615182E-005
          15           4  -6.5301207279146189E-005
          15           5  -1.6738699890658939E-005
          15           6   6.6263046013187839E-019
          15           7   4.7262852862155098E-019
          15           8  -2.5143287101765479E-019
          15           9  -1.7440020931366651E-018
          15          10   1.8873070776629355E-018
          15          11   2.3307636582364489E-018
          15          12  -1.2424319254742378E-018
          15          13   3.3088450753413439E-019
          15          14  -9.0071739571426705E-019
          15          15   1.2367515754506710E-006
          15          16   5.9744799243180316E-019
          15          17   1.2367515754503784E-006
          15          18  -1.6885422697980062E-019
          15          19  -3.8240006715109929E-019
          15          20   1.2367515754523338E-006
          16           1  -5.3797956126572762E-016
          16           2  -6.0986968622850743E-016
          16           3   3.5607442077875153E-016
          16           4   4.2982280846061647E-016
          16           5   1.0501904771998595E-016
          16           6   4.6367382900127708E-031
          16           7   4.0426452484222197E-032
          16           8  -2.8560180143576523E-031
          16           9   4.7194604539372485E-031
          16          10   2.1970937974237382E-030
          16          11   2.0949512578694059E-030
          16          12   5.1196446684772034E-031
          16          13  -1.5588063932431115E-030
          16          14  -5.2593753911990759E-031
          16          15   5.9744799243180316E-019
          16          16   8.9803550368393324E-031
          16          17   5.9744799243081554E-019
          16          18   5.3709574326104407E-031
          16          19  -1.3437634537125378E-030
          16          20   5.9744799243242581E-019
          17           1  -8.4246854119334987E-004
          17           2  -8.1891585600771613E-004
          17           3  -6.7080457806943479E-005
          17           4  -6.5301207280727132E-005
          17           5  -1.6738699891046365E-005
          17           6   6.6263046013159836E-019
          17           7   4.7262852862076240E-019
          17           8  -2.5143287101792019E-019
          17           9  -1.7440020931395555E-018
          17          10   1.8873070776772517E-018
          17          11   2.3307636582376483E-018
          17          12  -1.2424319254785286E-018
          17          13   3.3088450753001560E-019
          17          14  -9.0071739570937788E-019
          17          15   1.2367515754503784E-006
          17          16   5.9744799243081554E-019
          17          17   1.2367515754500862E-006
          17          18  -1.6885422697928048E-019
          17          19  -3.8240006715150913E-019
          17          20   1.2367515754520415E-006
          18           1   1.1141908791863622E-016
          18           2   1.0604653875973928E-016
          18           3   1.9239654546030277E-017
          18           4   2.0875747083589449E-017
          18           5   5.2024441923023726E-018
          18           6  -5.8999155885885136E-031
          18           7   5.9359002758525157E-031
          18           8   6.8718275411276321E-031
          18           9   3.4475785106721272E-030
          18          10   9.1366719674729256E-030
          18          11   3.9671851655670966E-030
          18          12   8.9561873817137979E-033
          18          13  -4.5592030611720068E-030
          18          14   2.2657731592769004E-030
          18          15  -1.6885422697980062E-019
          18          16   5.3709574326104407E-031
          18          17  -1.6885422697928048E-019
          18          18   2.0151426991276635E-030
          18          19   1.0685252895036414E-031
          18          20  -1.6885422698624714E-019
          19           1   5.1314164093081267E-016
          19           2   6.6654378440582118E-016
          19           3  -7.2890729173630311E-016
          19           4  -8.7011509918371239E-016
          19           5  -2.1309064377957105E-016
          19           6  -1.6185048564949860E-030
          19           7   2.3704773424125058E-030
          19           8   2.1971907674328083E-030
          19           9   2.3415021007334272E-030
          19          10  -2.4932162240948839E-030
          19          11   5.3131738790702384E-031
          19          12  -1.5001341807415401E-030
          19          13   3.5829386785561676E-030
          19          14   6.1599335035261764E-031
          19          15  -3.8240006715109929E-019
          19          16  -1.3437634537125378E-030
          19          17  -3.8240006715150913E-019
          19          18   1.0685252895036414E-031
          19          19   6.0441407711829203E-030
          19          20  -3.8240006715212293E-019
          20           1  -8.4246854119586793E-004
          20           2  -8.1891585601095171E-004
          20           3  -6.7080457803528175E-005
          20           4  -6.5301207276648215E-005
          20           5  -1.6738699890047462E-005
          20           6   6.6263046013459963E-019
          20           7   4.7262852862093843E-019
          20           8  -2.5143287101969103E-019
          20           9  -1.7440020931431027E-018
          20          10   1.8873070776173799E-018
          20          11   2.3307636582248863E-018
          20          12  -1.2424319254680741E-018
          20          13   3.3088450755247820E-019
          20          14  -9.0071739572860367E-019
          20          15   1.2367515754523338E-006
          20          16   5.9744799243242581E-019
          20          17   1.2367515754520415E-006
          20          18  -1.6885422698624714E-019
          20          19  -3.8240006715212293E-019
          20          20   1.2367515754539965E-006
