           1           1   2.2538045488525400     
           1           2 -0.67461434846336954     
           1           3  0.73263803734295996     
           1           4 -0.91171309015586122     
           1           5 -0.36957916828116932     
           1           6  -8.3681359085265583E-002
           1           7   1.0027512384986692E-014
           1           8   1.5090384712334093E-015
           1           9  -1.2001419738863429E-014
           1          10  -1.1082912145904939E-014
           1          11   2.3435290132528843E-015
           1          12   1.3623784021531765E-015
           1          13   5.9815374648900322E-015
           1          14  -4.8465799530741594E-015
           1          15  -2.4419683242409947E-015
           1          16  -6.6785163369657291E-016
           1          17   5.0120419934348468E-015
           1          18   2.3784826948205821E-015
           1          19   2.7277056999645785E-017
           1          20   3.0106688128280310E-016
           1          21  -8.9016327103307691E-016
           1          22  0.14639421598669977     
           1          23  -3.8898024798626899E-015
           1          24  0.14639421598670702     
           1          25  -1.4870084854744373E-015
           1          26   2.3698876989400912E-015
           1          27  0.14639421598669802     
           1          28  0.24890178538262195     
           1          29   1.5652428178542629E-015
           1          30  0.24890178538262273     
           1          31  -1.1817524006200207E-015
           1          32  -1.8355465858256016E-015
           1          33  0.24890178538262442     
           1          34  0.11077804091085774     
           1          35   3.2324602704288323E-015
           1          36  0.11077804091085543     
           1          37  -5.0745058577438243E-016
           1          38  -8.1708154564577007E-017
           1          39  0.11077804091084664     
           2           1 -0.67461434846336954     
           2           2   2.1269785084739530     
           2           3 -0.45044895144556041     
           2           4   1.1268837704364907     
           2           5  0.51338340982290398     
           2           6  0.11842187818189738     
           2           7  -1.8447017242819733E-014
           2           8  -1.7657049892703698E-014
           2           9   8.4387158809009761E-015
           2          10  -4.5744244833454577E-014
           2          11  -3.0114212542039878E-015
           2          12   1.3085722822234175E-014
           2          13   1.6315645061529783E-014
           2          14   3.3668156284199421E-015
           2          15  -3.5236840332133986E-015
           2          16  -4.5167251297256133E-015
           2          17  -3.2610064441087997E-015
           2          18   1.0346652932445874E-015
           2          19   8.4537375379276167E-016
           2          20   2.0705252224569872E-015
           2          21  -5.0423970434857724E-016
           2          22 -0.30188275568298534     
           2          23  -2.2510704238666945E-016
           2          24 -0.30188275568298911     
           2          25  -3.2957461776202735E-016
           2          26  -7.6334639731272760E-017
           2          27 -0.30188275568298806     
           2          28 -0.33278810970741368     
           2          29   2.5767492360604433E-016
           2          30 -0.33278810970741407     
           2          31   1.2591610673192536E-015
           2          32  -3.4028202105316225E-016
           2          33 -0.33278810970741290     
           2          34 -0.15522135879229529     
           2          35  -8.0946780396253325E-016
           2          36 -0.15522135879229437     
           2          37  -1.3272562285681277E-016
           2          38  -3.4563260850289956E-016
           2          39 -0.15522135879229404     
           3           1  0.73263803734295996     
           3           2 -0.45044895144556041     
           3           3   12.304605791058048     
           3           4  -8.9451401850733383     
           3           5  -3.0566350621007978     
           3           6 -0.66851132656544399     
           3           7   7.1437572257932151E-014
           3           8  -1.1494237624546116E-014
           3           9  -4.2284862102693388E-014
           3          10  -2.8755978547796923E-013
           3          11   3.0748277421322723E-014
           3          12   1.1153893947704452E-014
           3          13   1.2402771834967470E-013
           3          14  -1.1708050824044815E-014
           3          15   1.2327553165851844E-014
           3          16  -5.9154482625611953E-014
           3          17   1.5422864191479112E-015
           3          18  -1.5938841908247407E-015
           3          19   2.9702075588191567E-014
           3          20  -1.0964081062488038E-015
           3          21  -8.5967179797552851E-016
           3          22 -0.17555050010200099     
           3          23  -5.8091825663528579E-014
           3          24 -0.17555050010187742     
           3          25  -7.6189778706635677E-014
           3          26   5.3186926265789627E-014
           3          27 -0.17555050010207215     
           3          28   2.1898921347066445     
           3          29   9.2341488225187254E-015
           3          30   2.1898921347066018     
           3          31  -1.6745744623742205E-014
           3          32  -7.6849922713279202E-015
           3          33   2.1898921347066778     
           3          34  0.90180377230184539     
           3          35   2.7313292376504613E-015
           3          36  0.90180377230184550     
           3          37   2.2423421256422677E-014
           3          38   9.0390570379686890E-015
           3          39  0.90180377230182041     
           4           1 -0.91171309015586122     
           4           2   1.1268837704364907     
           4           3  -8.9451401850733383     
           4           4   6.8145910100283444     
           4           5   2.3784518018564507     
           4           6  0.52257730193243523     
           4           7  -1.1532862579857840E-013
           4           8  -1.5677985767769610E-014
           4           9   9.9765712775744133E-014
           4          10   3.8794973622841002E-013
           4          11   4.5854691195164172E-014
           4          12  -3.9858928115510546E-014
           4          13  -1.5959031645252181E-013
           4          14  -1.6674113359665322E-014
           4          15   6.2634225403937503E-015
           4          16   7.0288208907823329E-014
           4          17   7.6740114278415748E-015
           4          18  -5.2616027415659256E-015
           4          19  -3.2159180293924311E-014
           4          20  -2.4092184788393312E-015
           4          21   3.0468277031926138E-015
           4          22   6.7017752082890658E-003
           4          23   2.2668319976759570E-014
           4          24   6.7017752082637128E-003
           4          25   1.6657061148764495E-014
           4          26  -4.8235864140094122E-014
           4          27   6.7017752083696480E-003
           4          28  -1.6904093053683895     
           4          29  -3.5878045072609941E-015
           4          30  -1.6904093053683700     
           4          31   1.8362159364225732E-014
           4          32   7.0913273919556435E-015
           4          33  -1.6904093053684186     
           4          34 -0.70318047817143570     
           4          35  -3.1399822355600457E-015
           4          36 -0.70318047817143292     
           4          37  -1.7320922081434058E-014
           4          38  -6.9173615661361275E-015
           4          39 -0.70318047817141560     
           5           1 -0.36957916828116932     
           5           2  0.51338340982290398     
           5           3  -3.0566350621007978     
           5           4   2.3784518018564507     
           5           5  0.83774540195561742     
           5           6  0.18442092331751989     
           5           7  -2.8385997348680582E-014
           5           8  -4.1801365434902527E-015
           5           9   5.9932296684688838E-014
           5          10   1.1801874960099170E-013
           5          11   2.7056297907839054E-014
           5          12   1.9814984977460339E-014
           5          13  -4.8658978079577233E-014
           5          14  -9.7269051189667123E-015
           5          15  -9.3538806239712484E-015
           5          16   2.1743380795118063E-014
           5          17   3.9995747742955696E-015
           5          18   2.4152440245126471E-015
           5          19  -1.0145495566379496E-014
           5          20  -1.3173480951982275E-015
           5          21  -5.4723421517100054E-016
           5          22  -1.7032023391873010E-002
           5          23   5.3653236525599683E-015
           5          24  -1.7032023391873926E-002
           5          25   9.9658784478048238E-016
           5          26  -1.7601241650479439E-014
           5          27  -1.7032023391842115E-002
           5          28 -0.59336730633284052     
           5          29  -8.4361236206123801E-016
           5          30 -0.59336730633283508     
           5          31   7.0265456197531881E-015
           5          32   2.5960755724594949E-015
           5          33 -0.59336730633285084     
           5          34 -0.24789483122031725     
           5          35  -1.2260109245421453E-015
           5          36 -0.24789483122031594     
           5          37  -6.0282890363441797E-015
           5          38  -2.4046545066554433E-015
           5          39 -0.24789483122031014     
           6           1  -8.3681359085265583E-002
           6           2  0.11842187818189738     
           6           3 -0.66851132656544399     
           6           4  0.52257730193243523     
           6           5  0.18442092331751989     
           6           6   4.0614960262427828E-002
           6           7  -9.1386940334580817E-015
           6           8  -2.4612354696739904E-015
           6           9   2.7325039064193817E-014
           6          10   2.9734825680683550E-014
           6          11   4.8709336965819672E-015
           6          12   1.2341620285318108E-014
           6          13  -1.2221326372120419E-014
           6          14  -1.7805578647625346E-015
           6          15  -4.5312424226315913E-015
           6          16   5.3818075598797889E-015
           6          17   7.4437504869997003E-016
           6          18   1.3859759751127208E-015
           6          19  -2.4601210370532614E-015
           6          20  -2.3868130810037933E-016
           6          21  -4.3422303556402971E-016
           6          22  -4.6519985268290770E-003
           6          23  -1.0710248895027775E-015
           6          24  -4.6519985268216116E-003
           6          25  -4.2580754077460351E-015
           6          26  -5.0728189076709943E-015
           6          27  -4.6519985268186478E-003
           6          28 -0.13052904286476685     
           6          29   1.7230161689575618E-016
           6          30 -0.13052904286476688     
           6          31   2.2482832778308855E-015
           6          32   7.6199133356809364E-016
           6          33 -0.13052904286476968     
           6          34  -5.4581628629570778E-002
           6          35  -3.5466082855282661E-016
           6          36  -5.4581628629570195E-002
           6          37  -1.4814390895610116E-015
           6          38  -5.7127823632112341E-016
           6          39  -5.4581628629569084E-002
           7           1   1.0027512384986692E-014
           7           2  -1.8447017242819733E-014
           7           3   7.1437572257932151E-014
           7           4  -1.1532862579857840E-013
           7           5  -2.8385997348680582E-014
           7           6  -9.1386940334580817E-015
           7           7   2.3794134964733344     
           7           8   4.0445077842399321E-015
           7           9   4.2127759614096524E-015
           7          10  -1.1988451681720624     
           7          11  -1.2545520178264296E-014
           7          12  -4.1390502136805544E-015
           7          13  0.53658047058302527     
           7          14   1.7758364223574571E-014
           7          15   1.0017160712028027E-014
           7          16 -0.22115932716261946     
           7          17  -6.1816871066433489E-015
           7          18  -7.0759370585093788E-015
           7          19   8.5780930482380280E-002
           7          20   3.7908044758783145E-015
           7          21  -7.9374441047664578E-016
           7          22  -4.0167702838177578E-014
           7          23   5.9381047744555955E-014
           7          24   8.2505722852707628E-014
           7          25  -1.1248964678431766E-013
           7          26  -3.1968012680806708E-014
           7          27  -9.6071002680494604E-015
           7          28   3.4754235773333287E-014
           7          29  -1.7015131748699478E-014
           7          30   2.5186937402617969E-015
           7          31   9.2180324177732634E-015
           7          32   8.8864115463712159E-015
           7          33   3.6893355220943850E-014
           7          34   1.2189707037365068E-014
           7          35   3.4030439499379705E-015
           7          36   2.3166479476662891E-014
           7          37  -7.9614172696388125E-015
           7          38   4.7739150287829038E-015
           7          39   2.0234884695026255E-015
           8           1   1.5090384712334093E-015
           8           2  -1.7657049892703698E-014
           8           3  -1.1494237624546116E-014
           8           4  -1.5677985767769610E-014
           8           5  -4.1801365434902527E-015
           8           6  -2.4612354696739904E-015
           8           7   4.0445077842399321E-015
           8           8   2.3794134964733256     
           8           9  -3.5597338878673532E-015
           8          10  -1.8388068845354384E-015
           8          11  -1.1988451681720620     
           8          12  -1.6869101601701555E-015
           8          13  -1.6150275561343997E-015
           8          14  0.53658047058303737     
           8          15   8.2973992260313919E-016
           8          16  -1.0538445116559143E-015
           8          17 -0.22115932716262346     
           8          18  -1.4246687597002585E-015
           8          19   2.0387337651417449E-015
           8          20   8.5780930482374423E-002
           8          21   1.3925221652860394E-016
           8          22   2.5546156156082785E-015
           8          23  -1.8059279473389180E-014
           8          24   2.3921267843854936E-014
           8          25   3.4744559560682794E-015
           8          26  -1.5439102837738215E-014
           8          27   3.0447940320342892E-015
           8          28   6.1114599182139985E-015
           8          29  -1.6654214847038767E-015
           8          30   1.4177747663209074E-015
           8          31  -2.2496342116284068E-015
           8          32   2.1890279457208295E-015
           8          33   5.6321550261171837E-015
           8          34   1.9589063594628532E-015
           8          35   1.3903703738076023E-015
           8          36   2.7038098032126247E-015
           8          37  -1.5161439610709446E-015
           8          38   3.0069447690778321E-015
           8          39   1.8557335146114005E-015
           9           1  -1.2001419738863429E-014
           9           2   8.4387158809009761E-015
           9           3  -4.2284862102693388E-014
           9           4   9.9765712775744133E-014
           9           5   5.9932296684688838E-014
           9           6   2.7325039064193817E-014
           9           7   4.2127759614096524E-015
           9           8  -3.5597338878673532E-015
           9           9   2.3794134964733322     
           9          10  -1.9843501841698608E-014
           9          11   1.3179670028951080E-014
           9          12  -1.1988451681720635     
           9          13   1.0681559803327160E-014
           9          14  -1.5714995494145453E-014
           9          15  0.53658047058303504     
           9          16  -1.4246416546459378E-015
           9          17   3.4831078993269264E-015
           9          18 -0.22115932716261605     
           9          19  -1.3361707573711447E-015
           9          20  -3.7237635121690304E-015
           9          21   8.5780930482369469E-002
           9          22  -1.1113858819955162E-014
           9          23  -1.4839210173208201E-014
           9          24  -3.9236283809015581E-015
           9          25   4.7876615640622371E-014
           9          26   1.6377974885851591E-014
           9          27  -4.3259991890016241E-014
           9          28  -3.9100514365653994E-014
           9          29  -6.9252181091068261E-015
           9          30  -3.2885790499152949E-014
           9          31  -9.0179797227477492E-015
           9          32   1.0799860947142560E-015
           9          33  -3.7344348291334696E-014
           9          34  -2.7215923857873917E-014
           9          35   5.0538384357479084E-015
           9          36  -2.4434341138019913E-014
           9          37   5.6424840223083350E-015
           9          38   1.9864275830152333E-015
           9          39  -2.2871985391108465E-014
          10           1  -1.1082912145904939E-014
          10           2  -4.5744244833454577E-014
          10           3  -2.8755978547796923E-013
          10           4   3.8794973622841002E-013
          10           5   1.1801874960099170E-013
          10           6   2.9734825680683550E-014
          10           7  -1.1988451681720624     
          10           8  -1.8388068845354384E-015
          10           9  -1.9843501841698608E-014
          10          10   3.6600374282725023     
          10          11   3.1169511416351371E-014
          10          12   2.2870594307277818E-014
          10          13  -1.4180623916191211     
          10          14  -6.0659810507956990E-014
          10          15  -4.1976838671686601E-014
          10          16  0.55106598997395173     
          10          17   1.4228201949961759E-014
          10          18   2.4875934645507347E-014
          10          19 -0.20997372177180618     
          10          20  -9.6199090360293727E-015
          10          21   3.2326571974828104E-015
          10          22   2.1378463806025967E-013
          10          23  -2.6181363053599712E-013
          10          24  -3.3418791941372613E-013
          10          25   4.9356530412391480E-013
          10          26   1.4874587979497034E-013
          10          27   7.9219486018959931E-014
          10          28  -1.2850159432734821E-013
          10          29   6.9187873138287472E-014
          10          30   1.3959887836358395E-014
          10          31  -3.6083360476341765E-014
          10          32  -4.4807725412552859E-014
          10          33  -1.3828253081719190E-013
          10          34  -5.1482947505296546E-014
          10          35  -1.7369494316990444E-014
          10          36  -9.7453151874674796E-014
          10          37   3.2033164999712105E-014
          10          38  -2.4146570805611485E-014
          10          39  -6.9848533371448545E-015
          11           1   2.3435290132528843E-015
          11           2  -3.0114212542039878E-015
          11           3   3.0748277421322723E-014
          11           4   4.5854691195164172E-014
          11           5   2.7056297907839054E-014
          11           6   4.8709336965819672E-015
          11           7  -1.2545520178264296E-014
          11           8  -1.1988451681720620     
          11           9   1.3179670028951080E-014
          11          10   3.1169511416351371E-014
          11          11   3.6600374282725299     
          11          12   1.7898009463388865E-015
          11          13  -1.1150802503578951E-014
          11          14  -1.4180623916191348     
          11          15  -5.9551972728110513E-015
          11          16   1.0692835505921056E-014
          11          17  0.55106598997392708     
          11          18   7.3991377261272950E-015
          11          19  -8.1939663387764594E-015
          11          20 -0.20997372177178036     
          11          21  -1.9241335955100109E-015
          11          22   7.4567288512287733E-015
          11          23   7.6494365592888268E-014
          11          24  -8.6236396208829025E-014
          11          25  -1.1007657710269515E-014
          11          26   6.0737179491499482E-014
          11          27  -5.7764182656263852E-015
          11          28  -2.2735440733079825E-014
          11          29  -2.5280560028692301E-015
          11          30  -5.7628644372556136E-015
          11          31   9.5926262110478886E-015
          11          32  -9.3160326129442288E-015
          11          33  -2.0597792470229095E-014
          11          34  -7.9674109371917172E-015
          11          35  -2.4391101788281943E-015
          11          36  -1.1158436353900885E-014
          11          37   7.8503840994745615E-015
          11          38  -6.5112181790264869E-015
          11          39  -7.3057023732096967E-015
          12           1   1.3623784021531765E-015
          12           2   1.3085722822234175E-014
          12           3   1.1153893947704452E-014
          12           4  -3.9858928115510546E-014
          12           5   1.9814984977460339E-014
          12           6   1.2341620285318108E-014
          12           7  -4.1390502136805544E-015
          12           8  -1.6869101601701555E-015
          12           9  -1.1988451681720635     
          12          10   2.2870594307277818E-014
          12          11   1.7898009463388865E-015
          12          12   3.6600374282725445     
          12          13  -5.2874371547771723E-015
          12          14   3.9750104249835939E-015
          12          15  -1.4180623916191453     
          12          16  -1.3168285906140012E-014
          12          17   1.2931875622429502E-014
          12          18  0.55106598997391132     
          12          19   1.1129985821867237E-014
          12          20  -5.8375613370964719E-015
          12          21 -0.20997372177177717     
          12          22  -2.7201278911929786E-014
          12          23   2.7978459792415027E-014
          12          24  -6.8509769899315682E-014
          12          25  -2.1132590287321602E-013
          12          26  -1.1297183567700934E-013
          12          27   6.7697859313961193E-014
          12          28   2.2726851955747912E-015
          12          29  -1.8725646615100783E-015
          12          30  -6.0425588199624995E-015
          12          31   2.4485999980374815E-014
          12          32   2.5513620976952534E-014
          12          33   5.7329475164254636E-015
          12          34   8.1085847388190780E-016
          12          35  -2.4666447404510708E-015
          12          36   3.8022450390823867E-015
          12          37  -1.3841544904467222E-014
          12          38   5.6515024446936025E-015
          12          39  -1.5580204562234249E-014
          13           1   5.9815374648900322E-015
          13           2   1.6315645061529783E-014
          13           3   1.2402771834967470E-013
          13           4  -1.5959031645252181E-013
          13           5  -4.8658978079577233E-014
          13           6  -1.2221326372120419E-014
          13           7  0.53658047058302527     
          13           8  -1.6150275561343997E-015
          13           9   1.0681559803327160E-014
          13          10  -1.4180623916191211     
          13          11  -1.1150802503578951E-014
          13          12  -5.2874371547771723E-015
          13          13  0.55203700997292127     
          13          14   2.2953861034125108E-014
          13          15   1.4942908022064160E-014
          13          16 -0.21498301907009834     
          13          17  -5.3715712433621784E-015
          13          18  -9.1645441235854498E-015
          13          19   8.1970261867317262E-002
          13          20   3.6741443221188735E-015
          13          21  -1.4046923346722296E-015
          13          22  -8.2633143154620908E-014
          13          23   1.0008213760426809E-013
          13          24   1.2898082575844469E-013
          13          25  -1.9024101437061691E-013
          13          26  -5.7241955730011565E-014
          13          27  -3.0329329876895191E-014
          13          28   5.1999805094308337E-014
          13          29  -2.6538139041326722E-014
          13          30  -2.8897492497321646E-015
          13          31   1.4012449808297983E-014
          13          32   1.7185214479726357E-014
          13          33   5.5646232129109152E-014
          13          34   2.0727204184627309E-014
          13          35   6.6319396504112043E-015
          13          36   3.8440767969759874E-014
          13          37  -1.2348795942317064E-014
          13          38   9.2335563426575548E-015
          13          39   3.6710641372120340E-015
          14           1  -4.8465799530741594E-015
          14           2   3.3668156284199421E-015
          14           3  -1.1708050824044815E-014
          14           4  -1.6674113359665322E-014
          14           5  -9.7269051189667123E-015
          14           6  -1.7805578647625346E-015
          14           7   1.7758364223574571E-014
          14           8  0.53658047058303737     
          14           9  -1.5714995494145453E-014
          14          10  -6.0659810507956990E-014
          14          11  -1.4180623916191348     
          14          12   3.9750104249835939E-015
          14          13   2.2953861034125108E-014
          14          14  0.55203700997292859     
          14          15   7.8550447396579418E-017
          14          16  -1.1350295703316247E-014
          14          17 -0.21498301907009001     
          14          18  -1.9122615817213100E-015
          14          19   5.9288511600197317E-015
          14          20   8.1970261867307673E-002
          14          21   3.7444954905860385E-016
          14          22  -5.7537792162410679E-015
          14          23  -3.0875775527003425E-014
          14          24   3.5319197913345618E-014
          14          25   1.2823959080037256E-015
          14          26  -2.4189959607085924E-014
          14          27   1.6934439983325019E-015
          14          28   8.7973062361907627E-015
          14          29   1.1261302586199779E-015
          14          30   1.4407413515346665E-015
          14          31  -3.2110673265120685E-015
          14          32   3.7083450421318269E-015
          14          33   7.5862654305749228E-015
          14          34   2.7906928407517745E-015
          14          35   9.1108357358869013E-016
          14          36   4.2058517794916194E-015
          14          37  -3.1138383126018684E-015
          14          38   2.5240442756607924E-015
          14          39   2.6297461061178878E-015
          15           1  -2.4419683242409947E-015
          15           2  -3.5236840332133986E-015
          15           3   1.2327553165851844E-014
          15           4   6.2634225403937503E-015
          15           5  -9.3538806239712484E-015
          15           6  -4.5312424226315913E-015
          15           7   1.0017160712028027E-014
          15           8   8.2973992260313919E-016
          15           9  0.53658047058303504     
          15          10  -4.1976838671686601E-014
          15          11  -5.9551972728110513E-015
          15          12  -1.4180623916191453     
          15          13   1.4942908022064160E-014
          15          14   7.8550447396579418E-017
          15          15  0.55203700997293403     
          15          16   2.4719809532698985E-017
          15          17  -5.5524703758413998E-015
          15          18 -0.21498301907008446     
          15          19  -2.3750532790467638E-015
          15          20   2.3691308246795522E-015
          15          21   8.1970261867306521E-002
          15          22   8.2806237989818915E-015
          15          23  -1.1611626333381239E-014
          15          24   2.5992133792585047E-014
          15          25   7.9974067996427759E-014
          15          26   4.2711349995826098E-014
          15          27  -2.7593892377502165E-014
          15          28   8.4180107879739614E-016
          15          29   5.4182977857848627E-016
          15          30   3.8824175884346335E-015
          15          31  -9.3438448820330696E-015
          15          32  -9.4933289129514609E-015
          15          33  -5.4212995840883945E-016
          15          34  -1.2553971479546194E-016
          15          35   1.0887664418340357E-015
          15          36  -1.0761429609432603E-015
          15          37   5.3611711409403428E-015
          15          38  -2.0619154272925270E-015
          15          39   6.2225043611975000E-015
          16           1  -6.6785163369657291E-016
          16           2  -4.5167251297256133E-015
          16           3  -5.9154482625611953E-014
          16           4   7.0288208907823329E-014
          16           5   2.1743380795118063E-014
          16           6   5.3818075598797889E-015
          16           7 -0.22115932716261946     
          16           8  -1.0538445116559143E-015
          16           9  -1.4246416546459378E-015
          16          10  0.55106598997395173     
          16          11   1.0692835505921056E-014
          16          12  -1.3168285906140012E-014
          16          13 -0.21498301907009834     
          16          14  -1.1350295703316247E-014
          16          15   2.4719809532698985E-017
          16          16   8.3802157887290341E-002
          16          17   3.0440060194702999E-015
          16          18   1.3121014691419462E-015
          16          19  -3.1962241523770279E-002
          16          20  -1.7924030315530340E-015
          16          21   1.3968860790303290E-015
          16          22   3.1470978810540240E-014
          16          23  -3.9030629450483519E-014
          16          24  -4.9353681184627789E-014
          16          25   7.3004994017915361E-014
          16          26   2.1969869196908866E-014
          16          27   1.1735890948879294E-014
          16          28  -2.2142837642073396E-014
          16          29   1.0325548624624571E-014
          16          30  -1.0708280499926976E-015
          16          31  -5.3317183141724795E-015
          16          32  -6.6147141384104490E-015
          16          33  -2.3633236906671378E-014
          16          34  -8.9009926486752121E-015
          16          35  -2.5740177800136232E-015
          16          36  -1.5719697862882923E-014
          16          37   4.7600274861455923E-015
          16          38  -3.5744932149167472E-015
          16          39  -2.2822225821251666E-015
          17           1   5.0120419934348468E-015
          17           2  -3.2610064441087997E-015
          17           3   1.5422864191479112E-015
          17           4   7.6740114278415748E-015
          17           5   3.9995747742955696E-015
          17           6   7.4437504869997003E-016
          17           7  -6.1816871066433489E-015
          17           8 -0.22115932716262346     
          17           9   3.4831078993269264E-015
          17          10   1.4228201949961759E-014
          17          11  0.55106598997392708     
          17          12   1.2931875622429502E-014
          17          13  -5.3715712433621784E-015
          17          14 -0.21498301907009001     
          17          15  -5.5524703758413998E-015
          17          16   3.0440060194702999E-015
          17          17   8.3802157887282874E-002
          17          18   2.8717737281074054E-015
          17          19  -1.7869820206906072E-015
          17          20  -3.1962241523764930E-002
          17          21  -9.5544300010748551E-016
          17          22   3.2311297564526836E-015
          17          23   1.2298848674774520E-014
          17          24  -1.3851764790050110E-014
          17          25   1.9066560951097014E-016
          17          26   9.5613429374338658E-015
          17          27  -2.0687640344346776E-016
          17          28  -3.7245238027546511E-015
          17          29  -4.7655708833417794E-016
          17          30  -6.8356408297169569E-016
          17          31   1.1328058247616900E-015
          17          32  -1.4656821987936094E-015
          17          33  -3.1649870191462438E-015
          17          34  -1.1276224380759419E-015
          17          35  -3.4501161244656568E-016
          17          36  -1.7194931906694833E-015
          17          37   1.2288853122075387E-015
          17          38  -9.7938905207422662E-016
          17          39  -1.0869024599011527E-015
          18           1   2.3784826948205821E-015
          18           2   1.0346652932445874E-015
          18           3  -1.5938841908247407E-015
          18           4  -5.2616027415659256E-015
          18           5   2.4152440245126471E-015
          18           6   1.3859759751127208E-015
          18           7  -7.0759370585093788E-015
          18           8  -1.4246687597002585E-015
          18           9 -0.22115932716261605     
          18          10   2.4875934645507347E-014
          18          11   7.3991377261272950E-015
          18          12  0.55106598997391132     
          18          13  -9.1645441235854498E-015
          18          14  -1.9122615817213100E-015
          18          15 -0.21498301907008446     
          18          16   1.3121014691419462E-015
          18          17   2.8717737281074054E-015
          18          18   8.3802157887277726E-002
          18          19   4.1817677792766586E-016
          18          20  -1.1772775408615991E-015
          18          21  -3.1962241523763320E-002
          18          22  -3.1546465153330191E-015
          18          23   4.5020359577034121E-015
          18          24  -9.8381611297310161E-015
          18          25  -3.1035108656758312E-014
          18          26  -1.6492076828689059E-014
          18          27   1.0869611856367369E-014
          18          28   4.9514108834063207E-016
          18          29  -1.5521563567494158E-016
          18          30  -7.3392374623575920E-016
          18          31   3.6521258385974341E-015
          18          32   3.6331555927050207E-015
          18          33   1.0024030160998657E-015
          18          34   4.5310943660965143E-016
          18          35  -4.5183925604941486E-016
          18          36   8.0448433792591963E-016
          18          37  -2.0938694859326481E-015
          18          38   7.7590614987483945E-016
          18          39  -2.0044103496076692E-015
          19           1   2.7277056999645785E-017
          19           2   8.4537375379276167E-016
          19           3   2.9702075588191567E-014
          19           4  -3.2159180293924311E-014
          19           5  -1.0145495566379496E-014
          19           6  -2.4601210370532614E-015
          19           7   8.5780930482380280E-002
          19           8   2.0387337651417449E-015
          19           9  -1.3361707573711447E-015
          19          10 -0.20997372177180618     
          19          11  -8.1939663387764594E-015
          19          12   1.1129985821867237E-014
          19          13   8.1970261867317262E-002
          19          14   5.9288511600197317E-015
          19          15  -2.3750532790467638E-015
          19          16  -3.1962241523770279E-002
          19          17  -1.7869820206906072E-015
          19          18   4.1817677792766586E-016
          19          19   1.2191576026872871E-002
          19          20   9.2211394769892034E-016
          19          21  -8.8148347128503040E-016
          19          22  -1.1524101717900889E-014
          19          23   1.5139988956141357E-014
          19          24   1.8242676253228703E-014
          19          25  -2.7204839758316526E-014
          19          26  -8.2002655849129897E-015
          19          27  -4.4896143429606084E-015
          19          28   9.6851069476443303E-015
          19          29  -3.9758523748892625E-015
          19          30   1.8237766499667436E-015
          19          31   1.9382129630191823E-015
          19          32   2.4908711045096922E-015
          19          33   1.0327652152140066E-014
          19          34   3.9581269064675866E-015
          19          35   9.8973959231760891E-016
          19          36   6.5165341426732100E-015
          19          37  -1.7904517127173551E-015
          19          38   1.3654825173939085E-015
          19          39   1.4218898570776158E-015
          20           1   3.0106688128280310E-016
          20           2   2.0705252224569872E-015
          20           3  -1.0964081062488038E-015
          20           4  -2.4092184788393312E-015
          20           5  -1.3173480951982275E-015
          20           6  -2.3868130810037933E-016
          20           7   3.7908044758783145E-015
          20           8   8.5780930482374423E-002
          20           9  -3.7237635121690304E-015
          20          10  -9.6199090360293727E-015
          20          11 -0.20997372177178036     
          20          12  -5.8375613370964719E-015
          20          13   3.6741443221188735E-015
          20          14   8.1970261867307673E-002
          20          15   2.3691308246795522E-015
          20          16  -1.7924030315530340E-015
          20          17  -3.1962241523764930E-002
          20          18  -1.1772775408615991E-015
          20          19   9.2211394769892034E-016
          20          20   1.2191576026869873E-002
          20          21   3.9189927480499033E-016
          20          22  -1.5781956163760328E-015
          20          23  -4.8671341758315098E-015
          20          24   5.5614871747669445E-015
          20          25  -4.4429603807376434E-016
          20          26  -3.7420185744217281E-015
          20          27   3.5769159831514869E-017
          20          28   1.3300099508962918E-015
          20          29   2.0927389767988169E-016
          20          30   7.0642687795912323E-017
          20          31  -3.7191667869343403E-016
          20          32   5.7406019937710100E-016
          20          33   1.0682097814983106E-015
          20          34   3.5683097318847958E-016
          20          35   1.2499812559078220E-016
          20          36   6.0579538452936859E-016
          20          37  -4.8123415399884309E-016
          20          38   3.7004868103846548E-016
          20          39   3.5279481009253583E-016
          21           1  -8.9016327103307691E-016
          21           2  -5.0423970434857724E-016
          21           3  -8.5967179797552851E-016
          21           4   3.0468277031926138E-015
          21           5  -5.4723421517100054E-016
          21           6  -4.3422303556402971E-016
          21           7  -7.9374441047664578E-016
          21           8   1.3925221652860394E-016
          21           9   8.5780930482369469E-002
          21          10   3.2326571974828104E-015
          21          11  -1.9241335955100109E-015
          21          12 -0.20997372177177717     
          21          13  -1.4046923346722296E-015
          21          14   3.7444954905860385E-016
          21          15   8.1970261867306521E-002
          21          16   1.3968860790303290E-015
          21          17  -9.5544300010748551E-016
          21          18  -3.1962241523763320E-002
          21          19  -8.8148347128503040E-016
          21          20   3.9189927480499033E-016
          21          21   1.2191576026869393E-002
          21          22   9.3954840313176354E-016
          21          23  -1.8940249869251853E-015
          21          24   4.0781882207511498E-015
          21          25   1.1461358273090668E-014
          21          26   6.1726193628542792E-015
          21          27  -4.1176942125280137E-015
          21          28  -4.0508461948076512E-016
          21          29   8.1098548989795859E-017
          21          30  -2.8952116567100312E-017
          21          31  -1.3370757533097525E-015
          21          32  -1.3619602854167951E-015
          21          33  -6.4181349619372181E-016
          21          34  -2.9892431145086277E-016
          21          35   1.6892687687732851E-016
          21          36  -4.0779031108012719E-016
          21          37   7.8576500337705699E-016
          21          38  -2.9627631585740111E-016
          21          39   6.4735271265013203E-016
          22           1  0.14639421598669977     
          22           2 -0.30188275568298534     
          22           3 -0.17555050010200099     
          22           4   6.7017752082890658E-003
          22           5  -1.7032023391873010E-002
          22           6  -4.6519985268290770E-003
          22           7  -4.0167702838177578E-014
          22           8   2.5546156156082785E-015
          22           9  -1.1113858819955162E-014
          22          10   2.1378463806025967E-013
          22          11   7.4567288512287733E-015
          22          12  -2.7201278911929786E-014
          22          13  -8.2633143154620908E-014
          22          14  -5.7537792162410679E-015
          22          15   8.2806237989818915E-015
          22          16   3.1470978810540240E-014
          22          17   3.2311297564526836E-015
          22          18  -3.1546465153330191E-015
          22          19  -1.1524101717900889E-014
          22          20  -1.5781956163760328E-015
          22          21   9.3954840313176354E-016
          22          22  0.74255443293686940     
          22          23  0.40989813428075578     
          22          24 -0.66111794733810747     
          22          25  0.81789238475344850     
          22          26  0.22504746943321291     
          22          27   6.6967956662084674E-002
          22          28 -0.10320439575488301     
          22          29  -6.5133329645085239E-002
          22          30  0.11984091285228407     
          22          31 -0.12996412975586807     
          22          32  -3.5760326253026949E-002
          22          33   4.1471459645722741E-003
          22          34   3.1321275294927037E-002
          22          35   1.5216550520107883E-002
          22          36  -2.0786919160784706E-002
          22          37   3.0362423616419876E-002
          22          38   8.3543834471529639E-003
          22          39   6.2416399241170843E-003
          23           1  -3.8898024798626899E-015
          23           2  -2.2510704238666945E-016
          23           3  -5.8091825663528579E-014
          23           4   2.2668319976759570E-014
          23           5   5.3653236525599683E-015
          23           6  -1.0710248895027775E-015
          23           7   5.9381047744555955E-014
          23           8  -1.8059279473389180E-014
          23           9  -1.4839210173208201E-014
          23          10  -2.6181363053599712E-013
          23          11   7.6494365592888268E-014
          23          12   2.7978459792415027E-014
          23          13   1.0008213760426809E-013
          23          14  -3.0875775527003425E-014
          23          15  -1.1611626333381239E-014
          23          16  -3.9030629450483519E-014
          23          17   1.2298848674774520E-014
          23          18   4.5020359577034121E-015
          23          19   1.5139988956141357E-014
          23          20  -4.8671341758315098E-015
          23          21  -1.8940249869251853E-015
          23          22  0.40989813428075578     
          23          23  0.24241784031494759     
          23          24 -0.42024769581207888     
          23          25  0.48370970477794129     
          23          26  0.13309531550825937     
          23          27   1.0349561531351100E-002
          23          28  -6.5133329645088056E-002
          23          29  -3.8520500057383188E-002
          23          30   6.6777888003674193E-002
          23          31  -7.6862081134162472E-002
          23          32  -2.1149013216242324E-002
          23          33  -1.6445583585962811E-003
          23          34   1.5216550520106949E-002
          23          35   8.9992195758598782E-003
          23          36  -1.5600754820475101E-002
          23          37   1.7956639819147777E-002
          23          38   4.9408656030491540E-003
          23          39   3.8420430036575172E-004
          24           1  0.14639421598670702     
          24           2 -0.30188275568298911     
          24           3 -0.17555050010187742     
          24           4   6.7017752082637128E-003
          24           5  -1.7032023391873926E-002
          24           6  -4.6519985268216116E-003
          24           7   8.2505722852707628E-014
          24           8   2.3921267843854936E-014
          24           9  -3.9236283809015581E-015
          24          10  -3.3418791941372613E-013
          24          11  -8.6236396208829025E-014
          24          12  -6.8509769899315682E-014
          24          13   1.2898082575844469E-013
          24          14   3.5319197913345618E-014
          24          15   2.5992133792585047E-014
          24          16  -4.9353681184627789E-014
          24          17  -1.3851764790050110E-014
          24          18  -9.8381611297310161E-015
          24          19   1.8242676253228703E-014
          24          20   5.5614871747669445E-015
          24          21   4.0781882207511498E-015
          24          22 -0.66111794733810747     
          24          23 -0.42024769581207888     
          24          24  0.77799590596276513     
          24          25 -0.83854343645159812     
          24          26 -0.23072971689319685     
          24          27   3.1526483636099320E-002
          24          28  0.11984091285227735     
          24          29   6.6777888003674998E-002
          24          30 -0.10883609044350573     
          24          31  0.13324560787270268     
          24          32   3.6663242529007364E-002
          24          33   9.7788406531986154E-003
          24          34  -2.0786919160784789E-002
          24          35  -1.5600754820472873E-002
          24          36   3.2636960631606503E-002
          24          37  -3.1129047675370742E-002
          24          38  -8.5653241622026550E-003
          24          39   4.9259545874304833E-003
          25           1  -1.4870084854744373E-015
          25           2  -3.2957461776202735E-016
          25           3  -7.6189778706635677E-014
          25           4   1.6657061148764495E-014
          25           5   9.9658784478048238E-016
          25           6  -4.2580754077460351E-015
          25           7  -1.1248964678431766E-013
          25           8   3.4744559560682794E-015
          25           9   4.7876615640622371E-014
          25          10   4.9356530412391480E-013
          25          11  -1.1007657710269515E-014
          25          12  -2.1132590287321602E-013
          25          13  -1.9024101437061691E-013
          25          14   1.2823959080037256E-015
          25          15   7.9974067996427759E-014
          25          16   7.3004994017915361E-014
          25          17   1.9066560951097014E-016
          25          18  -3.1035108656758312E-014
          25          19  -2.7204839758316526E-014
          25          20  -4.4429603807376434E-016
          25          21   1.1461358273090668E-014
          25          22  0.81789238475344850     
          25          23  0.48370970477794129     
          25          24 -0.83854343645159812     
          25          25  0.96517268775426879     
          25          26  0.26557243348173426     
          25          27   2.0651051698203481E-002
          25          28 -0.12996412975586411     
          25          29  -7.6862081134160612E-002
          25          30  0.13324560787270431     
          25          31 -0.15336715534517298     
          25          32  -4.2199794065827127E-002
          25          33  -3.2814781168395831E-003
          25          34   3.0362423616420654E-002
          25          35   1.7956639819147188E-002
          25          36  -3.1129047675370520E-002
          25          37   3.5829875121563923E-002
          25          38   9.8587820066930367E-003
          25          39   7.6662405895366805E-004
          26           1   2.3698876989400912E-015
          26           2  -7.6334639731272760E-017
          26           3   5.3186926265789627E-014
          26           4  -4.8235864140094122E-014
          26           5  -1.7601241650479439E-014
          26           6  -5.0728189076709943E-015
          26           7  -3.1968012680806708E-014
          26           8  -1.5439102837738215E-014
          26           9   1.6377974885851591E-014
          26          10   1.4874587979497034E-013
          26          11   6.0737179491499482E-014
          26          12  -1.1297183567700934E-013
          26          13  -5.7241955730011565E-014
          26          14  -2.4189959607085924E-014
          26          15   4.2711349995826098E-014
          26          16   2.1969869196908866E-014
          26          17   9.5613429374338658E-015
          26          18  -1.6492076828689059E-014
          26          19  -8.2002655849129897E-015
          26          20  -3.7420185744217281E-015
          26          21   6.1726193628542792E-015
          26          22  0.22504746943321291     
          26          23  0.13309531550825937     
          26          24 -0.23072971689319685     
          26          25  0.26557243348173426     
          26          26   7.3073677198133319E-002
          26          27   5.6822474599943036E-003
          26          28  -3.5760326253011128E-002
          26          29  -2.1149013216240638E-002
          26          30   3.6663242529018515E-002
          26          31  -4.2199794065824789E-002
          26          32  -1.1611499314766216E-002
          26          33  -9.0291627596865366E-004
          26          34   8.3543834471558626E-003
          26          35   4.9408656030474531E-003
          26          36  -8.5653241621946440E-003
          26          37   9.8587820066899680E-003
          26          38   2.7126966623717795E-003
          26          39   2.1094071505563581E-004
          27           1  0.14639421598669802     
          27           2 -0.30188275568298806     
          27           3 -0.17555050010207215     
          27           4   6.7017752083696480E-003
          27           5  -1.7032023391842115E-002
          27           6  -4.6519985268186478E-003
          27           7  -9.6071002680494604E-015
          27           8   3.0447940320342892E-015
          27           9  -4.3259991890016241E-014
          27          10   7.9219486018959931E-014
          27          11  -5.7764182656263852E-015
          27          12   6.7697859313961193E-014
          27          13  -3.0329329876895191E-014
          27          14   1.6934439983325019E-015
          27          15  -2.7593892377502165E-014
          27          16   1.1735890948879294E-014
          27          17  -2.0687640344346776E-016
          27          18   1.0869611856367369E-014
          27          19  -4.4896143429606084E-015
          27          20   3.5769159831514869E-017
          27          21  -4.1176942125280137E-015
          27          22   6.6967956662084674E-002
          27          23   1.0349561531351100E-002
          27          24   3.1526483636099320E-002
          27          25   2.0651051698203481E-002
          27          26   5.6822474599943036E-003
          27          27   4.9910001962627668E-002
          27          28   4.1471459645480990E-003
          27          29  -1.6445583585942003E-003
          27          30   9.7788406531803731E-003
          27          31  -3.2814781168419745E-003
          27          32  -9.0291627598210352E-004
          27          33   6.8576764441757275E-003
          27          34   6.2416399241060913E-003
          27          35   3.8420430036635827E-004
          27          36   4.9259545874228228E-003
          27          37   7.6662405895126481E-004
          27          38   2.1094071504975488E-004
          27          39   5.6084015466993081E-003
          28           1  0.24890178538262195     
          28           2 -0.33278810970741368     
          28           3   2.1898921347066445     
          28           4  -1.6904093053683895     
          28           5 -0.59336730633284052     
          28           6 -0.13052904286476685     
          28           7   3.4754235773333287E-014
          28           8   6.1114599182139985E-015
          28           9  -3.9100514365653994E-014
          28          10  -1.2850159432734821E-013
          28          11  -2.2735440733079825E-014
          28          12   2.2726851955747912E-015
          28          13   5.1999805094308337E-014
          28          14   8.7973062361907627E-015
          28          15   8.4180107879739614E-016
          28          16  -2.2142837642073396E-014
          28          17  -3.7245238027546511E-015
          28          18   4.9514108834063207E-016
          28          19   9.6851069476443303E-015
          28          20   1.3300099508962918E-015
          28          21  -4.0508461948076512E-016
          28          22 -0.10320439575488301     
          28          23  -6.5133329645088056E-002
          28          24  0.11984091285227735     
          28          25 -0.12996412975586411     
          28          26  -3.5760326253011128E-002
          28          27   4.1471459645480990E-003
          28          28  0.43831527771383055     
          28          29   1.0349768090795370E-002
          28          30  0.40287309733700771     
          28          31   2.0651463857665198E-002
          28          32   5.6823608678785989E-003
          28          33  0.42125698256694638     
          28          34  0.17143533485570606     
          28          35  -2.4179290369935108E-003
          28          36  0.17971539256479768     
          28          37  -4.8246273423525332E-003
          28          38  -1.3275220488596893E-003
          28          39  0.17542052049420556     
          29           1   1.5652428178542629E-015
          29           2   2.5767492360604433E-016
          29           3   9.2341488225187254E-015
          29           4  -3.5878045072609941E-015
          29           5  -8.4361236206123801E-016
          29           6   1.7230161689575618E-016
          29           7  -1.7015131748699478E-014
          29           8  -1.6654214847038767E-015
          29           9  -6.9252181091068261E-015
          29          10   6.9187873138287472E-014
          29          11  -2.5280560028692301E-015
          29          12  -1.8725646615100783E-015
          29          13  -2.6538139041326722E-014
          29          14   1.1261302586199779E-015
          29          15   5.4182977857848627E-016
          29          16   1.0325548624624571E-014
          29          17  -4.7655708833417794E-016
          29          18  -1.5521563567494158E-016
          29          19  -3.9758523748892625E-015
          29          20   2.0927389767988169E-016
          29          21   8.1098548989795859E-017
          29          22  -6.5133329645085239E-002
          29          23  -3.8520500057383188E-002
          29          24   6.6777888003674998E-002
          29          25  -7.6862081134160612E-002
          29          26  -2.1149013216240638E-002
          29          27  -1.6445583585942003E-003
          29          28   1.0349768090795370E-002
          29          29   6.1209559607621209E-003
          29          30  -1.0611090484658735E-002
          29          31   1.2213481470227152E-002
          29          32   3.3606048290482499E-003
          29          33   2.6132239386496438E-004
          29          34  -2.4179290369942814E-003
          29          35  -1.4299873216341806E-003
          29          36   2.4789795840792200E-003
          29          37  -2.8533326766926109E-003
          29          38  -7.8510976543025518E-004
          29          39  -6.1050547084565848E-005
          30           1  0.24890178538262273     
          30           2 -0.33278810970741407     
          30           3   2.1898921347066018     
          30           4  -1.6904093053683700     
          30           5 -0.59336730633283508     
          30           6 -0.13052904286476688     
          30           7   2.5186937402617969E-015
          30           8   1.4177747663209074E-015
          30           9  -3.2885790499152949E-014
          30          10   1.3959887836358395E-014
          30          11  -5.7628644372556136E-015
          30          12  -6.0425588199624995E-015
          30          13  -2.8897492497321646E-015
          30          14   1.4407413515346665E-015
          30          15   3.8824175884346335E-015
          30          16  -1.0708280499926976E-015
          30          17  -6.8356408297169569E-016
          30          18  -7.3392374623575920E-016
          30          19   1.8237766499667436E-015
          30          20   7.0642687795912323E-017
          30          21  -2.8952116567100312E-017
          30          22  0.11984091285228407     
          30          23   6.6777888003674193E-002
          30          24 -0.10883609044350573     
          30          25  0.13324560787270431     
          30          26   3.6663242529018515E-002
          30          27   9.7788406531803731E-003
          30          28  0.40287309733700771     
          30          29  -1.0611090484658735E-002
          30          30  0.43921016109078359     
          30          31  -2.1172894862191597E-002
          30          32  -5.8258354010090876E-003
          30          33  0.42036209918998257     
          30          34  0.17971539256479732     
          30          35   2.4789795840798592E-003
          30          36  0.17122627079910907     
          30          37   4.9464448705945742E-003
          30          38   1.3610407940826596E-003
          30          39  0.17562958455079941     
          31           1  -1.1817524006200207E-015
          31           2   1.2591610673192536E-015
          31           3  -1.6745744623742205E-014
          31           4   1.8362159364225732E-014
          31           5   7.0265456197531881E-015
          31           6   2.2482832778308855E-015
          31           7   9.2180324177732634E-015
          31           8  -2.2496342116284068E-015
          31           9  -9.0179797227477492E-015
          31          10  -3.6083360476341765E-014
          31          11   9.5926262110478886E-015
          31          12   2.4485999980374815E-014
          31          13   1.4012449808297983E-014
          31          14  -3.2110673265120685E-015
          31          15  -9.3438448820330696E-015
          31          16  -5.3317183141724795E-015
          31          17   1.1328058247616900E-015
          31          18   3.6521258385974341E-015
          31          19   1.9382129630191823E-015
          31          20  -3.7191667869343403E-016
          31          21  -1.3370757533097525E-015
          31          22 -0.12996412975586807     
          31          23  -7.6862081134162472E-002
          31          24  0.13324560787270268     
          31          25 -0.15336715534517298     
          31          26  -4.2199794065824789E-002
          31          27  -3.2814781168419745E-003
          31          28   2.0651463857665198E-002
          31          29   1.2213481470227152E-002
          31          30  -2.1172894862191597E-002
          31          31   2.4370234090854159E-002
          31          32   6.7056004113491795E-003
          31          33   5.2143100451086037E-004
          31          34  -4.8246273423592180E-003
          31          35  -2.8533326766925862E-003
          31          36   4.9464448705880655E-003
          31          37  -5.6934122706610319E-003
          31          38  -1.5665728741794266E-003
          31          39  -1.2181752823581218E-004
          32           1  -1.8355465858256016E-015
          32           2  -3.4028202105316225E-016
          32           3  -7.6849922713279202E-015
          32           4   7.0913273919556435E-015
          32           5   2.5960755724594949E-015
          32           6   7.6199133356809364E-016
          32           7   8.8864115463712159E-015
          32           8   2.1890279457208295E-015
          32           9   1.0799860947142560E-015
          32          10  -4.4807725412552859E-014
          32          11  -9.3160326129442288E-015
          32          12   2.5513620976952534E-014
          32          13   1.7185214479726357E-014
          32          14   3.7083450421318269E-015
          32          15  -9.4933289129514609E-015
          32          16  -6.6147141384104490E-015
          32          17  -1.4656821987936094E-015
          32          18   3.6331555927050207E-015
          32          19   2.4908711045096922E-015
          32          20   5.7406019937710100E-016
          32          21  -1.3619602854167951E-015
          32          22  -3.5760326253026949E-002
          32          23  -2.1149013216242324E-002
          32          24   3.6663242529007364E-002
          32          25  -4.2199794065827127E-002
          32          26  -1.1611499314766216E-002
          32          27  -9.0291627598210352E-004
          32          28   5.6823608678785989E-003
          32          29   3.3606048290482499E-003
          32          30  -5.8258354010090876E-003
          32          31   6.7056004113491795E-003
          32          32   1.8450818613006720E-003
          32          33   1.4347453312476139E-004
          32          34  -1.3275220488619152E-003
          32          35  -7.8510976543004767E-004
          32          36   1.3610407940797948E-003
          32          37  -1.5665728741790258E-003
          32          38  -4.3105091524124302E-004
          32          39  -3.3518745220379336E-005
          33           1  0.24890178538262442     
          33           2 -0.33278810970741290     
          33           3   2.1898921347066778     
          33           4  -1.6904093053684186     
          33           5 -0.59336730633285084     
          33           6 -0.13052904286476968     
          33           7   3.6893355220943850E-014
          33           8   5.6321550261171837E-015
          33           9  -3.7344348291334696E-014
          33          10  -1.3828253081719190E-013
          33          11  -2.0597792470229095E-014
          33          12   5.7329475164254636E-015
          33          13   5.5646232129109152E-014
          33          14   7.5862654305749228E-015
          33          15  -5.4212995840883945E-016
          33          16  -2.3633236906671378E-014
          33          17  -3.1649870191462438E-015
          33          18   1.0024030160998657E-015
          33          19   1.0327652152140066E-014
          33          20   1.0682097814983106E-015
          33          21  -6.4181349619372181E-016
          33          22   4.1471459645722741E-003
          33          23  -1.6445583585962811E-003
          33          24   9.7788406531986154E-003
          33          25  -3.2814781168395831E-003
          33          26  -9.0291627596865366E-004
          33          27   6.8576764441757275E-003
          33          28  0.42125698256694638     
          33          29   2.6132239386496438E-004
          33          30  0.42036209918998257     
          33          31   5.2143100451086037E-004
          33          32   1.4347453312476139E-004
          33          33  0.42082627586087845     
          33          34  0.17542052049421406     
          33          35  -6.1050547083715833E-005
          33          36  0.17562958455080777     
          33          37  -1.2181752822892793E-004
          33          38  -3.3518745217767642E-005
          33          39  0.17552114286969722     
          34           1  0.11077804091085774     
          34           2 -0.15522135879229529     
          34           3  0.90180377230184539     
          34           4 -0.70318047817143570     
          34           5 -0.24789483122031725     
          34           6  -5.4581628629570778E-002
          34           7   1.2189707037365068E-014
          34           8   1.9589063594628532E-015
          34           9  -2.7215923857873917E-014
          34          10  -5.1482947505296546E-014
          34          11  -7.9674109371917172E-015
          34          12   8.1085847388190780E-016
          34          13   2.0727204184627309E-014
          34          14   2.7906928407517745E-015
          34          15  -1.2553971479546194E-016
          34          16  -8.9009926486752121E-015
          34          17  -1.1276224380759419E-015
          34          18   4.5310943660965143E-016
          34          19   3.9581269064675866E-015
          34          20   3.5683097318847958E-016
          34          21  -2.9892431145086277E-016
          34          22   3.1321275294927037E-002
          34          23   1.5216550520106949E-002
          34          24  -2.0786919160784789E-002
          34          25   3.0362423616420654E-002
          34          26   8.3543834471558626E-003
          34          27   6.2416399241060913E-003
          34          28  0.17143533485570606     
          34          29  -2.4179290369942814E-003
          34          30  0.17971539256479732     
          34          31  -4.8246273423592180E-003
          34          32  -1.3275220488619152E-003
          34          33  0.17542052049421406     
          34          34   7.4315205477894761E-002
          34          35   5.6488036994225340E-004
          34          36   7.2380805423016642E-002
          34          37   1.1271369987658347E-003
          34          38   3.1013778096677518E-004
          34          39   7.3384180165187926E-002
          35           1   3.2324602704288323E-015
          35           2  -8.0946780396253325E-016
          35           3   2.7313292376504613E-015
          35           4  -3.1399822355600457E-015
          35           5  -1.2260109245421453E-015
          35           6  -3.5466082855282661E-016
          35           7   3.4030439499379705E-015
          35           8   1.3903703738076023E-015
          35           9   5.0538384357479084E-015
          35          10  -1.7369494316990444E-014
          35          11  -2.4391101788281943E-015
          35          12  -2.4666447404510708E-015
          35          13   6.6319396504112043E-015
          35          14   9.1108357358869013E-016
          35          15   1.0887664418340357E-015
          35          16  -2.5740177800136232E-015
          35          17  -3.4501161244656568E-016
          35          18  -4.5183925604941486E-016
          35          19   9.8973959231760891E-016
          35          20   1.2499812559078220E-016
          35          21   1.6892687687732851E-016
          35          22   1.5216550520107883E-002
          35          23   8.9992195758598782E-003
          35          24  -1.5600754820472873E-002
          35          25   1.7956639819147188E-002
          35          26   4.9408656030474531E-003
          35          27   3.8420430036635827E-004
          35          28  -2.4179290369935108E-003
          35          29  -1.4299873216341806E-003
          35          30   2.4789795840798592E-003
          35          31  -2.8533326766925862E-003
          35          32  -7.8510976543004767E-004
          35          33  -6.1050547083715833E-005
          35          34   5.6488036994225340E-004
          35          35   3.3407587852991047E-004
          35          36  -5.7914309440306778E-004
          35          37   6.6660005042201351E-004
          35          38   1.8341857347992801E-004
          35          39   1.4262724461992629E-005
          36           1  0.11077804091085543     
          36           2 -0.15522135879229437     
          36           3  0.90180377230184550     
          36           4 -0.70318047817143292     
          36           5 -0.24789483122031594     
          36           6  -5.4581628629570195E-002
          36           7   2.3166479476662891E-014
          36           8   2.7038098032126247E-015
          36           9  -2.4434341138019913E-014
          36          10  -9.7453151874674796E-014
          36          11  -1.1158436353900885E-014
          36          12   3.8022450390823867E-015
          36          13   3.8440767969759874E-014
          36          14   4.2058517794916194E-015
          36          15  -1.0761429609432603E-015
          36          16  -1.5719697862882923E-014
          36          17  -1.7194931906694833E-015
          36          18   8.0448433792591963E-016
          36          19   6.5165341426732100E-015
          36          20   6.0579538452936859E-016
          36          21  -4.0779031108012719E-016
          36          22  -2.0786919160784706E-002
          36          23  -1.5600754820475101E-002
          36          24   3.2636960631606503E-002
          36          25  -3.1129047675370520E-002
          36          26  -8.5653241621946440E-003
          36          27   4.9259545874228228E-003
          36          28  0.17971539256479768     
          36          29   2.4789795840792200E-003
          36          30  0.17122627079910907     
          36          31   4.9464448705880655E-003
          36          32   1.3610407940797948E-003
          36          33  0.17562958455080777     
          36          34   7.2380805423016642E-002
          36          35  -5.7914309440306778E-004
          36          36   7.4364047350349127E-002
          36          37  -1.1555962005671426E-003
          36          38  -3.1796848273941205E-004
          36          39   7.3335338292732102E-002
          37           1  -5.0745058577438243E-016
          37           2  -1.3272562285681277E-016
          37           3   2.2423421256422677E-014
          37           4  -1.7320922081434058E-014
          37           5  -6.0282890363441797E-015
          37           6  -1.4814390895610116E-015
          37           7  -7.9614172696388125E-015
          37           8  -1.5161439610709446E-015
          37           9   5.6424840223083350E-015
          37          10   3.2033164999712105E-014
          37          11   7.8503840994745615E-015
          37          12  -1.3841544904467222E-014
          37          13  -1.2348795942317064E-014
          37          14  -3.1138383126018684E-015
          37          15   5.3611711409403428E-015
          37          16   4.7600274861455923E-015
          37          17   1.2288853122075387E-015
          37          18  -2.0938694859326481E-015
          37          19  -1.7904517127173551E-015
          37          20  -4.8123415399884309E-016
          37          21   7.8576500337705699E-016
          37          22   3.0362423616419876E-002
          37          23   1.7956639819147777E-002
          37          24  -3.1129047675370742E-002
          37          25   3.5829875121563923E-002
          37          26   9.8587820066899680E-003
          37          27   7.6662405895126481E-004
          37          28  -4.8246273423525332E-003
          37          29  -2.8533326766926109E-003
          37          30   4.9464448705945742E-003
          37          31  -5.6934122706610319E-003
          37          32  -1.5665728741790258E-003
          37          33  -1.2181752822892793E-004
          37          34   1.1271369987658347E-003
          37          35   6.6660005042201351E-004
          37          36  -1.1555962005671426E-003
          37          37   1.3301038948935876E-003
          37          38   3.6598520931258147E-004
          37          39   2.8459201806811764E-005
          38           1  -8.1708154564577007E-017
          38           2  -3.4563260850289956E-016
          38           3   9.0390570379686890E-015
          38           4  -6.9173615661361275E-015
          38           5  -2.4046545066554433E-015
          38           6  -5.7127823632112341E-016
          38           7   4.7739150287829038E-015
          38           8   3.0069447690778321E-015
          38           9   1.9864275830152333E-015
          38          10  -2.4146570805611485E-014
          38          11  -6.5112181790264869E-015
          38          12   5.6515024446936025E-015
          38          13   9.2335563426575548E-015
          38          14   2.5240442756607924E-015
          38          15  -2.0619154272925270E-015
          38          16  -3.5744932149167472E-015
          38          17  -9.7938905207422662E-016
          38          18   7.7590614987483945E-016
          38          19   1.3654825173939085E-015
          38          20   3.7004868103846548E-016
          38          21  -2.9627631585740111E-016
          38          22   8.3543834471529639E-003
          38          23   4.9408656030491540E-003
          38          24  -8.5653241622026550E-003
          38          25   9.8587820066930367E-003
          38          26   2.7126966623717795E-003
          38          27   2.1094071504975488E-004
          38          28  -1.3275220488596893E-003
          38          29  -7.8510976543025518E-004
          38          30   1.3610407940826596E-003
          38          31  -1.5665728741794266E-003
          38          32  -4.3105091524124302E-004
          38          33  -3.3518745217767642E-005
          38          34   3.1013778096677518E-004
          38          35   1.8341857347992801E-004
          38          36  -3.1796848273941205E-004
          38          37   3.6598520931258147E-004
          38          38   1.0070279017286095E-004
          38          39   7.8307017748124267E-006
          39           1  0.11077804091084664     
          39           2 -0.15522135879229404     
          39           3  0.90180377230182041     
          39           4 -0.70318047817141560     
          39           5 -0.24789483122031014     
          39           6  -5.4581628629569084E-002
          39           7   2.0234884695026255E-015
          39           8   1.8557335146114005E-015
          39           9  -2.2871985391108465E-014
          39          10  -6.9848533371448545E-015
          39          11  -7.3057023732096967E-015
          39          12  -1.5580204562234249E-014
          39          13   3.6710641372120340E-015
          39          14   2.6297461061178878E-015
          39          15   6.2225043611975000E-015
          39          16  -2.2822225821251666E-015
          39          17  -1.0869024599011527E-015
          39          18  -2.0044103496076692E-015
          39          19   1.4218898570776158E-015
          39          20   3.5279481009253583E-016
          39          21   6.4735271265013203E-016
          39          22   6.2416399241170843E-003
          39          23   3.8420430036575172E-004
          39          24   4.9259545874304833E-003
          39          25   7.6662405895366805E-004
          39          26   2.1094071505563581E-004
          39          27   5.6084015466993081E-003
          39          28  0.17542052049420556     
          39          29  -6.1050547084565848E-005
          39          30  0.17562958455079941     
          39          31  -1.2181752823581218E-004
          39          32  -3.3518745220379336E-005
          39          33  0.17552114286969722     
          39          34   7.3384180165187926E-002
          39          35   1.4262724461992629E-005
          39          36   7.3335338292732102E-002
          39          37   2.8459201806811764E-005
          39          38   7.8307017748124267E-006
          39          39   7.3360672608172861E-002
