           1           1   2.1943124418958706     
           1           2  0.61429325408935032     
           1           3 -0.34372928792990204     
           1           4 -0.19266159510645037     
           1           5   4.0822727410375008E-002
           1           6  -1.9294764036662866E-014
           1           7  -5.8755131643039629E-015
           1           8   2.7951299624061064E-015
           1           9  -1.2280031639238277E-015
           1          10   1.5954813787708026E-015
           1          11  -2.9793729963844785E-017
           1          12   9.2857402310484676E-016
           1          13  -6.2061225641003052E-016
           1          14  -1.8124160697780271E-015
           1          15  -3.8972206044839900E-015
           1          16  -2.4946903392194981E-015
           1          17   5.3852925928079929E-016
           1          18  0.16660553678392306     
           1          19  -3.2943353919712844E-015
           1          20  0.16660553678392548     
           1          21   2.6003114929889943E-015
           1          22   2.5893148912338800E-015
           1          23  0.16660553678392051     
           1          24   6.5150476439456900E-002
           1          25   5.4226710650780483E-015
           1          26   6.5150476439467642E-002
           1          27  -5.7715292210647913E-015
           1          28   6.8908415308364145E-015
           1          29   6.5150476439460064E-002
           1          30   4.9640579195671178E-002
           1          31  -1.3951870100685574E-015
           1          32   4.9640579195659042E-002
           1          33  -7.7022444712682512E-016
           1          34  -5.1034566006485408E-015
           1          35   4.9640579195662983E-002
           2           1  0.61429325408935032     
           2           2   2.1346976445341026     
           2           3 -0.89505757051281321     
           2           4 -0.43899920909052448     
           2           5   9.4023628249133295E-002
           2           6  -1.2255444334219265E-013
           2           7  -2.2432132265105965E-014
           2           8   1.5739052525545273E-015
           2           9   2.5461891139118224E-014
           2          10   1.0427232772259356E-015
           2          11  -1.2344383315868808E-015
           2          12  -4.6629595877723022E-015
           2          13   1.0631093283815743E-016
           2          14   1.6183879645524339E-015
           2          15  -4.1307273731812903E-016
           2          16  -2.2605510502056038E-015
           2          17  -1.5432328297887796E-015
           2          18  0.38398502745036489     
           2          19   1.3190039861998283E-015
           2          20  0.38398502745036123     
           2          21   5.2375927156590486E-015
           2          22   2.3694313224735472E-015
           2          23  0.38398502745037699     
           2          24  0.15754163336097757     
           2          25   2.2613181965025281E-015
           2          26  0.15754163336097260     
           2          27   1.9728218707706051E-015
           2          28   4.4884432804965276E-016
           2          29  0.15754163336098340     
           2          30  0.11179678817337926     
           2          31   5.6032393920077002E-017
           2          32  0.11179678817337668     
           2          33  -1.9307565202540701E-015
           2          34   8.3603847659994713E-016
           2          35  0.11179678817337338     
           3           1 -0.34372928792990204     
           3           2 -0.89505757051281321     
           3           3  0.37896846356845287     
           3           4  0.18690085576716012     
           3           5  -4.0011071426086446E-002
           3           6  -2.8937631532555212E-014
           3           7  -6.6888253519987096E-015
           3           8   4.7572964224837129E-015
           3           9   9.6793402626152080E-015
           3          10   3.5409360168862231E-015
           3          11  -8.8113370280289991E-016
           3          12  -5.4374079213690883E-015
           3          13  -1.4888299296715931E-015
           3          14  -7.5873217002729610E-017
           3          15   3.2621345503540798E-015
           3          16   1.6172971334652800E-015
           3          17   4.0228671742215538E-016
           3          18 -0.16339728614743193     
           3          19  -1.3303467637913970E-016
           3          20 -0.16339728614743693     
           3          21   2.8567477915527056E-015
           3          22   3.6390810169627989E-016
           3          23 -0.16339728614742988     
           3          24  -6.6901892081252481E-002
           3          25  -1.0264127647975147E-015
           3          26  -6.6901892081253952E-002
           3          27   1.8764868214268368E-015
           3          28   2.0950274675949060E-016
           3          29  -6.6901892081251732E-002
           3          30  -4.7621338322607829E-002
           3          31   1.6067987413804303E-017
           3          32  -4.7621338322605761E-002
           3          33   4.1731173254039609E-016
           3          34  -2.3557421420552204E-016
           3          35  -4.7621338322605622E-002
           4           1 -0.19266159510645037     
           4           2 -0.43899920909052448     
           4           3  0.18690085576716012     
           4           4   9.2460786823479094E-002
           4           5  -1.9788494807938563E-002
           4           6   1.1986620260494940E-013
           4           7   9.9028521681481869E-015
           4           8  -8.9211114869233305E-015
           4           9  -2.8847059527656416E-014
           4          10  -1.5895186996583689E-015
           4          11   2.3817811532280295E-015
           4          12   9.6040301730694420E-015
           4          13   4.8585829214255695E-016
           4          14  -1.0384375384085047E-015
           4          15  -3.2898936068224419E-015
           4          16   3.3036652702875497E-016
           4          17   5.9826510720915778E-016
           4          18  -8.0810983274528958E-002
           4          19   2.1155588393490203E-018
           4          20  -8.0810983274532039E-002
           4          21   1.8441451913086468E-015
           4          22   2.8440006471453454E-016
           4          23  -8.0810983274527293E-002
           4          24  -3.3049824965757223E-002
           4          25  -5.4913636361714927E-016
           4          26  -3.3049824965758368E-002
           4          27   1.2135718074160013E-015
           4          28   8.3466220784148047E-017
           4          29  -3.3049824965756577E-002
           4          30  -2.3565292113536064E-002
           4          31   2.2868043213680908E-017
           4          32  -2.3565292113534864E-002
           4          33   1.7134334449228528E-016
           4          34  -6.1907337750353097E-017
           4          35  -2.3565292113534957E-002
           5           1   4.0822727410375008E-002
           5           2   9.4023628249133295E-002
           5           3  -4.0011071426086446E-002
           5           4  -1.9788494807938563E-002
           5           5   4.2352357429045759E-003
           5           6  -3.3335143459644097E-016
           5           7   4.3098432426717915E-015
           5           8  -1.9739278298241949E-016
           5           9  -1.8075044435119430E-016
           5          10  -1.2740024224321080E-015
           5          11   1.8805873119812779E-017
           5          12   2.6407163189531137E-016
           5          13   4.8519087405724352E-016
           5          14   2.9841970941111699E-017
           5          15  -2.2614053441960448E-016
           5          16  -3.0675181107438435E-016
           5          17  -5.0875974149562823E-017
           5          18   1.7295607283492977E-002
           5          19   1.7500619463021285E-017
           5          20   1.7295607283493213E-002
           5          21  -6.2805863451528002E-017
           5          22   3.2461264573695914E-017
           5          23   1.7295607283493063E-002
           5          24   7.0741882182479635E-003
           5          25   1.2475193457209365E-016
           5          26   7.0741882182480068E-003
           5          27  -9.9944254691397442E-017
           5          28   2.5392258799377117E-017
           5          29   7.0741882182480380E-003
           5          30   5.0433301921717095E-003
           5          31  -5.9393219367084806E-018
           5          32   5.0433301921714892E-003
           5          33  -6.2815931620522195E-017
           5          34   7.0446676476932878E-018
           5          35   5.0433301921714380E-003
           6           1  -1.9294764036662866E-014
           6           2  -1.2255444334219265E-013
           6           3  -2.8937631532555212E-014
           6           4   1.1986620260494940E-013
           6           5  -3.3335143459644097E-016
           6           6   2.4681728451479219     
           6           7   1.2323475573339238E-014
           6           8  -3.3306690738754770E-016
           6           9 -0.61950877719351816     
           6          10  -2.1205259770340490E-014
           6          11   1.4432899320127069E-015
           6          12  0.22609792716336302     
           6          13   8.6181062286527776E-015
           6          14   1.5334955527634949E-015
           6          15  -9.0728787106595238E-002
           6          16  -1.6570078642530461E-014
           6          17   3.0461744238152748E-015
           6          18  -1.2619675615327419E-016
           6          19   1.4559689022959032E-015
           6          20  -2.2364019753154468E-014
           6          21   1.0468511847386355E-014
           6          22   2.6587188354177908E-014
           6          23  -1.8933400571943772E-014
           6          24  -2.0546591767779986E-014
           6          25  -1.0531306397419527E-014
           6          26   3.3156045267731791E-015
           6          27   3.1736842480962657E-016
           6          28   3.5062968411469434E-016
           6          29  -1.2571042104699272E-014
           6          30  -4.8891814702350930E-014
           6          31   1.5396057054550255E-014
           6          32  -5.0923420893127013E-014
           6          33   8.0483575651240241E-015
           6          34   8.0832917613171633E-016
           6          35  -3.4676017215880686E-014
           7           1  -5.8755131643039629E-015
           7           2  -2.2432132265105965E-014
           7           3  -6.6888253519987096E-015
           7           4   9.9028521681481869E-015
           7           5   4.3098432426717915E-015
           7           6   1.2323475573339238E-014
           7           7   2.4681728451479028     
           7           8  -7.7715611723760938E-016
           7           9  -1.1352030426792226E-014
           7          10 -0.61950877719349140     
           7          11  -1.2420620087993947E-015
           7          12   1.0894063429134349E-014
           7          13  0.22609792716333502     
           7          14   5.5858095926453188E-015
           7          15  -1.2240208846492351E-014
           7          16  -9.0728787106586037E-002
           7          17  -3.9170056087556304E-015
           7          18   3.1811545583535439E-015
           7          19  -2.7427966399498412E-015
           7          20  -1.2686365369458173E-014
           7          21   6.5654949410029948E-015
           7          22   8.1859801691736750E-015
           7          23  -5.8421769947408485E-015
           7          24  -3.9725086184316410E-015
           7          25   3.3538349511047484E-016
           7          26   4.9437996849689777E-015
           7          27   2.6818867050712054E-015
           7          28  -3.1402635454985629E-015
           7          29   1.6931545630392294E-016
           7          30  -6.2951566741874836E-015
           7          31   3.5350673953855520E-015
           7          32  -4.7141267133933267E-015
           7          33   1.9420253967123991E-015
           7          34   1.1634149459905547E-015
           7          35  -3.1947394690299571E-015
           8           1   2.7951299624061064E-015
           8           2   1.5739052525545273E-015
           8           3   4.7572964224837129E-015
           8           4  -8.9211114869233305E-015
           8           5  -1.9739278298241949E-016
           8           6  -3.3306690738754770E-016
           8           7  -7.7715611723760938E-016
           8           8   2.4681728451478997     
           8           9  -9.9920072216264089E-016
           8          10   1.7902346272080657E-015
           8          11 -0.61950877719348474     
           8          12  -2.2204460492503119E-015
           8          13   2.4980018054066018E-015
           8          14  0.22609792716333035     
           8          15   7.2858385991025809E-016
           8          16   2.6454533008646219E-016
           8          17  -9.0728787106580430E-002
           8          18  -1.0685824343051055E-015
           8          19   8.1264498001840599E-017
           8          20   6.3684335111511031E-016
           8          21  -1.1580182477207745E-015
           8          22   2.2224568536452474E-016
           8          23  -5.2679675342262676E-016
           8          24   1.8991294944547960E-015
           8          25   1.0659704219554227E-015
           8          26  -4.6474668222685485E-016
           8          27   1.1231279216935458E-016
           8          28  -3.5683939540908848E-016
           8          29   3.1857236640910697E-017
           8          30   3.1587999001145639E-015
           8          31  -2.3283113614650511E-015
           8          32   5.0779214284996363E-015
           8          33  -1.2869719726656029E-015
           8          34   1.8578449986715233E-016
           8          35   2.8466261923885085E-015
           9           1  -1.2280031639238277E-015
           9           2   2.5461891139118224E-014
           9           3   9.6793402626152080E-015
           9           4  -2.8847059527656416E-014
           9           5  -1.8075044435119430E-016
           9           6 -0.61950877719351816     
           9           7  -1.1352030426792226E-014
           9           8  -9.9920072216264089E-016
           9           9  0.15549604873673542     
           9          10   7.3968609015651055E-015
           9          11  -8.3266726846886975E-017
           9          12  -5.6750340908385426E-002
           9          13  -2.9212743335449431E-015
           9          14  -4.8745729674948260E-016
           9          15   2.2772829734008865E-002
           9          16   4.4625761419503363E-015
           9          17  -7.2337968948232866E-016
           9          18  -1.0498344772433671E-015
           9          19  -3.6223409789368737E-016
           9          20   4.4539588173579618E-015
           9          21  -2.5653210053886255E-015
           9          22  -6.6557879925241462E-015
           9          23   3.7542849747207107E-015
           9          24   4.7205450839048101E-015
           9          25   2.6448794765398606E-015
           9          26  -1.3059955719817948E-015
           9          27  -4.9953129870358427E-017
           9          28  -7.9625987235010967E-017
           9          29   2.7585428007367175E-015
           9          30   1.1955056436235376E-014
           9          31  -3.8646469316325113E-015
           9          32   1.2471117419618730E-014
           9          33  -2.0250303142372212E-015
           9          34  -2.0427262879201472E-016
           9          35   8.3803312301537332E-015
          10           1   1.5954813787708026E-015
          10           2   1.0427232772259356E-015
          10           3   3.5409360168862231E-015
          10           4  -1.5895186996583689E-015
          10           5  -1.2740024224321080E-015
          10           6  -2.1205259770340490E-014
          10           7 -0.61950877719349140     
          10           8   1.7902346272080657E-015
          10           9   7.3968609015651055E-015
          10          10  0.15549604873672312     
          10          11  -9.5409791178729271E-017
          10          12  -4.3957892881252276E-015
          10          13  -5.6750340908376384E-002
          10          14  -1.2550724348692162E-015
          10          15   3.7391964524680061E-015
          10          16   2.2772829734005743E-002
          10          17   9.2482445313013331E-016
          10          18  -1.5680767733761478E-015
          10          19   6.6193979301328911E-016
          10          20   3.0570321995295690E-015
          10          21  -2.1615295116646148E-015
          10          22  -2.1995862952232226E-015
          10          23   7.7507833763324005E-018
          10          24   6.8008929031220206E-016
          10          25  -9.6823557983831814E-017
          10          26  -1.2514195410263944E-015
          10          27  -9.1818514887227317E-016
          10          28   7.1906519612888041E-016
          10          29  -6.8823143173886290E-016
          10          30   1.3510658873124385E-015
          10          31  -8.8521232537654719E-016
          10          32   9.0366502787701088E-016
          10          33  -4.4701915270749208E-016
          10          34  -2.8060920243180099E-016
          10          35   6.2709973373178197E-016
          11           1  -2.9793729963844785E-017
          11           2  -1.2344383315868808E-015
          11           3  -8.8113370280289991E-016
          11           4   2.3817811532280295E-015
          11           5   1.8805873119812779E-017
          11           6   1.4432899320127069E-015
          11           7  -1.2420620087993947E-015
          11           8 -0.61950877719348474     
          11           9  -8.3266726846886975E-017
          11          10  -9.5409791178729271E-017
          11          11  0.15549604873671996     
          11          12   6.8174632605887947E-016
          11          13  -7.5460471204990971E-016
          11          14  -5.6750340908374663E-002
          11          15  -2.3158558404289970E-016
          11          16  -1.3877787807810449E-017
          11          17   2.2772829734004116E-002
          11          18   8.4735262884473980E-017
          11          19   7.8273748745401561E-017
          11          20  -2.7352451833769653E-015
          11          21   2.2030606061616946E-015
          11          22   4.8380919233545191E-016
          11          23   2.5143372200517669E-015
          11          24  -5.5727541128086309E-016
          11          25  -2.2048203161391718E-016
          11          26  -1.1051170970755881E-015
          11          27   8.8420481436752660E-016
          11          28   3.4700299693195716E-016
          11          29   1.1354366939302995E-015
          11          30  -8.2435037294432414E-016
          11          31   5.7663692250515323E-016
          11          32  -1.1177707908240915E-015
          11          33   1.7249646041366741E-016
          11          34  -8.9105080376492994E-017
          11          35  -9.4794231859321227E-016
          12           1   9.2857402310484676E-016
          12           2  -4.6629595877723022E-015
          12           3  -5.4374079213690883E-015
          12           4   9.6040301730694420E-015
          12           5   2.6407163189531137E-016
          12           6  0.22609792716336302     
          12           7   1.0894063429134349E-014
          12           8  -2.2204460492503119E-015
          12           9  -5.6750340908385426E-002
          12          10  -4.3957892881252276E-015
          12          11   6.8174632605887947E-016
          12          12   2.0711787980353412E-002
          12          13   1.6844164951734793E-015
          12          14  -6.0715321659183910E-017
          12          15  -8.3112455998266294E-003
          12          16  -1.8769708010069065E-015
          12          17   3.5908775952719670E-016
          12          18   1.2098512714454128E-015
          12          19   1.0218508048315912E-016
          12          20  -7.1176910993422565E-017
          12          21   3.5447054136581318E-016
          12          22   2.2649666545509031E-015
          12          23  -1.3239622109720187E-015
          12          24  -1.3811165444559073E-015
          12          25  -9.7960473775022463E-016
          12          26   1.1655089740830569E-015
          12          27  -2.5933171227303397E-016
          12          28  -4.9255109031995381E-017
          12          29  -1.0374236828296617E-015
          12          30  -4.1294554708371612E-015
          12          31   1.4128167994361515E-015
          12          32  -4.3750751442716015E-015
          12          33   7.8485549616098574E-016
          12          34   8.7472963047923067E-017
          12          35  -2.7633771652529274E-015
          13           1  -6.2061225641003052E-016
          13           2   1.0631093283815743E-016
          13           3  -1.4888299296715931E-015
          13           4   4.8585829214255695E-016
          13           5   4.8519087405724352E-016
          13           6   8.6181062286527776E-015
          13           7  0.22609792716333502     
          13           8   2.4980018054066018E-015
          13           9  -2.9212743335449431E-015
          13          10  -5.6750340908376384E-002
          13          11  -7.5460471204990971E-016
          13          12   1.6844164951734793E-015
          13          13   2.0711787980348440E-002
          13          14   7.4658161597351727E-016
          13          15  -1.3964523981613293E-015
          13          16  -8.3112455998248201E-003
          13          17  -4.5287124744719461E-016
          13          18   6.5598297340467369E-016
          13          19  -2.4342110415064768E-016
          13          20  -9.8747029192568737E-016
          13          21   7.5326680343363058E-016
          13          22   7.9272003267402724E-016
          13          23   3.3088381011110220E-017
          13          24  -2.1351470601461562E-016
          13          25   3.4460417695069107E-017
          13          26   5.1266549392346808E-016
          13          27   3.1811353232312246E-016
          13          28  -2.6722625155803962E-016
          13          29   2.6307863549337257E-016
          13          30  -4.6922133538365907E-016
          13          31   3.2321458349041343E-016
          13          32  -3.0944249704357006E-016
          13          33   1.6594871038881285E-016
          13          34   1.0320296566161847E-016
          13          35  -2.0123971912059770E-016
          14           1  -1.8124160697780271E-015
          14           2   1.6183879645524339E-015
          14           3  -7.5873217002729610E-017
          14           4  -1.0384375384085047E-015
          14           5   2.9841970941111699E-017
          14           6   1.5334955527634949E-015
          14           7   5.5858095926453188E-015
          14           8  0.22609792716333035     
          14           9  -4.8745729674948260E-016
          14          10  -1.2550724348692162E-015
          14          11  -5.6750340908374663E-002
          14          12  -6.0715321659183910E-017
          14          13   7.4658161597351727E-016
          14          14   2.0711787980347608E-002
          14          15   9.3241386833722366E-018
          14          16  -1.8355542780179898E-016
          14          17  -8.3112455998241470E-003
          14          18   1.4374751655417111E-016
          14          19  -7.0584977850915390E-017
          14          20   2.1915085976460914E-015
          14          21  -1.6184094413338639E-015
          14          22  -4.0635190671791895E-016
          14          23  -1.8354948147107390E-015
          14          24   2.8012678786803760E-016
          14          25   6.0421307674765049E-017
          14          26   9.6602393390530635E-016
          14          27  -7.1123529767084534E-016
          14          28  -2.3626980016931260E-016
          14          29  -8.5888951707189103E-016
          14          30   3.4138235828358659E-016
          14          31  -2.0714388635308720E-016
          14          32   3.6829439405107953E-016
          14          33   1.1475238552304762E-018
          14          34   5.0606875277840638E-017
          14          35   4.7248578370517217E-016
          15           1  -3.8972206044839900E-015
          15           2  -4.1307273731812903E-016
          15           3   3.2621345503540798E-015
          15           4  -3.2898936068224419E-015
          15           5  -2.2614053441960448E-016
          15           6  -9.0728787106595238E-002
          15           7  -1.2240208846492351E-014
          15           8   7.2858385991025809E-016
          15           9   2.2772829734008865E-002
          15          10   3.7391964524680061E-015
          15          11  -2.3158558404289970E-016
          15          12  -8.3112455998266294E-003
          15          13  -1.3964523981613293E-015
          15          14   9.3241386833722366E-018
          15          15   3.3351443866730256E-003
          15          16   1.0425688090620619E-015
          15          17  -1.3812735677465159E-016
          15          18  -9.8155927957486437E-016
          15          19  -3.1719693919384504E-017
          15          20  -6.9259369977690915E-016
          15          21   3.7720014037526041E-017
          15          22  -8.5811070997571248E-016
          15          23   2.7664113614459466E-016
          15          24   3.5487846095560514E-016
          15          25   3.9752663550507499E-016
          15          26  -7.7442138842931228E-016
          15          27   1.8992389111378697E-016
          15          28   4.3990670496435903E-017
          15          29   3.3214570270319935E-016
          15          30   1.5130456821437033E-015
          15          31  -5.6766731854521990E-016
          15          32   1.6293255879031793E-015
          15          33  -3.2911305450215371E-016
          15          34  -3.9098098517527295E-017
          15          35   9.4586069009056500E-016
          16           1  -2.4946903392194981E-015
          16           2  -2.2605510502056038E-015
          16           3   1.6172971334652800E-015
          16           4   3.3036652702875497E-016
          16           5  -3.0675181107438435E-016
          16           6  -1.6570078642530461E-014
          16           7  -9.0728787106586037E-002
          16           8   2.6454533008646219E-016
          16           9   4.4625761419503363E-015
          16          10   2.2772829734005743E-002
          16          11  -1.3877787807810449E-017
          16          12  -1.8769708010069065E-015
          16          13  -8.3112455998248201E-003
          16          14  -1.8355542780179898E-016
          16          15   1.0425688090620619E-015
          16          16   3.3351443866723742E-003
          16          17   1.3530843112619261E-016
          16          18  -7.3480293978856220E-016
          16          19   1.2165539339112921E-016
          16          20  -6.5650658957845158E-016
          16          21   1.6240420041347530E-016
          16          22  -1.8699292578194624E-016
          16          23   1.3854113237206892E-016
          16          24  -1.0539200894355758E-016
          16          25  -2.3898978831347259E-018
          16          26  -6.7407689447873439E-016
          16          27   9.4041386762921618E-017
          16          28   1.6978490485547469E-016
          16          29   7.7533718088104897E-019
          16          30   5.5012200420896013E-017
          16          31  -1.3158702352953130E-016
          16          32   3.6643660896861198E-017
          16          33  -1.0316843555930657E-016
          16          34  -5.1733584088621329E-017
          16          35  -1.0159295663425550E-016
          17           1   5.3852925928079929E-016
          17           2  -1.5432328297887796E-015
          17           3   4.0228671742215538E-016
          17           4   5.9826510720915778E-016
          17           5  -5.0875974149562823E-017
          17           6   3.0461744238152748E-015
          17           7  -3.9170056087556304E-015
          17           8  -9.0728787106580430E-002
          17           9  -7.2337968948232866E-016
          17          10   9.2482445313013331E-016
          17          11   2.2772829734004116E-002
          17          12   3.5908775952719670E-016
          17          13  -4.5287124744719461E-016
          17          14  -8.3112455998241470E-003
          17          15  -1.3812735677465159E-016
          17          16   1.3530843112619261E-016
          17          17   3.3351443866719661E-003
          17          18  -2.2299604318657739E-016
          17          19   3.9302357219880934E-017
          17          20  -1.3108439806472248E-015
          17          21   8.6220671268882378E-016
          17          22   2.2309530981435783E-016
          17          23   8.5667872933228188E-016
          17          24  -1.8077327489665119E-016
          17          25  -1.9008398187971566E-017
          17          26  -5.8297533559433561E-016
          17          27   3.8691649960409351E-016
          17          28   1.2345247632467166E-016
          17          29   4.1247533399249915E-016
          17          30  -1.8270025647228981E-016
          17          31   8.2258776036800335E-017
          17          32  -1.7255219983217764E-016
          17          33  -1.7208396433116478E-017
          17          34  -2.5033079257645576E-017
          17          35  -2.5777782023859810E-016
          18           1  0.16660553678392306     
          18           2  0.38398502745036489     
          18           3 -0.16339728614743193     
          18           4  -8.0810983274528958E-002
          18           5   1.7295607283492977E-002
          18           6  -1.2619675615327419E-016
          18           7   3.1811545583535439E-015
          18           8  -1.0685824343051055E-015
          18           9  -1.0498344772433671E-015
          18          10  -1.5680767733761478E-015
          18          11   8.4735262884473980E-017
          18          12   1.2098512714454128E-015
          18          13   6.5598297340467369E-016
          18          14   1.4374751655417111E-016
          18          15  -9.8155927957486437E-016
          18          16  -7.3480293978856220E-016
          18          17  -2.2299604318657739E-016
          18          18   7.0818798762880608E-002
          18          19  -3.2045025315720024E-004
          18          20   7.8586948336614310E-002
          18          21  -6.2108269005823049E-003
          18          22  -1.7524146121241002E-003
          18          23   6.2486630229575936E-002
          18          24   2.8979026879319091E-002
          18          25  -1.5288506051324514E-004
          18          26   3.2685168490875924E-002
          18          27  -2.9631514944382545E-003
          18          28  -8.3606741258609660E-004
          18          29   2.5003794911566908E-002
          18          30   2.0580797938199488E-002
          18          31   2.5223845974260678E-005
          18          32   1.9969337636880483E-002
          18          33   4.8887757013643012E-004
          18          34   1.3793915225156206E-004
          18          35   2.1236654295449277E-002
          19           1  -3.2943353919712844E-015
          19           2   1.3190039861998283E-015
          19           3  -1.3303467637913970E-016
          19           4   2.1155588393490203E-018
          19           5   1.7500619463021285E-017
          19           6   1.4559689022959032E-015
          19           7  -2.7427966399498412E-015
          19           8   8.1264498001840599E-017
          19           9  -3.6223409789368737E-016
          19          10   6.6193979301328911E-016
          19          11   7.8273748745401561E-017
          19          12   1.0218508048315912E-016
          19          13  -2.4342110415064768E-016
          19          14  -7.0584977850915390E-017
          19          15  -3.1719693919384504E-017
          19          16   1.2165539339112921E-016
          19          17   3.9302357219880934E-017
          19          18  -3.2045025315720024E-004
          19          19   5.4619634502953509E-004
          19          20  -1.3560991844282706E-002
          19          21   1.0586139094245398E-002
          19          22   2.9869299421300391E-003
          19          23   1.3881442097440347E-002
          19          24  -1.5288506051373322E-004
          19          25   2.6058728442086414E-004
          19          26  -6.4698749285187094E-003
          19          27   5.0505889762441254E-003
          19          28   1.4250479144691541E-003
          19          29   6.6227599890327244E-003
          19          30   2.5223845974306306E-005
          19          31  -4.2993170836974572E-005
          19          32   1.0674367274436086E-003
          19          33  -8.3327486667494606E-004
          19          34  -2.3511250203095735E-004
          19          35  -1.0926605734179699E-003
          20           1  0.16660553678392548     
          20           2  0.38398502745036123     
          20           3 -0.16339728614743693     
          20           4  -8.0810983274532039E-002
          20           5   1.7295607283493213E-002
          20           6  -2.2364019753154468E-014
          20           7  -1.2686365369458173E-014
          20           8   6.3684335111511031E-016
          20           9   4.4539588173579618E-015
          20          10   3.0570321995295690E-015
          20          11  -2.7352451833769653E-015
          20          12  -7.1176910993422565E-017
          20          13  -9.8747029192568737E-016
          20          14   2.1915085976460914E-015
          20          15  -6.9259369977690915E-016
          20          16  -6.5650658957845158E-016
          20          17  -1.3108439806472248E-015
          20          18   7.8586948336614310E-002
          20          19  -1.3560991844282706E-002
          20          20  0.40732381771539267     
          20          21 -0.26283322330130610     
          20          22  -7.4159655137346445E-002
          20          23 -0.27401838872293877     
          20          24   3.2685168490876465E-002
          20          25  -6.4698749285181847E-003
          20          26  0.18952372821393773     
          20          27 -0.12539629116699366     
          20          28  -3.5381165256210823E-002
          20          29 -0.13554090642305536     
          20          30   1.9969337636881506E-002
          20          31   1.0674367274437330E-003
          20          32  -5.9067791006772209E-003
          20          33   2.0688592616659823E-002
          20          34   5.8373856792438604E-003
          20          35   4.7724231334328529E-002
          21           1   2.6003114929889943E-015
          21           2   5.2375927156590486E-015
          21           3   2.8567477915527056E-015
          21           4   1.8441451913086468E-015
          21           5  -6.2805863451528002E-017
          21           6   1.0468511847386355E-014
          21           7   6.5654949410029948E-015
          21           8  -1.1580182477207745E-015
          21           9  -2.5653210053886255E-015
          21          10  -2.1615295116646148E-015
          21          11   2.2030606061616946E-015
          21          12   3.5447054136581318E-016
          21          13   7.5326680343363058E-016
          21          14  -1.6184094413338639E-015
          21          15   3.7720014037526041E-017
          21          16   1.6240420041347530E-016
          21          17   8.6220671268882378E-016
          21          18  -6.2108269005823049E-003
          21          19   1.0586139094245398E-002
          21          20 -0.26283322330130610     
          21          21  0.20517592609787769     
          21          22   5.7891372067759121E-002
          21          23  0.26904405020189215     
          21          24  -2.9631514944381760E-003
          21          25   5.0505889762440378E-003
          21          26 -0.12539629116699219     
          21          27   9.7888310489319799E-002
          21          28   2.7619656513298410E-002
          21          29  0.12835944266143343     
          21          30   4.8887757013670583E-004
          21          31  -8.3327486667501751E-004
          21          32   2.0688592616658535E-002
          21          33  -1.6150169664505484E-002
          21          34  -4.5568478660566311E-003
          21          35  -2.1177470186797616E-002
          22           1   2.5893148912338800E-015
          22           2   2.3694313224735472E-015
          22           3   3.6390810169627989E-016
          22           4   2.8440006471453454E-016
          22           5   3.2461264573695914E-017
          22           6   2.6587188354177908E-014
          22           7   8.1859801691736750E-015
          22           8   2.2224568536452474E-016
          22           9  -6.6557879925241462E-015
          22          10  -2.1995862952232226E-015
          22          11   4.8380919233545191E-016
          22          12   2.2649666545509031E-015
          22          13   7.9272003267402724E-016
          22          14  -4.0635190671791895E-016
          22          15  -8.5811070997571248E-016
          22          16  -1.8699292578194624E-016
          22          17   2.2309530981435783E-016
          22          18  -1.7524146121241002E-003
          22          19   2.9869299421300391E-003
          22          20  -7.4159655137346445E-002
          22          21   5.7891372067759121E-002
          22          22   1.6334328415746762E-002
          22          23   7.5912069749472191E-002
          22          24  -8.3606741258624969E-004
          22          25   1.4250479144691951E-003
          22          26  -3.5381165256212162E-002
          22          27   2.7619656513299680E-002
          22          28   7.7930186158014581E-003
          22          29   3.6217232668799525E-002
          22          30   1.3793915225160136E-004
          22          31  -2.3511250203098169E-004
          22          32   5.8373856792435586E-003
          22          33  -4.5568478660567126E-003
          22          34  -1.2857364910550653E-003
          22          35  -5.9753248314956490E-003
          23           1  0.16660553678392051     
          23           2  0.38398502745037699     
          23           3 -0.16339728614742988     
          23           4  -8.0810983274527293E-002
          23           5   1.7295607283493063E-002
          23           6  -1.8933400571943772E-014
          23           7  -5.8421769947408485E-015
          23           8  -5.2679675342262676E-016
          23           9   3.7542849747207107E-015
          23          10   7.7507833763324005E-018
          23          11   2.5143372200517669E-015
          23          12  -1.3239622109720187E-015
          23          13   3.3088381011110220E-017
          23          14  -1.8354948147107390E-015
          23          15   2.7664113614459466E-016
          23          16   1.3854113237206892E-016
          23          17   8.5667872933228188E-016
          23          18   6.2486630229575936E-002
          23          19   1.3881442097440347E-002
          23          20 -0.27401838872293877     
          23          21  0.26904405020189215     
          23          22   7.5912069749472191E-002
          23          23  0.42342413582244059     
          23          24   2.5003794911566474E-002
          23          25   6.6227599890330661E-003
          23          26 -0.13554090642305375     
          23          27  0.12835944266143276     
          23          28   3.6217232668797811E-002
          23          29  0.19720510179325423     
          23          30   2.1236654295450595E-002
          23          31  -1.0926605734180846E-003
          23          32   4.7724231334326059E-002
          23          33  -2.1177470186797377E-002
          23          34  -5.9753248314954330E-003
          23          35  -7.1740957592499998E-003
          24           1   6.5150476439456900E-002
          24           2  0.15754163336097757     
          24           3  -6.6901892081252481E-002
          24           4  -3.3049824965757223E-002
          24           5   7.0741882182479635E-003
          24           6  -2.0546591767779986E-014
          24           7  -3.9725086184316410E-015
          24           8   1.8991294944547960E-015
          24           9   4.7205450839048101E-015
          24          10   6.8008929031220206E-016
          24          11  -5.5727541128086309E-016
          24          12  -1.3811165444559073E-015
          24          13  -2.1351470601461562E-016
          24          14   2.8012678786803760E-016
          24          15   3.5487846095560514E-016
          24          16  -1.0539200894355758E-016
          24          17  -1.8077327489665119E-016
          24          18   2.8979026879319091E-002
          24          19  -1.5288506051373322E-004
          24          20   3.2685168490876465E-002
          24          21  -2.9631514944381760E-003
          24          22  -8.3606741258624969E-004
          24          23   2.5003794911566474E-002
          24          24   1.1864053797051004E-002
          24          25  -7.2940624942369639E-005
          24          26   1.3632233659518975E-002
          24          27  -1.4137033473220826E-003
          24          28  -3.9888318298218897E-004
          24          29   9.9674923995856958E-003
          24          30   8.4151674815315918E-003
          24          31   1.2034158750604637E-005
          24          32   8.1234431210486617E-003
          24          33   2.3324081088322806E-004
          24          34   6.5810013976958922E-005
          24          35   8.7280729571196855E-003
          25           1   5.4226710650780483E-015
          25           2   2.2613181965025281E-015
          25           3  -1.0264127647975147E-015
          25           4  -5.4913636361714927E-016
          25           5   1.2475193457209365E-016
          25           6  -1.0531306397419527E-014
          25           7   3.3538349511047484E-016
          25           8   1.0659704219554227E-015
          25           9   2.6448794765398606E-015
          25          10  -9.6823557983831814E-017
          25          11  -2.2048203161391718E-016
          25          12  -9.7960473775022463E-016
          25          13   3.4460417695069107E-017
          25          14   6.0421307674765049E-017
          25          15   3.9752663550507499E-016
          25          16  -2.3898978831347259E-018
          25          17  -1.9008398187971566E-017
          25          18  -1.5288506051324514E-004
          25          19   2.6058728442086414E-004
          25          20  -6.4698749285181847E-003
          25          21   5.0505889762440378E-003
          25          22   1.4250479144691951E-003
          25          23   6.6227599890330661E-003
          25          24  -7.2940624942369639E-005
          25          25   1.2432476602927179E-004
          25          26  -3.0867418896295524E-003
          25          27   2.4096083359441758E-003
          25          28   6.7988255428741906E-004
          25          29   3.1596825145726111E-003
          25          30   1.2034158750763407E-005
          25          31  -2.0511806311050429E-005
          25          32   5.0926821577442155E-004
          25          33  -3.9755087462410636E-004
          25          34  -1.1217088688927260E-004
          25          35  -5.2130237452478506E-004
          26           1   6.5150476439467642E-002
          26           2  0.15754163336097260     
          26           3  -6.6901892081253952E-002
          26           4  -3.3049824965758368E-002
          26           5   7.0741882182480068E-003
          26           6   3.3156045267731791E-015
          26           7   4.9437996849689777E-015
          26           8  -4.6474668222685485E-016
          26           9  -1.3059955719817948E-015
          26          10  -1.2514195410263944E-015
          26          11  -1.1051170970755881E-015
          26          12   1.1655089740830569E-015
          26          13   5.1266549392346808E-016
          26          14   9.6602393390530635E-016
          26          15  -7.7442138842931228E-016
          26          16  -6.7407689447873439E-016
          26          17  -5.8297533559433561E-016
          26          18   3.2685168490875924E-002
          26          19  -6.4698749285187094E-003
          26          20  0.18952372821393773     
          26          21 -0.12539629116699219     
          26          22  -3.5381165256212162E-002
          26          23 -0.13554090642305375     
          26          24   1.3632233659518975E-002
          26          25  -3.0867418896295524E-003
          26          26   8.8459051419535917E-002
          26          27  -5.9825883657072330E-002
          26          28  -1.6880160143260076E-002
          26          29  -6.6627505222901104E-002
          26          30   8.1234431210490191E-003
          26          31   5.0926821577434674E-004
          26          32  -4.2219104379043783E-003
          26          33   9.8704142155573247E-003
          26          34   2.7849847332631996E-003
          26          35   2.1365150876556764E-002
          27           1  -5.7715292210647913E-015
          27           2   1.9728218707706051E-015
          27           3   1.8764868214268368E-015
          27           4   1.2135718074160013E-015
          27           5  -9.9944254691397442E-017
          27           6   3.1736842480962657E-016
          27           7   2.6818867050712054E-015
          27           8   1.1231279216935458E-016
          27           9  -4.9953129870358427E-017
          27          10  -9.1818514887227317E-016
          27          11   8.8420481436752660E-016
          27          12  -2.5933171227303397E-016
          27          13   3.1811353232312246E-016
          27          14  -7.1123529767084534E-016
          27          15   1.8992389111378697E-016
          27          16   9.4041386762921618E-017
          27          17   3.8691649960409351E-016
          27          18  -2.9631514944382545E-003
          27          19   5.0505889762441254E-003
          27          20 -0.12539629116699366     
          27          21   9.7888310489319799E-002
          27          22   2.7619656513299680E-002
          27          23  0.12835944266143276     
          27          24  -1.4137033473220826E-003
          27          25   2.4096083359441758E-003
          27          26  -5.9825883657072330E-002
          27          27   4.6701976750831854E-002
          27          28   1.3177186835712716E-002
          27          29   6.1239587004395579E-002
          27          30   2.3324081088323763E-004
          27          31  -3.9755087462414729E-004
          27          32   9.8704142155566933E-003
          27          33  -7.7051574843149187E-003
          27          34  -2.1740471567427222E-003
          27          35  -1.0103655026441331E-002
          28           1   6.8908415308364145E-015
          28           2   4.4884432804965276E-016
          28           3   2.0950274675949060E-016
          28           4   8.3466220784148047E-017
          28           5   2.5392258799377117E-017
          28           6   3.5062968411469434E-016
          28           7  -3.1402635454985629E-015
          28           8  -3.5683939540908848E-016
          28           9  -7.9625987235010967E-017
          28          10   7.1906519612888041E-016
          28          11   3.4700299693195716E-016
          28          12  -4.9255109031995381E-017
          28          13  -2.6722625155803962E-016
          28          14  -2.3626980016931260E-016
          28          15   4.3990670496435903E-017
          28          16   1.6978490485547469E-016
          28          17   1.2345247632467166E-016
          28          18  -8.3606741258609660E-004
          28          19   1.4250479144691541E-003
          28          20  -3.5381165256210823E-002
          28          21   2.7619656513298410E-002
          28          22   7.7930186158014581E-003
          28          23   3.6217232668797811E-002
          28          24  -3.9888318298218897E-004
          28          25   6.7988255428741906E-004
          28          26  -1.6880160143260076E-002
          28          27   1.3177186835712716E-002
          28          28   3.7180064953072391E-003
          28          29   1.7279043326242822E-002
          28          30   6.5810013976978139E-005
          28          31  -1.1217088688928099E-004
          28          32   2.7849847332629624E-003
          28          33  -2.1740471567426611E-003
          28          34  -6.1341783725543458E-004
          28          35  -2.8507947472401303E-003
          29           1   6.5150476439460064E-002
          29           2  0.15754163336098340     
          29           3  -6.6901892081251732E-002
          29           4  -3.3049824965756577E-002
          29           5   7.0741882182480380E-003
          29           6  -1.2571042104699272E-014
          29           7   1.6931545630392294E-016
          29           8   3.1857236640910697E-017
          29           9   2.7585428007367175E-015
          29          10  -6.8823143173886290E-016
          29          11   1.1354366939302995E-015
          29          12  -1.0374236828296617E-015
          29          13   2.6307863549337257E-016
          29          14  -8.5888951707189103E-016
          29          15   3.3214570270319935E-016
          29          16   7.7533718088104897E-019
          29          17   4.1247533399249915E-016
          29          18   2.5003794911566908E-002
          29          19   6.6227599890327244E-003
          29          20 -0.13554090642305536     
          29          21  0.12835944266143343     
          29          22   3.6217232668799525E-002
          29          23  0.19720510179325423     
          29          24   9.9674923995856958E-003
          29          25   3.1596825145726111E-003
          29          26  -6.6627505222901104E-002
          29          27   6.1239587004395579E-002
          29          28   1.7279043326242822E-002
          29          29   9.2123792679473626E-002
          29          30   8.7280729571202476E-003
          29          31  -5.2130237452498846E-004
          29          32   2.1365150876555862E-002
          29          33  -1.0103655026441135E-002
          29          34  -2.8507947472401741E-003
          29          35  -4.8265402739772834E-003
          30           1   4.9640579195671178E-002
          30           2  0.11179678817337926     
          30           3  -4.7621338322607829E-002
          30           4  -2.3565292113536064E-002
          30           5   5.0433301921717095E-003
          30           6  -4.8891814702350930E-014
          30           7  -6.2951566741874836E-015
          30           8   3.1587999001145639E-015
          30           9   1.1955056436235376E-014
          30          10   1.3510658873124385E-015
          30          11  -8.2435037294432414E-016
          30          12  -4.1294554708371612E-015
          30          13  -4.6922133538365907E-016
          30          14   3.4138235828358659E-016
          30          15   1.5130456821437033E-015
          30          16   5.5012200420896013E-017
          30          17  -1.8270025647228981E-016
          30          18   2.0580797938199488E-002
          30          19   2.5223845974306306E-005
          30          20   1.9969337636881506E-002
          30          21   4.8887757013670583E-004
          30          22   1.3793915225160136E-004
          30          23   2.1236654295450595E-002
          30          24   8.4151674815315918E-003
          30          25   1.2034158750763407E-005
          30          26   8.1234431210490191E-003
          30          27   2.3324081088323763E-004
          30          28   6.5810013976978139E-005
          30          29   8.7280729571202476E-003
          30          30   6.0073638165064527E-003
          30          31  -1.9854638886016587E-006
          30          32   6.0554941590722413E-003
          30          33  -3.8481394250556727E-005
          30          34  -1.0857710037467498E-005
          30          35   5.9557388932190963E-003
          31           1  -1.3951870100685574E-015
          31           2   5.6032393920077002E-017
          31           3   1.6067987413804303E-017
          31           4   2.2868043213680908E-017
          31           5  -5.9393219367084806E-018
          31           6   1.5396057054550255E-014
          31           7   3.5350673953855520E-015
          31           8  -2.3283113614650511E-015
          31           9  -3.8646469316325113E-015
          31          10  -8.8521232537654719E-016
          31          11   5.7663692250515323E-016
          31          12   1.4128167994361515E-015
          31          13   3.2321458349041343E-016
          31          14  -2.0714388635308720E-016
          31          15  -5.6766731854521990E-016
          31          16  -1.3158702352953130E-016
          31          17   8.2258776036800335E-017
          31          18   2.5223845974260678E-005
          31          19  -4.2993170836974572E-005
          31          20   1.0674367274437330E-003
          31          21  -8.3327486667501751E-004
          31          22  -2.3511250203098169E-004
          31          23  -1.0926605734180846E-003
          31          24   1.2034158750604637E-005
          31          25  -2.0511806311050429E-005
          31          26   5.0926821577434674E-004
          31          27  -3.9755087462414729E-004
          31          28  -1.1217088688928099E-004
          31          29  -5.2130237452498846E-004
          31          30  -1.9854638886016587E-006
          31          31   3.3841543529869828E-006
          31          32  -8.4021963893160086E-005
          31          33   6.5590202173864713E-005
          31          34   1.8506590272366046E-005
          31          35   8.6007427781747002E-005
          32           1   4.9640579195659042E-002
          32           2  0.11179678817337668     
          32           3  -4.7621338322605761E-002
          32           4  -2.3565292113534864E-002
          32           5   5.0433301921714892E-003
          32           6  -5.0923420893127013E-014
          32           7  -4.7141267133933267E-015
          32           8   5.0779214284996363E-015
          32           9   1.2471117419618730E-014
          32          10   9.0366502787701088E-016
          32          11  -1.1177707908240915E-015
          32          12  -4.3750751442716015E-015
          32          13  -3.0944249704357006E-016
          32          14   3.6829439405107953E-016
          32          15   1.6293255879031793E-015
          32          16   3.6643660896861198E-017
          32          17  -1.7255219983217764E-016
          32          18   1.9969337636880483E-002
          32          19   1.0674367274436086E-003
          32          20  -5.9067791006772209E-003
          32          21   2.0688592616658535E-002
          32          22   5.8373856792435586E-003
          32          23   4.7724231334326059E-002
          32          24   8.1234431210486617E-003
          32          25   5.0926821577442155E-004
          32          26  -4.2219104379043783E-003
          32          27   9.8704142155566933E-003
          32          28   2.7849847332629624E-003
          32          29   2.1365150876555862E-002
          32          30   6.0554941590722413E-003
          32          31  -8.4021963893160086E-005
          32          32   8.0923007353499374E-003
          32          33  -1.6284770208347726E-003
          32          34  -4.5948260553707235E-004
          32          35   3.8708019743745911E-003
          33           1  -7.7022444712682512E-016
          33           2  -1.9307565202540701E-015
          33           3   4.1731173254039609E-016
          33           4   1.7134334449228528E-016
          33           5  -6.2815931620522195E-017
          33           6   8.0483575651240241E-015
          33           7   1.9420253967123991E-015
          33           8  -1.2869719726656029E-015
          33           9  -2.0250303142372212E-015
          33          10  -4.4701915270749208E-016
          33          11   1.7249646041366741E-016
          33          12   7.8485549616098574E-016
          33          13   1.6594871038881285E-016
          33          14   1.1475238552304762E-018
          33          15  -3.2911305450215371E-016
          33          16  -1.0316843555930657E-016
          33          17  -1.7208396433116478E-017
          33          18   4.8887757013643012E-004
          33          19  -8.3327486667494606E-004
          33          20   2.0688592616659823E-002
          33          21  -1.6150169664505484E-002
          33          22  -4.5568478660567126E-003
          33          23  -2.1177470186797377E-002
          33          24   2.3324081088322806E-004
          33          25  -3.9755087462410636E-004
          33          26   9.8704142155573247E-003
          33          27  -7.7051574843149187E-003
          33          28  -2.1740471567426611E-003
          33          29  -1.0103655026441135E-002
          33          30  -3.8481394250556727E-005
          33          31   6.5590202173864713E-005
          33          32  -1.6284770208347726E-003
          33          33   1.2712406623566898E-003
          33          34   3.5868665282420581E-004
          33          35   1.6669584150852750E-003
          34           1  -5.1034566006485408E-015
          34           2   8.3603847659994713E-016
          34           3  -2.3557421420552204E-016
          34           4  -6.1907337750353097E-017
          34           5   7.0446676476932878E-018
          34           6   8.0832917613171633E-016
          34           7   1.1634149459905547E-015
          34           8   1.8578449986715233E-016
          34           9  -2.0427262879201472E-016
          34          10  -2.8060920243180099E-016
          34          11  -8.9105080376492994E-017
          34          12   8.7472963047923067E-017
          34          13   1.0320296566161847E-016
          34          14   5.0606875277840638E-017
          34          15  -3.9098098517527295E-017
          34          16  -5.1733584088621329E-017
          34          17  -2.5033079257645576E-017
          34          18   1.3793915225156206E-004
          34          19  -2.3511250203095735E-004
          34          20   5.8373856792438604E-003
          34          21  -4.5568478660566311E-003
          34          22  -1.2857364910550653E-003
          34          23  -5.9753248314954330E-003
          34          24   6.5810013976958922E-005
          34          25  -1.1217088688927260E-004
          34          26   2.7849847332631996E-003
          34          27  -2.1740471567427222E-003
          34          28  -6.1341783725543458E-004
          34          29  -2.8507947472401741E-003
          34          30  -1.0857710037467498E-005
          34          31   1.8506590272366046E-005
          34          32  -4.5948260553707235E-004
          34          33   3.5868665282420581E-004
          34          34   1.0120516022176572E-004
          34          35   4.7034031557460402E-004
          35           1   4.9640579195662983E-002
          35           2  0.11179678817337338     
          35           3  -4.7621338322605622E-002
          35           4  -2.3565292113534957E-002
          35           5   5.0433301921714380E-003
          35           6  -3.4676017215880686E-014
          35           7  -3.1947394690299571E-015
          35           8   2.8466261923885085E-015
          35           9   8.3803312301537332E-015
          35          10   6.2709973373178197E-016
          35          11  -9.4794231859321227E-016
          35          12  -2.7633771652529274E-015
          35          13  -2.0123971912059770E-016
          35          14   4.7248578370517217E-016
          35          15   9.4586069009056500E-016
          35          16  -1.0159295663425550E-016
          35          17  -2.5777782023859810E-016
          35          18   2.1236654295449277E-002
          35          19  -1.0926605734179699E-003
          35          20   4.7724231334328529E-002
          35          21  -2.1177470186797616E-002
          35          22  -5.9753248314956490E-003
          35          23  -7.1740957592499998E-003
          35          24   8.7280729571196855E-003
          35          25  -5.2130237452478506E-004
          35          26   2.1365150876556764E-002
          35          27  -1.0103655026441331E-002
          35          28  -2.8507947472401303E-003
          35          29  -4.8265402739772834E-003
          35          30   5.9557388932190963E-003
          35          31   8.6007427781747002E-005
          35          32   3.8708019743745911E-003
          35          33   1.6669584150852750E-003
          35          34   4.7034031557460402E-004
          35          35   8.1920560012033530E-003
