           1           1  0.45567849588284243     
           1           2  0.77384191663663027     
           1           3  -1.1397172814718062     
           1           4   1.0114231562321621     
           1           5  -3.2927960797076460E-002
           1           6  -4.3403687761267973E-016
           1           7  -2.5090078710733122E-013
           1           8   7.9359973549235558E-014
           1           9  -6.0687874070601349E-016
           1          10  -2.7818948436533128E-014
           1          11   1.8485141287340953E-014
           1          12  -1.1072674208944505E-015
           1          13   4.5361069408985142E-015
           1          14  -3.8551066141497344E-015
           1          15   6.1437332515765844E-002
           1          16   5.9120087925499775E-016
           1          17   6.1437332515767273E-002
           1          18   5.5482382714075956E-016
           1          19  -3.4854774288123733E-017
           1          20   6.1437332515763374E-002
           1          21 -0.24647776547375927     
           1          22  -1.2333856602063188E-015
           1          23 -0.24647776547376521     
           1          24  -7.1741587436233541E-016
           1          25  -5.6206665609797673E-016
           1          26 -0.24647776547376471     
           1          27  -2.0376015059248972E-016
           1          28   1.5964706142700972E-014
           1          29   8.0378840393232931E-016
           1          30   3.5947411399929577E-014
           1          31  -6.8984271498934620E-015
           1          32   9.4301563566746476E-016
           1          33  -6.3579630447240382E-015
           1          34  -1.1433890492280606E-015
           1          35   1.4721847896960864E-014
           1          36  -1.6964411123828679E-014
           2           1  0.77384191663663027     
           2           2   1.3870022792733554     
           2           3  -2.8182864361938029     
           2           4   2.4507932972856250     
           2           5  -7.7961779016157806E-002
           2           6   1.6287947925095899E-014
           2           7  -7.0381286911245480E-013
           2           8   2.1811633767588414E-013
           2           9   7.3737807633678290E-017
           2          10  -7.8336832784290497E-014
           2          11   4.0758188678431668E-014
           2          12  -1.9424506197582734E-015
           2          13   1.1366015313991129E-014
           2          14  -8.1852070481175626E-015
           2          15  0.13278796979290855     
           2          16   4.0747763681400340E-016
           2          17  0.13278796979291252     
           2          18   1.2457266259106104E-015
           2          19   5.9431441215157836E-016
           2          20  0.13278796979290447     
           2          21 -0.60192052239758620     
           2          22  -2.1882301249615648E-015
           2          23 -0.60192052239759786     
           2          24  -2.1068203496972937E-015
           2          25  -1.2080904299208309E-015
           2          26 -0.60192052239759619     
           2          27  -2.9312780939405970E-015
           2          28   4.4851838604405091E-014
           2          29  -1.7322436412470803E-016
           2          30   1.0201322768967478E-013
           2          31  -1.7114563400276405E-014
           2          32   1.2072396181060550E-015
           2          33  -1.6077794707483114E-014
           2          34  -3.3182733828724981E-015
           2          35   4.2742589709188602E-014
           2          36  -3.9922040821256899E-014
           3           1  -1.1397172814718062     
           3           2  -2.8182864361938029     
           3           3   13.548455925694272     
           3           4  -11.414437603158252     
           3           5  0.34947645924078580     
           3           6  -3.7504652842978169E-013
           3           7   3.5860857857085159E-012
           3           8  -1.0839306638772721E-012
           3           9  -3.1890166758927747E-014
           3          10   3.9838824813341599E-013
           3          11  -1.4504929960436528E-013
           3          12   6.6142209368872095E-015
           3          13  -4.8318649593057311E-014
           3          14   2.7228129283211346E-014
           3          15 -0.49847229852366604     
           3          16   5.7499282297619078E-015
           3          17 -0.49847229852368852     
           3          18  -5.0657232116219469E-015
           3          19  -7.8320969785804473E-015
           3          20 -0.49847229852366165     
           3          21   2.8383051203848142     
           3          22   4.2199939561331792E-015
           3          23   2.8383051203848484     
           3          24   1.2561222927147963E-014
           3          25   4.4787055956176960E-015
           3          26   2.8383051203848368     
           3          27   5.6381409331989418E-014
           3          28  -2.2860287229366395E-013
           3          29   2.7606265428711964E-014
           3          30  -5.2752670744653199E-013
           3          31   7.4635664645876997E-014
           3          32   2.4184465601771883E-015
           3          33   7.1842527140267515E-014
           3          34   3.0517114665127688E-014
           3          35  -2.2551123087183449E-013
           3          36   1.5909494630201265E-013
           4           1   1.0114231562321621     
           4           2   2.4507932972856250     
           4           3  -11.414437603158252     
           4           4   9.6238409183455360     
           4           5 -0.29493286033557919     
           4           6   6.4294557282543070E-013
           4           7  -2.7136429144022700E-012
           4           8   7.9115431780910445E-013
           4           9   6.5492706880996804E-014
           4          10  -2.9940740957096471E-013
           4          11   1.0890372929819289E-013
           4          12  -1.1688337388185246E-014
           4          13   3.5304966278699951E-014
           4          14  -2.0970205057060997E-014
           4          15  0.42273469355125992     
           4          16  -4.6912311989297541E-015
           4          17  0.42273469355127880     
           4          18   4.2861411047302439E-015
           4          19   6.4997049604355106E-015
           4          20  0.42273469355125587     
           4          21  -2.3923418125835241     
           4          22  -3.6803533108197402E-015
           4          23  -2.3923418125835534     
           4          24  -1.0534406465895063E-014
           4          25  -3.7996458084940370E-015
           4          26  -2.3923418125835441     
           4          27  -9.4768518116622329E-014
           4          28   1.7271658862286385E-013
           4          29  -4.4240734718994426E-014
           4          30   3.9982469478995207E-013
           4          31  -5.5188518528823849E-014
           4          32  -1.8743031884349354E-015
           4          33  -5.2791836201112558E-014
           4          34  -4.6935442609351353E-014
           4          35   1.6997199945717237E-013
           4          36  -1.1715013389396053E-013
           5           1  -3.2927960797076460E-002
           5           2  -7.7961779016157806E-002
           5           3  0.34947645924078580     
           5           4 -0.29493286033557919     
           5           5   9.0492132980366548E-003
           5           6   1.0451709813543037E-014
           5           7   1.0166436952151835E-013
           5           8  -3.8676323776686420E-014
           5           9   1.5459418401450531E-015
           5          10   1.1359611297433754E-014
           5          11  -5.0805306366784345E-015
           5          12  -1.8478893101266174E-016
           5          13  -1.4269192240872984E-015
           5          14   9.1496402936940692E-016
           5          15  -1.3049206401364958E-002
           5          16   1.3777281532676409E-016
           5          17  -1.3049206401365532E-002
           5          18  -1.3193044505879945E-016
           5          19  -1.9522069164738631E-016
           5          20  -1.3049206401364822E-002
           5          21   7.3288512185732610E-002
           5          22   1.1746938902635045E-016
           5          23   7.3288512185733540E-002
           5          24   3.2068334515542316E-016
           5          25   1.1734402761904243E-016
           5          26   7.3288512185733234E-002
           5          27  -1.4535508133542787E-015
           5          28  -6.4890930225937196E-015
           5          29  -5.9910615565651045E-016
           5          30  -1.4920875848383112E-014
           5          31   2.6314386993092949E-015
           5          32   5.1136699414405075E-017
           5          33   2.5563941675715242E-015
           5          34  -5.0732343446318913E-016
           5          35  -6.3997049750507854E-015
           5          36   5.7045249143731291E-015
           6           1  -4.3403687761267973E-016
           6           2   1.6287947925095899E-014
           6           3  -3.7504652842978169E-013
           6           4   6.4294557282543070E-013
           6           5   1.0451709813543037E-014
           6           6   2.3904751242844298     
           6           7  -1.6930901125533637E-014
           6           8   4.2466030691912238E-015
           6           9  0.28188722715163123     
           6          10   4.5970172113385388E-015
           6          11   4.3975240116012060E-016
           6          12  -4.3533524033188151E-002
           6          13  -8.0803419510999674E-015
           6          14  -4.4452289071905682E-016
           6          15   7.6078981128113220E-015
           6          16  -2.5055143073109514E-015
           6          17   6.6097705143798141E-015
           6          18  -1.7237526657197496E-015
           6          19  -2.5078861284160660E-015
           6          20   7.3911917259175918E-015
           6          21  -1.7084249194206003E-013
           6          22  -1.6597089914460184E-015
           6          23  -1.7360257819902437E-013
           6          24   2.2983147147513163E-015
           6          25  -2.4853710923842278E-015
           6          26  -1.7629502197401269E-013
           6          27 -0.34548463699429255     
           6          28  -3.7123082385903672E-016
           6          29 -0.15450542670021175     
           6          30   2.9073965457371287E-015
           6          31   1.0863705768304754E-015
           6          32  -9.8628664764178464E-016
           6          33  -1.4823212102221817E-015
           6          34 -0.15450542670021633     
           6          35   2.2898349882893854E-016
           6          36   1.1796119636642288E-016
           7           1  -2.5090078710733122E-013
           7           2  -7.0381286911245480E-013
           7           3   3.5860857857085159E-012
           7           4  -2.7136429144022700E-012
           7           5   1.0166436952151835E-013
           7           6  -1.6930901125533637E-014
           7           7   2.3904751242844142     
           7           8  -2.3481216970822061E-014
           7           9   1.3655743202889425E-014
           7          10  0.28188722715159237     
           7          11   6.9874661612345790E-015
           7          12   8.0942197389077819E-015
           7          13  -4.3533524033167244E-002
           7          14   2.3505503099485736E-014
           7          15  -1.4067860509071820E-013
           7          16  -1.9346977843608609E-014
           7          17  -1.6149437255592722E-013
           7          18   7.1481503053851384E-015
           7          19  -8.6716802637463080E-015
           7          20  -1.4148855749712501E-013
           7          21   6.7143214617567981E-013
           7          22  -2.0880935472414096E-014
           7          23   6.9925773526242727E-013
           7          24   4.0235530667594461E-015
           7          25  -3.8843921831112449E-014
           7          26   6.5061199190452989E-013
           7          27   1.2479600686177150E-014
           7          28 -0.15450542670022294     
           7          29  -2.3422236372638849E-014
           7          30 -0.34548463699422671     
           7          31   1.5945578191178811E-014
           7          32  -6.7873620877229557E-015
           7          33   1.8401946633161970E-014
           7          34   4.3628295420816698E-015
           7          35 -0.15450542670022996     
           7          36   6.2033711500930622E-015
           8           1   7.9359973549235558E-014
           8           2   2.1811633767588414E-013
           8           3  -1.0839306638772721E-012
           8           4   7.9115431780910445E-013
           8           5  -3.8676323776686420E-014
           8           6   4.2466030691912238E-015
           8           7  -2.3481216970822061E-014
           8           8   2.3904751242844546     
           8           9  -5.2180482157382357E-015
           8          10  -5.4262150328554526E-015
           8          11  0.28188722715165371     
           8          12  -2.6430680560851627E-015
           8          13   3.0218882951515980E-015
           8          14  -4.3533524033201980E-002
           8          15   4.5135210227730173E-014
           8          16   5.8592710871912158E-015
           8          17   4.6326448858315153E-014
           8          18   3.5138859571309696E-016
           8          19   3.0200674151326855E-015
           8          20   4.3726974693714305E-014
           8          21  -1.9214557575185976E-013
           8          22   6.4920062783872554E-015
           8          23  -1.9744326563389505E-013
           8          24  -2.6317832884475688E-015
           8          25   7.8837222321923855E-015
           8          26  -1.8384922555789700E-013
           8          27  -7.1991024253037494E-016
           8          28   4.4894643558279768E-015
           8          29   4.0670591894276242E-015
           8          30  -7.9797279894933126E-015
           8          31 -0.15450542670022510     
           8          32   1.5382319336967955E-015
           8          33 -0.15450542670022485     
           8          34  -1.0759622359746146E-015
           8          35   5.2735593669694936E-015
           8          36 -0.34548463699431387     
           9           1  -6.0687874070601349E-016
           9           2   7.3737807633678290E-017
           9           3  -3.1890166758927747E-014
           9           4   6.5492706880996804E-014
           9           5   1.5459418401450531E-015
           9           6  0.28188722715163123     
           9           7   1.3655743202889425E-014
           9           8  -5.2180482157382357E-015
           9           9   3.3240424894620556E-002
           9          10   2.3874131838130808E-015
           9          11  -6.1821207875123463E-016
           9          12  -5.1335168700103904E-003
           9          13  -1.2378878304353247E-015
           9          14   5.1215000122784016E-017
           9          15   4.6940774523310927E-016
           9          16  -2.9545276313568068E-016
           9          17   3.5170753651414988E-016
           9          18  -2.0326664532027921E-016
           9          19  -2.9573245066209759E-016
           9          20   4.4385351047577726E-016
           9          21  -1.7572012893155775E-014
           9          22  -1.9571455093796609E-016
           9          23  -1.7897485036233356E-014
           9          24   2.7101957911278445E-016
           9          25  -2.9307745500400134E-016
           9          26  -1.8214980709910849E-014
           9          27  -4.0739895327277773E-002
           9          28  -1.0555792351318871E-015
           9          29  -1.8219435069603405E-002
           9          30  -1.9186041644303486E-015
           9          31   4.9510092206550560E-016
           9          32  -1.1630391191113113E-016
           9          33   1.9450586974389950E-016
           9          34  -1.8219435069603943E-002
           9          35  -9.8467241305133513E-016
           9          36   8.3570303455182682E-016
          10           1  -2.7818948436533128E-014
          10           2  -7.8336832784290497E-014
          10           3   3.9838824813341599E-013
          10           4  -2.9940740957096471E-013
          10           5   1.1359611297433754E-014
          10           6   4.5970172113385388E-015
          10           7  0.28188722715159237     
          10           8  -5.4262150328554526E-015
          10           9   2.3874131838130808E-015
          10          10   3.3240424894611625E-002
          10          11   5.1087606367516969E-016
          10          12   8.3440199194484421E-016
          10          13  -5.1335168700072523E-003
          10          14   2.8202266910692941E-015
          10          15  -1.5703903374127110E-014
          10          16  -2.2814150553985511E-015
          10          17  -1.8158519576651494E-014
          10          18   8.4291706212630607E-016
          10          19  -1.0225732447328290E-015
          10          20  -1.5799413775238323E-014
          10          21   7.4052454988852440E-014
          10          22  -2.4623008793752534E-015
          10          23   7.7333676396195360E-014
          10          24   4.7446141805202481E-016
          10          25  -4.5805142690800036E-015
          10          26   7.1597321489766226E-014
          10          27   5.1868231931706532E-016
          10          28  -1.8219435069602337E-002
          10          29  -3.1882049084108743E-015
          10          30  -4.0739895327264672E-002
          10          31   2.0517441912115686E-015
          10          32  -8.0037255319894877E-016
          10          33   2.3414430116996954E-015
          10          34   8.8254056840320061E-017
          10          35  -1.8219435069603163E-002
          10          36   1.1154271950530870E-015
          11           1   1.8485141287340953E-014
          11           2   4.0758188678431668E-014
          11           3  -1.4504929960436528E-013
          11           4   1.0890372929819289E-013
          11           5  -5.0805306366784345E-015
          11           6   4.3975240116012060E-016
          11           7   6.9874661612345790E-015
          11           8  0.28188722715165371     
          11           9  -6.1821207875123463E-016
          11          10   5.1087606367516969E-016
          11          11   3.3240424894625524E-002
          11          12  -3.1075944768865771E-016
          11          13   1.7867651802561113E-016
          11          14  -5.1335168700123784E-003
          11          15   6.3725485490668241E-015
          11          16   6.9093113043476191E-016
          11          17   6.5130206046176590E-015
          11          18   4.1436096068148630E-017
          11          19   3.5612938231998785E-016
          11          20   6.2064880007567408E-015
          11          21  -2.6432417099499677E-014
          11          22   7.6554389956817922E-016
          11          23  -2.7057126010287154E-014
          11          24  -3.1034252818949206E-016
          11          25   9.2965644239086884E-016
          11          26  -2.5454103153499169E-014
          11          27  -7.9688859677684576E-017
          11          28  -1.0104764247564901E-016
          11          29   4.8274101729917085E-016
          11          30  -2.3505503099485736E-015
          11          31  -1.8219435069606247E-002
          11          32   1.8138985430174421E-016
          11          33  -1.8219435069606216E-002
          11          34  -1.2484588016170584E-016
          11          35  -8.2399365108898337E-018
          11          36  -4.0739895327283115E-002
          12           1  -1.1072674208944505E-015
          12           2  -1.9424506197582734E-015
          12           3   6.6142209368872095E-015
          12           4  -1.1688337388185246E-014
          12           5  -1.8478893101266174E-016
          12           6  -4.3533524033188151E-002
          12           7   8.0942197389077819E-015
          12           8  -2.6430680560851627E-015
          12           9  -5.1335168700103904E-003
          12          10   8.3440199194484421E-016
          12          11  -3.1075944768865771E-016
          12          12   7.9279959682302650E-004
          12          13   5.3735770173812814E-018
          12          14   5.4860629927766524E-017
          12          15  -1.9204612697007410E-016
          12          16   4.5628530581465257E-017
          12          17  -1.7386898245477479E-016
          12          18   3.1391679142823034E-017
          12          19   4.5671724392660890E-017
          12          20  -1.8809963423891852E-016
          12          21   3.0903381311042909E-015
          12          22   3.0225364210250569E-017
          12          23   3.1406027333922783E-015
          12          24  -4.1855168394764901E-017
          12          25   4.5261697594015473E-017
          12          26   3.1896354819849400E-015
          12          27   6.2917047723684109E-003
          12          28  -4.9642906972680034E-016
          12          29   2.8137359130750565E-003
          12          30  -1.1781482907313734E-015
          12          31   1.4618433416893617E-016
          12          32   1.7961506079890034E-017
          12          33   1.9289989527590534E-016
          12          34   2.8137359130751397E-003
          12          35  -5.0737951166890394E-016
          12          36   3.6949610038305991E-016
          13           1   4.5361069408985142E-015
          13           2   1.1366015313991129E-014
          13           3  -4.8318649593057311E-014
          13           4   3.5304966278699951E-014
          13           5  -1.4269192240872984E-015
          13           6  -8.0803419510999674E-015
          13           7  -4.3533524033167244E-002
          13           8   3.0218882951515980E-015
          13           9  -1.2378878304353247E-015
          13          10  -5.1335168700072523E-003
          13          11   1.7867651802561113E-016
          13          12   5.3735770173812814E-018
          13          13   7.9279959682227027E-004
          13          14  -4.7531423241764514E-016
          13          15   2.0125738280073358E-015
          13          16   3.5233252016210681E-016
          13          17   2.3916548332893721E-015
          13          18  -1.3017670418357815E-016
          13          19   1.5792207889331111E-016
          13          20   2.0273240683222514E-015
          13          21  -8.6985921819587539E-015
          13          22   3.8026779571508951E-016
          13          23  -9.2053307541108022E-015
          13          24  -7.3273903731968420E-017
          13          25   7.0739611025379719E-016
          13          26  -8.3194312874864566E-015
          13          27   9.8510609392032933E-016
          13          28   2.8137359130739276E-003
          13          29   9.6878885122442249E-016
          13          30   6.2917047723642320E-003
          13          31  -4.5807541787512562E-016
          13          32   1.2360630218069161E-016
          13          33  -5.0274454738152841E-016
          13          34   4.6279169732543757E-016
          13          35   2.8137359130740551E-003
          13          36  -4.8789097761847700E-016
          14           1  -3.8551066141497344E-015
          14           2  -8.1852070481175626E-015
          14           3   2.7228129283211346E-014
          14           4  -2.0970205057060997E-014
          14           5   9.1496402936940692E-016
          14           6  -4.4452289071905682E-016
          14           7   2.3505503099485736E-014
          14           8  -4.3533524033201980E-002
          14           9   5.1215000122784016E-017
          14          10   2.8202266910692941E-015
          14          11  -5.1335168700123784E-003
          14          12   5.4860629927766524E-017
          14          13  -4.7531423241764514E-016
          14          14   7.9279959682352198E-004
          14          15  -1.1939706270722065E-015
          14          16  -1.0670461118815742E-016
          14          17  -1.2156645635735861E-015
          14          18  -6.3992232008232004E-018
          14          19  -5.4999182406520407E-017
          14          20  -1.1683249071725481E-015
          14          21   5.1061433801206247E-015
          14          22  -1.1822750568422344E-016
          14          23   5.2026208993626595E-015
          14          24   4.7928045715267952E-017
          14          25  -1.4357238349002105E-016
          14          26   4.9550565284365885E-015
          14          27   6.6380278010425009E-017
          14          28  -1.5733941927109640E-015
          14          29  -5.0252770694703131E-017
          14          30  -3.1901564723213482E-015
          14          31   2.8137359130761637E-003
          14          32  -2.8013115959296798E-017
          14          33   2.8137359130761593E-003
          14          34   4.3354534372264109E-017
          14          35  -1.5877056613877727E-015
          14          36   6.2917047723707329E-003
          15           1   6.1437332515765844E-002
          15           2  0.13278796979290855     
          15           3 -0.49847229852366604     
          15           4  0.42273469355125992     
          15           5  -1.3049206401364958E-002
          15           6   7.6078981128113220E-015
          15           7  -1.4067860509071820E-013
          15           8   4.5135210227730173E-014
          15           9   4.6940774523310927E-016
          15          10  -1.5703903374127110E-014
          15          11   6.3725485490668241E-015
          15          12  -1.9204612697007410E-016
          15          13   2.0125738280073358E-015
          15          14  -1.1939706270722065E-015
          15          15   1.9397076359164007E-002
          15          16  -1.5327999244602697E-016
          15          17   1.9397076359164808E-002
          15          18   1.9335333162551506E-016
          15          19   2.5055122800507059E-016
          15          20   1.9397076359163733E-002
          15          21 -0.10484463800422268     
          15          22  -2.0287919300567261E-016
          15          23 -0.10484463800422411     
          15          24  -4.4375915432016114E-016
          15          25  -1.7482547310726044E-016
          15          26 -0.10484463800422372     
          15          27  -1.1841698763694240E-015
          15          28   8.9764538332580124E-015
          15          29  -5.5815266530950131E-016
          15          30   2.0612624383124243E-014
          15          31  -3.1606902088730369E-015
          15          32  -2.6829154999818809E-017
          15          33  -3.0413643079612322E-015
          15          34  -7.5753094210829391E-016
          15          35   8.8094296927306887E-015
          15          36  -6.8996907265657498E-015
          16           1   5.9120087925499775E-016
          16           2   4.0747763681400340E-016
          16           3   5.7499282297619078E-015
          16           4  -4.6912311989297541E-015
          16           5   1.3777281532676409E-016
          16           6  -2.5055143073109514E-015
          16           7  -1.9346977843608609E-014
          16           8   5.8592710871912158E-015
          16           9  -2.9545276313568068E-016
          16          10  -2.2814150553985511E-015
          16          11   6.9093113043476191E-016
          16          12   4.5628530581465257E-017
          16          13   3.5233252016210681E-016
          16          14  -1.0670461118815742E-016
          16          15  -1.5327999244602697E-016
          16          16   1.7922120785832392E-028
          16          17  -1.5327999244586546E-016
          16          18  -5.6950001334705231E-029
          16          19   7.4817751593175941E-029
          16          20  -1.5327999244602803E-016
          16          21   1.1815206035836148E-015
          16          22   1.8581582510477139E-028
          16          23   1.1815206035833851E-015
          16          24  -3.5079273588975669E-029
          16          25   3.3765371593304880E-028
          16          26   1.1815206035838087E-015
          16          27   3.6211073361587584E-016
          16          28   1.2504681754349356E-015
          16          29   1.6194084314972943E-016
          16          30   2.7961318439719198E-015
          16          31  -3.7870679777520811E-016
          16          32   6.4188033329489911E-029
          16          33  -3.7870679777522497E-016
          16          34   1.6194084314949289E-016
          16          35   1.2504681754349920E-015
          16          36  -8.4681414336639942E-016
          17           1   6.1437332515767273E-002
          17           2  0.13278796979291252     
          17           3 -0.49847229852368852     
          17           4  0.42273469355127880     
          17           5  -1.3049206401365532E-002
          17           6   6.6097705143798141E-015
          17           7  -1.6149437255592722E-013
          17           8   4.6326448858315153E-014
          17           9   3.5170753651414988E-016
          17          10  -1.8158519576651494E-014
          17          11   6.5130206046176590E-015
          17          12  -1.7386898245477479E-016
          17          13   2.3916548332893721E-015
          17          14  -1.2156645635735861E-015
          17          15   1.9397076359164808E-002
          17          16  -1.5327999244586546E-016
          17          17   1.9397076359165606E-002
          17          18   1.9335333162546192E-016
          17          19   2.5055122800516249E-016
          17          20   1.9397076359164531E-002
          17          21 -0.10484463800422737     
          17          22  -2.0287919300549275E-016
          17          23 -0.10484463800422880     
          17          24  -4.4375915432021981E-016
          17          25  -1.7482547310692444E-016
          17          26 -0.10484463800422843     
          17          27  -1.0399149759461863E-015
          17          28   1.0321855423775495E-014
          17          29  -4.9363991262248918E-016
          17          30   2.3621033796556967E-014
          17          31  -3.2376844561885091E-015
          17          32  -2.6829154999763987E-017
          17          33  -3.1183585552767201E-015
          17          34  -6.9301818942152554E-016
          17          35   1.0154831283248230E-014
          17          36  -7.0718550974393029E-015
          18           1   5.5482382714075956E-016
          18           2   1.2457266259106104E-015
          18           3  -5.0657232116219469E-015
          18           4   4.2861411047302439E-015
          18           5  -1.3193044505879945E-016
          18           6  -1.7237526657197496E-015
          18           7   7.1481503053851384E-015
          18           8   3.5138859571309696E-016
          18           9  -2.0326664532027921E-016
          18          10   8.4291706212630607E-016
          18          11   4.1436096068148630E-017
          18          12   3.1391679142823034E-017
          18          13  -1.3017670418357815E-016
          18          14  -6.3992232008232004E-018
          18          15   1.9335333162551506E-016
          18          16  -5.6950001334705231E-029
          18          17   1.9335333162546192E-016
          18          18   2.4609572724496954E-029
          18          19  -2.0997969954706415E-029
          18          20   1.9335333162551016E-016
          18          21  -1.0639923522998022E-015
          18          22  -6.2180407724639834E-029
          18          23  -1.0639923522997316E-015
          18          24   5.4120646247128767E-030
          18          25  -1.1494335840238792E-028
          18          26  -1.0639923522998693E-015
          18          27   2.4912623349823342E-016
          18          28  -4.6201192467186555E-016
          18          29   1.1141263861601783E-016
          18          30  -1.0330900699815554E-015
          18          31  -2.2711570752864718E-017
          18          32  -1.9852891208013589E-029
          18          33  -2.2711570752854315E-017
          18          34   1.1141263861610180E-016
          18          35  -4.6201192467188833E-016
          18          36  -5.0784616079285709E-017
          19           1  -3.4854774288123733E-017
          19           2   5.9431441215157836E-016
          19           3  -7.8320969785804473E-015
          19           4   6.4997049604355106E-015
          19           5  -1.9522069164738631E-016
          19           6  -2.5078861284160660E-015
          19           7  -8.6716802637463080E-015
          19           8   3.0200674151326855E-015
          19           9  -2.9573245066209759E-016
          19          10  -1.0225732447328290E-015
          19          11   3.5612938231998785E-016
          19          12   4.5671724392660890E-017
          19          13   1.5792207889331111E-016
          19          14  -5.4999182406520407E-017
          19          15   2.5055122800507059E-016
          19          16   7.4817751593175941E-029
          19          17   2.5055122800516249E-016
          19          18  -2.0997969954706415E-029
          19          19   4.3768947683110437E-029
          19          20   2.5055122800507349E-016
          19          21  -1.6258938400942302E-015
          19          22   8.4944736037740213E-029
          19          23  -1.6258938400943487E-015
          19          24  -2.8247437873727965E-029
          19          25   1.5124586413168663E-028
          19          26  -1.6258938400941450E-015
          19          27   3.6245352227127531E-016
          19          28   5.6048341425812066E-016
          19          29   1.6209414289666464E-016
          19          30   1.2532790145420168E-015
          19          31  -1.9519835195035675E-016
          19          32   2.3991473099361698E-029
          19          33  -1.9519835195036168E-016
          19          34   1.6209414289656374E-016
          19          35   5.6048341425814639E-016
          19          36  -4.3647678405680776E-016
          20           1   6.1437332515763374E-002
          20           2  0.13278796979290447     
          20           3 -0.49847229852366165     
          20           4  0.42273469355125587     
          20           5  -1.3049206401364822E-002
          20           6   7.3911917259175918E-015
          20           7  -1.4148855749712501E-013
          20           8   4.3726974693714305E-014
          20           9   4.4385351047577726E-016
          20          10  -1.5799413775238323E-014
          20          11   6.2064880007567408E-015
          20          12  -1.8809963423891852E-016
          20          13   2.0273240683222514E-015
          20          14  -1.1683249071725481E-015
          20          15   1.9397076359163733E-002
          20          16  -1.5327999244602803E-016
          20          17   1.9397076359164531E-002
          20          18   1.9335333162551016E-016
          20          19   2.5055122800507349E-016
          20          20   1.9397076359163455E-002
          20          21 -0.10484463800422171     
          20          22  -2.0287919300566270E-016
          20          23 -0.10484463800422315     
          20          24  -4.4375915432015907E-016
          20          25  -1.7482547310724917E-016
          20          26 -0.10484463800422275     
          20          27  -1.1528502752366862E-015
          20          28   9.0288041132870567E-015
          20          29  -5.4414611387730370E-016
          20          30   2.0729683167910316E-014
          20          31  -3.0696706329455608E-015
          20          32  -2.6829154999823244E-017
          20          33  -2.9503447320337592E-015
          20          34  -7.4352439067609097E-016
          20          35   8.8617799727597409E-015
          20          36  -6.6961647675086884E-015
          21           1 -0.24647776547375927     
          21           2 -0.60192052239758620     
          21           3   2.8383051203848142     
          21           4  -2.3923418125835241     
          21           5   7.3288512185732610E-002
          21           6  -1.7084249194206003E-013
          21           7   6.7143214617567981E-013
          21           8  -1.9214557575185976E-013
          21           9  -1.7572012893155775E-014
          21          10   7.4052454988852440E-014
          21          11  -2.6432417099499677E-014
          21          12   3.0903381311042909E-015
          21          13  -8.6985921819587539E-015
          21          14   5.1061433801206247E-015
          21          15 -0.10484463800422268     
          21          16   1.1815206035836148E-015
          21          17 -0.10484463800422737     
          21          18  -1.0639923522998022E-015
          21          19  -1.6258938400942302E-015
          21          20 -0.10484463800422171     
          21          21  0.59477015983498305     
          21          22   9.0289368683797717E-016
          21          23  0.59477015983499038     
          21          24   2.6242123686703147E-015
          21          25   9.4223049340615490E-016
          21          26  0.59477015983498793     
          21          27   2.5149080155447465E-014
          21          28  -4.2731467215400621E-014
          21          29   1.1724558173887135E-014
          21          30  -9.8952595342993557E-014
          21          31   1.3407648673855654E-014
          21          32   4.8206435514582833E-016
          21          33   1.2815955522643721E-014
          21          34   1.2370862271776052E-014
          21          35  -4.2062716940723328E-014
          21          36   2.8394380289033486E-014
          22           1  -1.2333856602063188E-015
          22           2  -2.1882301249615648E-015
          22           3   4.2199939561331792E-015
          22           4  -3.6803533108197402E-015
          22           5   1.1746938902635045E-016
          22           6  -1.6597089914460184E-015
          22           7  -2.0880935472414096E-014
          22           8   6.4920062783872554E-015
          22           9  -1.9571455093796609E-016
          22          10  -2.4623008793752534E-015
          22          11   7.6554389956817922E-016
          22          12   3.0225364210250569E-017
          22          13   3.8026779571508951E-016
          22          14  -1.1822750568422344E-016
          22          15  -2.0287919300567261E-016
          22          16   1.8581582510477139E-028
          22          17  -2.0287919300549275E-016
          22          18  -6.2180407724639834E-029
          22          19   8.4944736037740213E-029
          22          20  -2.0287919300566270E-016
          22          21   9.0289368683797717E-016
          22          22   2.0463820694333159E-028
          22          23   9.0289368683773992E-016
          22          24  -4.0804760117658734E-029
          22          25   3.6428731434065873E-028
          22          26   9.0289368683820121E-016
          22          27   2.3987028879764093E-016
          22          28   1.3496136447062801E-015
          22          29   1.0727325430706714E-016
          22          30   3.0178278529237137E-015
          22          31  -4.1960286053313358E-016
          22          32   6.2104691097404267E-029
          22          33  -4.1960286053315424E-016
          22          34   1.0727325430681870E-016
          22          35   1.3496136447063463E-015
          22          36  -9.3826051970518739E-016
          23           1 -0.24647776547376521     
          23           2 -0.60192052239759786     
          23           3   2.8383051203848484     
          23           4  -2.3923418125835534     
          23           5   7.3288512185733540E-002
          23           6  -1.7360257819902437E-013
          23           7   6.9925773526242727E-013
          23           8  -1.9744326563389505E-013
          23           9  -1.7897485036233356E-014
          23          10   7.7333676396195360E-014
          23          11  -2.7057126010287154E-014
          23          12   3.1406027333922783E-015
          23          13  -9.2053307541108022E-015
          23          14   5.2026208993626595E-015
          23          15 -0.10484463800422411     
          23          16   1.1815206035833851E-015
          23          17 -0.10484463800422880     
          23          18  -1.0639923522997316E-015
          23          19  -1.6258938400943487E-015
          23          20 -0.10484463800422315     
          23          21  0.59477015983499038     
          23          22   9.0289368683773992E-016
          23          23  0.59477015983499748     
          23          24   2.6242123686703932E-015
          23          25   9.4223049340570110E-016
          23          26  0.59477015983499526     
          23          27   2.5547983029973719E-014
          23          28  -4.4529940025829861E-014
          23          29   1.1902952962658932E-014
          23          30  -1.0297410280279746E-013
          23          31   1.3750058359459389E-014
          23          32   4.8206435514574343E-016
          23          33   1.3158365208247471E-014
          23          34   1.2549257060548221E-014
          23          35  -4.3861189751152643E-014
          23          36   2.9160031622197416E-014
          24           1  -7.1741587436233541E-016
          24           2  -2.1068203496972937E-015
          24           3   1.2561222927147963E-014
          24           4  -1.0534406465895063E-014
          24           5   3.2068334515542316E-016
          24           6   2.2983147147513163E-015
          24           7   4.0235530667594461E-015
          24           8  -2.6317832884475688E-015
          24           9   2.7101957911278445E-016
          24          10   4.7446141805202481E-016
          24          11  -3.1034252818949206E-016
          24          12  -4.1855168394764901E-017
          24          13  -7.3273903731968420E-017
          24          14   4.7928045715267952E-017
          24          15  -4.4375915432016114E-016
          24          16  -3.5079273588975669E-029
          24          17  -4.4375915432021981E-016
          24          18   5.4120646247128767E-030
          24          19  -2.8247437873727965E-029
          24          20  -4.4375915432015907E-016
          24          21   2.6242123686703147E-015
          24          22  -4.0804760117658734E-029
          24          23   2.6242123686703932E-015
          24          24   2.3845247148839830E-029
          24          25  -7.2472023721607281E-029
          24          26   2.6242123686702831E-015
          24          27  -3.3216510678484545E-016
          24          28  -2.6005741583140561E-016
          24          29  -1.4854875170492516E-016
          24          30  -5.8150605985180634E-016
          24          31   1.7010208382147345E-016
          24          32  -1.0742788908722834E-029
          24          33   1.7010208382147254E-016
          24          34  -1.4854875170487605E-016
          24          35  -2.6005741583141576E-016
          24          36   3.8035982253912017E-016
          25           1  -5.6206665609797673E-016
          25           2  -1.2080904299208309E-015
          25           3   4.4787055956176960E-015
          25           4  -3.7996458084940370E-015
          25           5   1.1734402761904243E-016
          25           6  -2.4853710923842278E-015
          25           7  -3.8843921831112449E-014
          25           8   7.8837222321923855E-015
          25           9  -2.9307745500400134E-016
          25          10  -4.5805142690800036E-015
          25          11   9.2965644239086884E-016
          25          12   4.5261697594015473E-017
          25          13   7.0739611025379719E-016
          25          14  -1.4357238349002105E-016
          25          15  -1.7482547310726044E-016
          25          16   3.3765371593304880E-028
          25          17  -1.7482547310692444E-016
          25          18  -1.1494335840238792E-028
          25          19   1.5124586413168663E-028
          25          20  -1.7482547310724917E-016
          25          21   9.4223049340615490E-016
          25          22   3.6428731434065873E-028
          25          23   9.4223049340570110E-016
          25          24  -7.2472023721607281E-029
          25          25   6.6135292393146838E-028
          25          26   9.4223049340653572E-016
          25          27   3.5919952520113201E-016
          25          28   2.5106292285818013E-015
          25          29   1.6063891116755830E-016
          25          30   5.6139376214053521E-015
          25          31  -5.0955471366224889E-016
          25          32   1.1659843259025432E-028
          25          33  -5.0955471366228646E-016
          25          34   1.6063891116709647E-016
          25          35   2.5106292285819189E-015
          25          36  -1.1393989780037482E-015
          26           1 -0.24647776547376471     
          26           2 -0.60192052239759619     
          26           3   2.8383051203848368     
          26           4  -2.3923418125835441     
          26           5   7.3288512185733234E-002
          26           6  -1.7629502197401269E-013
          26           7   6.5061199190452989E-013
          26           8  -1.8384922555789700E-013
          26           9  -1.8214980709910849E-014
          26          10   7.1597321489766226E-014
          26          11  -2.5454103153499169E-014
          26          12   3.1896354819849400E-015
          26          13  -8.3194312874864566E-015
          26          14   4.9550565284365885E-015
          26          15 -0.10484463800422372     
          26          16   1.1815206035838087E-015
          26          17 -0.10484463800422843     
          26          18  -1.0639923522998693E-015
          26          19  -1.6258938400941450E-015
          26          20 -0.10484463800422275     
          26          21  0.59477015983498793     
          26          22   9.0289368683820121E-016
          26          23  0.59477015983499526     
          26          24   2.6242123686702831E-015
          26          25   9.4223049340653572E-016
          26          26  0.59477015983499282     
          26          27   2.5937109840279819E-014
          26          28  -4.1385782089063459E-014
          26          29   1.2076975762601961E-014
          26          30  -9.5943551924194074E-014
          26          31   1.2871424258152245E-014
          26          32   4.8206435514588789E-016
          26          33   1.2279731106940288E-014
          26          34   1.2723279860490654E-014
          26          35  -4.0717031814386084E-014
          26          36   2.7195346044325822E-014
          27           1  -2.0376015059248972E-016
          27           2  -2.9312780939405970E-015
          27           3   5.6381409331989418E-014
          27           4  -9.4768518116622329E-014
          27           5  -1.4535508133542787E-015
          27           6 -0.34548463699429255     
          27           7   1.2479600686177150E-014
          27           8  -7.1991024253037494E-016
          27           9  -4.0739895327277773E-002
          27          10   5.1868231931706532E-016
          27          11  -7.9688859677684576E-017
          27          12   6.2917047723684109E-003
          27          13   9.8510609392032933E-016
          27          14   6.6380278010425009E-017
          27          15  -1.1841698763694240E-015
          27          16   3.6211073361587584E-016
          27          17  -1.0399149759461863E-015
          27          18   2.4912623349823342E-016
          27          19   3.6245352227127531E-016
          27          20  -1.1528502752366862E-015
          27          21   2.5149080155447465E-014
          27          22   2.3987028879764093E-016
          27          23   2.5547983029973719E-014
          27          24  -3.3216510678484545E-016
          27          25   3.5919952520113201E-016
          27          26   2.5937109840279819E-014
          27          27   4.9931343433162675E-002
          27          28  -5.9435963095655353E-016
          27          29   2.2329975624887373E-002
          27          30  -1.8700319071029980E-015
          27          31  -1.4761412578390143E-016
          27          32   1.4254358096898062E-016
          27          33   2.2236986557677696E-016
          27          34   2.2329975624888039E-002
          27          35  -6.8174632605888519E-016
          27          36   4.3368086899420177E-018
          28           1   1.5964706142700972E-014
          28           2   4.4851838604405091E-014
          28           3  -2.2860287229366395E-013
          28           4   1.7271658862286385E-013
          28           5  -6.4890930225937196E-015
          28           6  -3.7123082385903672E-016
          28           7 -0.15450542670022294     
          28           8   4.4894643558279768E-015
          28           9  -1.0555792351318871E-015
          28          10  -1.8219435069602337E-002
          28          11  -1.0104764247564901E-016
          28          12  -4.9642906972680034E-016
          28          13   2.8137359130739276E-003
          28          14  -1.5733941927109640E-015
          28          15   8.9764538332580124E-015
          28          16   1.2504681754349356E-015
          28          17   1.0321855423775495E-014
          28          18  -4.6201192467186555E-016
          28          19   5.6048341425812066E-016
          28          20   9.0288041132870567E-015
          28          21  -4.2731467215400621E-014
          28          22   1.3496136447062801E-015
          28          23  -4.4529940025829861E-014
          28          24  -2.6005741583140561E-016
          28          25   2.5106292285818013E-015
          28          26  -4.1385782089063459E-014
          28          27  -5.9435963095655353E-016
          28          28   9.9862686866335829E-003
          28          29   1.6087391835339915E-015
          28          30   2.2329975624884885E-002
          28          31  -1.2225463696946548E-015
          28          32   4.3869282088701144E-016
          28          33  -1.3812735677465326E-015
          28          34  -1.8702487475374951E-016
          28          35   9.9862686866340356E-003
          28          36  -8.3093254499289060E-016
          29           1   8.0378840393232931E-016
          29           2  -1.7322436412470803E-016
          29           3   2.7606265428711964E-014
          29           4  -4.4240734718994426E-014
          29           5  -5.9910615565651045E-016
          29           6 -0.15450542670021175     
          29           7  -2.3422236372638849E-014
          29           8   4.0670591894276242E-015
          29           9  -1.8219435069603405E-002
          29          10  -3.1882049084108743E-015
          29          11   4.8274101729917085E-016
          29          12   2.8137359130750565E-003
          29          13   9.6878885122442249E-016
          29          14  -5.0252770694703131E-017
          29          15  -5.5815266530950131E-016
          29          16   1.6194084314972943E-016
          29          17  -4.9363991262248918E-016
          29          18   1.1141263861601783E-016
          29          19   1.6209414289666464E-016
          29          20  -5.4414611387730370E-016
          29          21   1.1724558173887135E-014
          29          22   1.0727325430706714E-016
          29          23   1.1902952962658932E-014
          29          24  -1.4854875170492516E-016
          29          25   1.6063891116755830E-016
          29          26   1.2076975762601961E-014
          29          27   2.2329975624887373E-002
          29          28   1.6087391835339915E-015
          29          29   9.9862686866320684E-003
          29          30   3.3556057238426362E-015
          29          31  -3.5065808763612427E-016
          29          32   6.3747427360664825E-017
          29          33  -1.8534436138639698E-016
          29          34   9.9862686866323651E-003
          29          35   1.5699247457590104E-015
          29          36  -6.3241512721079474E-016
          30           1   3.5947411399929577E-014
          30           2   1.0201322768967478E-013
          30           3  -5.2752670744653199E-013
          30           4   3.9982469478995207E-013
          30           5  -1.4920875848383112E-014
          30           6   2.9073965457371287E-015
          30           7 -0.34548463699422671     
          30           8  -7.9797279894933126E-015
          30           9  -1.9186041644303486E-015
          30          10  -4.0739895327264672E-002
          30          11  -2.3505503099485736E-015
          30          12  -1.1781482907313734E-015
          30          13   6.2917047723642320E-003
          30          14  -3.1901564723213482E-015
          30          15   2.0612624383124243E-014
          30          16   2.7961318439719198E-015
          30          17   2.3621033796556967E-014
          30          18  -1.0330900699815554E-015
          30          19   1.2532790145420168E-015
          30          20   2.0729683167910316E-014
          30          21  -9.8952595342993557E-014
          30          22   3.0178278529237137E-015
          30          23  -1.0297410280279746E-013
          30          24  -5.8150605985180634E-016
          30          25   5.6139376214053521E-015
          30          26  -9.5943551924194074E-014
          30          27  -1.8700319071029980E-015
          30          28   2.2329975624884885E-002
          30          29   3.3556057238426362E-015
          30          30   4.9931343433143968E-002
          30          31  -1.5690573840210220E-015
          30          32   9.8094696874424235E-016
          30          33  -1.9238083348582791E-015
          30          34  -6.6027912304367220E-016
          30          35   2.2329975624885895E-002
          30          36   7.4766581814600386E-016
          31           1  -6.8984271498934620E-015
          31           2  -1.7114563400276405E-014
          31           3   7.4635664645876997E-014
          31           4  -5.5188518528823849E-014
          31           5   2.6314386993092949E-015
          31           6   1.0863705768304754E-015
          31           7   1.5945578191178811E-014
          31           8 -0.15450542670022510     
          31           9   4.9510092206550560E-016
          31          10   2.0517441912115686E-015
          31          11  -1.8219435069606247E-002
          31          12   1.4618433416893617E-016
          31          13  -4.5807541787512562E-016
          31          14   2.8137359130761637E-003
          31          15  -3.1606902088730369E-015
          31          16  -3.7870679777520811E-016
          31          17  -3.2376844561885091E-015
          31          18  -2.2711570752864718E-017
          31          19  -1.9519835195035675E-016
          31          20  -3.0696706329455608E-015
          31          21   1.3407648673855654E-014
          31          22  -4.1960286053313358E-016
          31          23   1.3750058359459389E-014
          31          24   1.7010208382147345E-016
          31          25  -5.0955471366224889E-016
          31          26   1.2871424258152245E-014
          31          27  -1.4761412578390143E-016
          31          28  -1.2225463696946548E-015
          31          29  -3.5065808763612427E-016
          31          30  -1.5690573840210220E-015
          31          31   9.9862686866336921E-003
          31          32  -9.9421733723744298E-017
          31          33   9.9862686866336748E-003
          31          34  -1.7374339814080209E-017
          31          35  -1.2732870313669764E-015
          31          36   2.2329975624890447E-002
          32           1   9.4301563566746476E-016
          32           2   1.2072396181060550E-015
          32           3   2.4184465601771883E-015
          32           4  -1.8743031884349354E-015
          32           5   5.1136699414405075E-017
          32           6  -9.8628664764178464E-016
          32           7  -6.7873620877229557E-015
          32           8   1.5382319336967955E-015
          32           9  -1.1630391191113113E-016
          32          10  -8.0037255319894877E-016
          32          11   1.8138985430174421E-016
          32          12   1.7961506079890034E-017
          32          13   1.2360630218069161E-016
          32          14  -2.8013115959296798E-017
          32          15  -2.6829154999818809E-017
          32          16   6.4188033329489911E-029
          32          17  -2.6829154999763987E-017
          32          18  -1.9852891208013589E-029
          32          19   2.3991473099361698E-029
          32          20  -2.6829154999823244E-017
          32          21   4.8206435514582833E-016
          32          22   6.2104691097404267E-029
          32          23   4.8206435514574343E-016
          32          24  -1.0742788908722834E-029
          32          25   1.1659843259025432E-028
          32          26   4.8206435514588789E-016
          32          27   1.4254358096898062E-016
          32          28   4.3869282088701144E-016
          32          29   6.3747427360664825E-017
          32          30   9.8094696874424235E-016
          32          31  -9.9421733723744298E-017
          32          32   2.4753077885093599E-029
          32          33  -9.9421733723749573E-017
          32          34   6.3747427360579603E-017
          32          35   4.3869282088702904E-016
          32          36  -2.2231375504709901E-016
          33           1  -6.3579630447240382E-015
          33           2  -1.6077794707483114E-014
          33           3   7.1842527140267515E-014
          33           4  -5.2791836201112558E-014
          33           5   2.5563941675715242E-015
          33           6  -1.4823212102221817E-015
          33           7   1.8401946633161970E-014
          33           8 -0.15450542670022485     
          33           9   1.9450586974389950E-016
          33          10   2.3414430116996954E-015
          33          11  -1.8219435069606216E-002
          33          12   1.9289989527590534E-016
          33          13  -5.0274454738152841E-016
          33          14   2.8137359130761593E-003
          33          15  -3.0413643079612322E-015
          33          16  -3.7870679777522497E-016
          33          17  -3.1183585552767201E-015
          33          18  -2.2711570752854315E-017
          33          19  -1.9519835195036168E-016
          33          20  -2.9503447320337592E-015
          33          21   1.2815955522643721E-014
          33          22  -4.1960286053315424E-016
          33          23   1.3158365208247471E-014
          33          24   1.7010208382147254E-016
          33          25  -5.0955471366228646E-016
          33          26   1.2279731106940288E-014
          33          27   2.2236986557677696E-016
          33          28  -1.3812735677465326E-015
          33          29  -1.8534436138639698E-016
          33          30  -1.9238083348582791E-015
          33          31   9.9862686866336748E-003
          33          32  -9.9421733723749573E-017
          33          33   9.9862686866336592E-003
          33          34   1.4791228138133494E-016
          33          35  -1.4320142294188543E-015
          33          36   2.2329975624890412E-002
          34           1  -1.1433890492280606E-015
          34           2  -3.3182733828724981E-015
          34           3   3.0517114665127688E-014
          34           4  -4.6935442609351353E-014
          34           5  -5.0732343446318913E-016
          34           6 -0.15450542670021633     
          34           7   4.3628295420816698E-015
          34           8  -1.0759622359746146E-015
          34           9  -1.8219435069603943E-002
          34          10   8.8254056840320061E-017
          34          11  -1.2484588016170584E-016
          34          12   2.8137359130751397E-003
          34          13   4.6279169732543757E-016
          34          14   4.3354534372264109E-017
          34          15  -7.5753094210829391E-016
          34          16   1.6194084314949289E-016
          34          17  -6.9301818942152554E-016
          34          18   1.1141263861610180E-016
          34          19   1.6209414289656374E-016
          34          20  -7.4352439067609097E-016
          34          21   1.2370862271776052E-014
          34          22   1.0727325430681870E-016
          34          23   1.2549257060548221E-014
          34          24  -1.4854875170487605E-016
          34          25   1.6063891116709647E-016
          34          26   1.2723279860490654E-014
          34          27   2.2329975624888039E-002
          34          28  -1.8702487475374951E-016
          34          29   9.9862686866323651E-003
          34          30  -6.6027912304367220E-016
          34          31  -1.7374339814080209E-017
          34          32   6.3747427360579603E-017
          34          33   1.4791228138133494E-016
          34          34   9.9862686866326635E-003
          34          35  -2.2616457318047622E-016
          34          36   1.1297386637298956E-016
          35           1   1.4721847896960864E-014
          35           2   4.2742589709188602E-014
          35           3  -2.2551123087183449E-013
          35           4   1.6997199945717237E-013
          35           5  -6.3997049750507854E-015
          35           6   2.2898349882893854E-016
          35           7 -0.15450542670022996     
          35           8   5.2735593669694936E-015
          35           9  -9.8467241305133513E-016
          35          10  -1.8219435069603163E-002
          35          11  -8.2399365108898337E-018
          35          12  -5.0737951166890394E-016
          35          13   2.8137359130740551E-003
          35          14  -1.5877056613877727E-015
          35          15   8.8094296927306887E-015
          35          16   1.2504681754349920E-015
          35          17   1.0154831283248230E-014
          35          18  -4.6201192467188833E-016
          35          19   5.6048341425814639E-016
          35          20   8.8617799727597409E-015
          35          21  -4.2062716940723328E-014
          35          22   1.3496136447063463E-015
          35          23  -4.3861189751152643E-014
          35          24  -2.6005741583141576E-016
          35          25   2.5106292285819189E-015
          35          26  -4.0717031814386084E-014
          35          27  -6.8174632605888519E-016
          35          28   9.9862686866340356E-003
          35          29   1.5699247457590104E-015
          35          30   2.2329975624885895E-002
          35          31  -1.2732870313669764E-015
          35          32   4.3869282088702904E-016
          35          33  -1.4320142294188543E-015
          35          34  -2.2616457318047622E-016
          35          35   9.9862686866344884E-003
          35          36  -9.4455693266937146E-016
          36           1  -1.6964411123828679E-014
          36           2  -3.9922040821256899E-014
          36           3   1.5909494630201265E-013
          36           4  -1.1715013389396053E-013
          36           5   5.7045249143731291E-015
          36           6   1.1796119636642288E-016
          36           7   6.2033711500930622E-015
          36           8 -0.34548463699431387     
          36           9   8.3570303455182682E-016
          36          10   1.1154271950530870E-015
          36          11  -4.0739895327283115E-002
          36          12   3.6949610038305991E-016
          36          13  -4.8789097761847700E-016
          36          14   6.2917047723707329E-003
          36          15  -6.8996907265657498E-015
          36          16  -8.4681414336639942E-016
          36          17  -7.0718550974393029E-015
          36          18  -5.0784616079285709E-017
          36          19  -4.3647678405680776E-016
          36          20  -6.6961647675086884E-015
          36          21   2.8394380289033486E-014
          36          22  -9.3826051970518739E-016
          36          23   2.9160031622197416E-014
          36          24   3.8035982253912017E-016
          36          25  -1.1393989780037482E-015
          36          26   2.7195346044325822E-014
          36          27   4.3368086899420177E-018
          36          28  -8.3093254499289060E-016
          36          29  -6.3241512721079474E-016
          36          30   7.4766581814600386E-016
          36          31   2.2329975624890447E-002
          36          32  -2.2231375504709901E-016
          36          33   2.2329975624890412E-002
          36          34   1.1297386637298956E-016
          36          35  -9.4455693266937146E-016
          36          36   4.9931343433168317E-002
