           1           1  0.36882941101986644     
           1           2  0.60549385860332072     
           1           3 -0.13482483018335575     
           1           4 -0.12464574430884608     
           1           5   2.8184466371012070E-002
           1           6   1.6785379304534068E-002
           1           7  -7.7871063596816509E-014
           1           8   4.6698111699546123E-014
           1           9   1.9759498515535531E-013
           1          10  -7.6694155267738308E-014
           1          11   5.7846812542565676E-014
           1          12   2.1607127374979525E-013
           1          13   1.3707721192322752E-003
           1          14   3.5376391407798650E-014
           1          15  -4.0689959774897805E-014
           1          16  -1.2481513070887351E-013
           1          17  -2.6014064832688245E-014
           1          18   3.6102879631892250E-014
           1          19   7.1350343040732336E-014
           1          20   1.1409347142594143E-014
           1          21   8.9361857216206498E-015
           1          22  -1.2478091394032973E-014
           1          23   2.4733218312431561E-014
           1          24  -4.7270130786245388E-014
           1          25  -1.0880657301485107E-013
           1          26  -2.1663347411583385E-003
           1          27   2.0790148879420525E-013
           1          28  -2.1663347411530949E-003
           1          29   6.2435294922733490E-014
           1          30   1.8582904432609182E-013
           1          31  -2.1663347411438197E-003
           1          32   1.1242601952641817E-003
           1          33   2.2087809410438386E-013
           1          34   1.1242601952626918E-003
           1          35   6.2240899787750471E-014
           1          36   1.9780487640124748E-013
           1          37   1.1242601952642557E-003
           2           1  0.60549385860332072     
           2           2   1.0207661966291819     
           2           3 -0.35992793654294092     
           2           4 -0.33053248562538307     
           2           5   7.7082905368100446E-002
           2           6   4.6205637896988103E-002
           2           7  -1.3221799748587876E-013
           2           8   7.4072398843667620E-014
           2           9   3.1048770657109846E-013
           2          10  -1.2853135903801052E-013
           2          11   9.2589736907934407E-014
           2          12   3.3470734346870243E-013
           2          13   3.7366564325059652E-003
           2          14   5.4410014516846521E-014
           2          15  -7.1154491286042464E-014
           2          16  -2.0575049053478555E-013
           2          17  -4.3425256805181005E-014
           2          18   6.1385796809206351E-014
           2          19   1.1389035487617340E-013
           2          20   1.7717149557307622E-014
           2          21   1.8650715961685223E-014
           2          22  -1.9997601609683715E-014
           2          23   4.2747337677233238E-014
           2          24  -8.4037665690152203E-014
           2          25  -1.7641477985642961E-013
           2          26  -5.6676121711222230E-003
           2          27   3.7007003788029303E-013
           2          28  -5.6676121711153743E-003
           2          29   1.1233824201591235E-013
           2          30   3.3087656611506527E-013
           2          31  -5.6676121710963097E-003
           2          32   3.0724751537044791E-003
           2          33   4.0082550325208350E-013
           2          34   3.0724751537048456E-003
           2          35   1.1279867036551612E-013
           2          36   3.5828124496266695E-013
           2          37   3.0724751537101456E-003
           3           1 -0.13482483018335575     
           3           2 -0.35992793654294092     
           3           3  0.76786439120299554     
           3           4  0.70192474585228659     
           3           5 -0.18892200976106116     
           3           6 -0.11560325015378375     
           3           7   9.6145191568893580E-014
           3           8  -2.9426389909295392E-014
           3           9  -7.1730762510493919E-014
           3          10   1.0473382925539229E-013
           3          11  -4.4937641785947381E-014
           3          12  -7.5484824399613168E-014
           3          13  -9.1156280504074948E-003
           3          14   5.8602504467718207E-015
           3          15   3.7388603491333847E-014
           3          16   4.9120998654120200E-014
           3          17   1.7409454088899309E-014
           3          18  -2.5433606573012500E-014
           3          19  -1.3998515860957749E-014
           3          20   2.4606300777603528E-015
           3          21  -2.3598024388319732E-014
           3          22   1.7377565318369690E-015
           3          23  -1.9213319498450005E-014
           3          24   5.0424398392480519E-014
           3          25   2.7444439032872389E-014
           3          26   1.1372834204403054E-002
           3          27  -2.2440999555357589E-013
           3          28   1.1372834204410286E-002
           3          29  -7.3423528221529283E-014
           3          30  -2.0110048959969711E-013
           3          31   1.1372834204387262E-002
           3          32  -7.6680883184692197E-003
           3          33  -2.7870432285941943E-013
           3          34  -7.6680883184830585E-003
           3          35  -7.7486454099427146E-014
           3          36  -2.4622133297044520E-013
           3          37  -7.6680883184976857E-003
           4           1 -0.12464574430884608     
           4           2 -0.33053248562538307     
           4           3  0.70192474585228659     
           4           4  0.66612136438149794     
           4           5 -0.30260401478439108     
           4           6 -0.19366408234391219     
           4           7   1.2041249841153362E-013
           4           8  -3.0221917564422334E-014
           4           9   1.1678393792977880E-013
           4          10   1.4159185504180999E-013
           4          11  -4.5461648731003041E-014
           4          12   1.8714429491669138E-013
           4          13  -1.4590170284597102E-002
           4          14   4.0308156629577404E-015
           4          15   3.3657057516940739E-014
           4          16   3.8468615932901147E-014
           4          17   2.6895061425973536E-014
           4          18  -2.0826842555846154E-014
           4          19  -2.1595434277294447E-015
           4          20   1.3605825335606094E-014
           4          21  -2.0674332792550011E-014
           4          22  -5.0574849848433671E-015
           4          23  -1.2130458095872669E-014
           4          24   4.5312875926049564E-014
           4          25   2.1852568009610334E-014
           4          26   7.8781265988584863E-003
           4          27  -2.0075581080671393E-013
           4          28   7.8781265988652170E-003
           4          29  -6.4414913198328889E-014
           4          30  -1.8003421691663167E-013
           4          31   7.8781265988459998E-003
           4          32  -1.3184339369276868E-002
           4          33  -2.5413553111452500E-013
           4          34  -1.3184339369288140E-002
           4          35  -6.8759577505685660E-014
           4          36  -2.2535724104941101E-013
           4          37  -1.3184339369300729E-002
           5           1   2.8184466371012070E-002
           5           2   7.7082905368100446E-002
           5           3 -0.18892200976106116     
           5           4 -0.30260401478439108     
           5           5  0.73646010024783837     
           5           6  0.49578659086723964     
           5           7  -2.2462704939272979E-013
           5           8   3.0061150650032741E-014
           5           9  -5.2573965651492049E-013
           5          10  -3.0984547476203931E-013
           5          11   4.1885602383865007E-014
           5          12  -7.4396025396313171E-013
           5          13   3.5477545523918547E-002
           5          14   4.3251002231281340E-015
           5          15  -5.2133155353853389E-015
           5          16   2.5772846607325387E-014
           5          17  -6.3725200045103788E-014
           5          18  -7.3156818869274028E-015
           5          19  -2.7741784013569298E-014
           5          20  -6.1124771076341353E-014
           5          21   8.2253189629148761E-016
           5          22   3.2336309850822332E-014
           5          23  -2.4997097847261186E-014
           5          24  -6.8521722951582927E-015
           5          25   1.5686162433183018E-014
           5          26   1.0578973469667421E-002
           5          27   2.5877227703857072E-014
           5          28   1.0578973469664771E-002
           5          29   1.9274779832517713E-015
           5          30   2.3901863932750696E-014
           5          31   1.0578973469660548E-002
           5          32   3.4682531604866493E-002
           5          33   5.9012917280309610E-014
           5          34   3.4682531604862718E-002
           5          35   6.3084464782082319E-015
           5          36   5.6505728396937556E-014
           5          37   3.4682531604862198E-002
           6           1   1.6785379304534068E-002
           6           2   4.6205637896988103E-002
           6           3 -0.11560325015378375     
           6           4 -0.19366408234391219     
           6           5  0.49578659086723964     
           6           6  0.33395108116063943     
           6           7  -9.0093057371505954E-013
           6           8   4.9896748666614752E-013
           6           9   2.5409635943141551E-013
           6          10  -1.2598805752943444E-012
           6          11   6.9914355070814558E-013
           6          12   3.5178808877114584E-013
           6          13   2.3883323090055635E-002
           6          14   3.8553891926299951E-015
           6          15  -3.4561005987910389E-015
           6          16   1.7603458232452827E-014
           6          17  -9.1162813830816067E-014
           6          18   2.5455702718962538E-014
           6          19   2.0304606430776730E-014
           6          20  -3.6211105942855548E-014
           6          21  -3.1149303948250262E-015
           6          22   1.7731174785367521E-014
           6          23  -1.9890383506552312E-014
           6          24  -2.1274131641431967E-015
           6          25   1.3258066685100478E-014
           6          26   7.3485553215343943E-003
           6          27   1.3849676882866431E-014
           6          28   7.3485553215327142E-003
           6          29   1.0440706188999251E-016
           6          30   1.2893893450329195E-014
           6          31   7.3485553215294798E-003
           6          32   2.3368132940323375E-002
           6          33   3.5418186797143289E-014
           6          34   2.3368132940320606E-002
           6          35   3.0067175035420546E-015
           6          36   3.4249616703836308E-014
           6          37   2.3368132940320016E-002
           7           1  -7.7871063596816509E-014
           7           2  -1.3221799748587876E-013
           7           3   9.6145191568893580E-014
           7           4   1.2041249841153362E-013
           7           5  -2.2462704939272979E-013
           7           6  -9.0093057371505954E-013
           7           7  0.43505552227979444     
           7           8   6.0507154842071465E-015
           7           9  -8.2711615334572963E-015
           7          10  0.60978747192538196     
           7          11  -2.9337643425719711E-014
           7          12  -5.7315263646272839E-015
           7          13   3.1319999765727094E-013
           7          14  -4.9038163752625154E-004
           7          15  -2.4255533833620537E-014
           7          16  -8.7186564933817649E-014
           7          17   2.7997805119587642E-002
           7          18  -3.4544415938864211E-014
           7          19   1.3722096375845538E-013
           7          20  -2.9895052541912587E-003
           7          21   6.7951503798791229E-014
           7          22   2.4224329139843692E-014
           7          23   1.5313399784397555E-003
           7          24  -9.8502748926282388E-014
           7          25  -1.7982143551975478E-014
           7          26   2.9286374747325067E-013
           7          27  -1.1032408183664754E-013
           7          28   9.3195357806148741E-014
           7          29   2.8606394163226621E-014
           7          30  -5.9771675306963791E-014
           7          31   2.3641148692479146E-013
           7          32   2.6237397372004907E-013
           7          33  -1.4872423334552157E-013
           7          34   2.3441781320955166E-013
           7          35  -1.2833069782697191E-013
           7          36   1.8814923905168614E-014
           7          37   2.6317025516944749E-013
           8           1   4.6698111699546123E-014
           8           2   7.4072398843667620E-014
           8           3  -2.9426389909295392E-014
           8           4  -3.0221917564422334E-014
           8           5   3.0061150650032741E-014
           8           6   4.9896748666614752E-013
           8           7   6.0507154842071465E-015
           8           8  0.43505552227966598     
           8           9  -8.7402307613615499E-014
           8          10   8.0879747343942755E-014
           8          11  0.60978747192537530     
           8          12  -1.1289580381657073E-013
           8          13  -1.8921628995654734E-013
           8          14  -1.1577165007908804E-014
           8          15  -4.9038163752560915E-004
           8          16   5.7883385584656313E-014
           8          17  -3.7173823047576296E-014
           8          18   2.7997805119556719E-002
           8          19  -1.0919954177013278E-013
           8          20  -2.3072472751795322E-014
           8          21  -2.9895052542018730E-003
           8          22  -4.9103516391772176E-016
           8          23   2.0782935919103001E-014
           8          24   1.5313399784788434E-003
           8          25  -2.7927611395347590E-014
           8          26  -1.3487350233038383E-013
           8          27   8.2092544866538754E-014
           8          28  -7.1022876967610295E-015
           8          29  -3.5726726097892243E-015
           8          30   5.1508954616710401E-014
           8          31  -1.3539548132169393E-013
           8          32  -1.3434759875394793E-013
           8          33   1.4623613312292424E-013
           8          34  -7.7536943854120987E-014
           8          35   9.7839452736869204E-014
           8          36   6.0028102632932191E-015
           8          37  -1.3388484578866397E-013
           9           1   1.9759498515535531E-013
           9           2   3.1048770657109846E-013
           9           3  -7.1730762510493919E-014
           9           4   1.1678393792977880E-013
           9           5  -5.2573965651492049E-013
           9           6   2.5409635943141551E-013
           9           7  -8.2711615334572963E-015
           9           8  -8.7402307613615499E-014
           9           9  0.43505552227976080     
           9          10   7.0402017549042941E-014
           9          11   4.2452152904104341E-014
           9          12  0.60978747192551863     
           9          13  -2.9639889732970276E-013
           9          14   3.8171600754387272E-014
           9          15   1.2369350877762474E-014
           9          16  -4.9038163736833521E-004
           9          17  -8.2285740721222361E-014
           9          18   1.4276210422159440E-013
           9          19   2.7997805119289634E-002
           9          20  -2.0541576252475289E-013
           9          21  -2.4407234046341249E-014
           9          22  -2.9895052540737273E-003
           9          23   7.4165554340282693E-014
           9          24  -3.6539239516019969E-014
           9          25   1.5313399781511682E-003
           9          26   1.6666416716911093E-013
           9          27   2.9992731711907775E-013
           9          28   1.9718379812965979E-013
           9          29   8.8005957389368652E-014
           9          30   2.0063165644829403E-013
           9          31  -3.7755468346517947E-014
           9          32   2.8516627222280893E-014
           9          33   5.9051346082986323E-013
           9          34   6.7371141533467652E-014
           9          35   2.9818914840303188E-013
           9          36   1.5011582138991066E-013
           9          37   6.3647041985393301E-014
          10           1  -7.6694155267738308E-014
          10           2  -1.2853135903801052E-013
          10           3   1.0473382925539229E-013
          10           4   1.4159185504180999E-013
          10           5  -3.0984547476203931E-013
          10           6  -1.2598805752943444E-012
          10           7  0.60978747192538196     
          10           8   8.0879747343942755E-014
          10           9   7.0402017549042941E-014
          10          10  0.85469725557927601     
          10          11   6.0354499176185186E-014
          10          12   1.0691447727140273E-013
          10          13   4.3923316451147944E-013
          10          14  -6.8733429116984708E-004
          10          15  -3.4078913736107617E-014
          10          16  -1.2229583665201927E-013
          10          17   3.9242602217449365E-002
          10          18  -4.3759267043253080E-014
          10          19   1.9761275948937398E-013
          10          20  -4.1901843739572536E-003
          10          21   9.4745446297534263E-014
          10          22   3.3390174306036301E-014
          10          23   2.1463741667217995E-003
          10          24  -1.3780976685327792E-013
          10          25  -2.4915670655128774E-014
          10          26   4.0999026109090207E-013
          10          27  -1.5463369423264750E-013
          10          28   1.3012878182607793E-013
          10          29   4.0095620022236835E-014
          10          30  -8.3777856965495550E-014
          10          31   3.3086500119300409E-013
          10          32   3.6793907918289970E-013
          10          33  -2.0845655181392835E-013
          10          34   3.2875484784330604E-013
          10          35  -1.7987233415352638E-013
          10          36   2.6371587322901680E-014
          10          37   3.6905517326681295E-013
          11           1   5.7846812542565676E-014
          11           2   9.2589736907934407E-014
          11           3  -4.4937641785947381E-014
          11           4  -4.5461648731003041E-014
          11           5   4.1885602383865007E-014
          11           6   6.9914355070814558E-013
          11           7  -2.9337643425719711E-014
          11           8  0.60978747192537530     
          11           9   4.2452152904104341E-014
          11          10   6.0354499176185186E-014
          11          11  0.85469725557950949     
          11          12   7.2997163869103828E-014
          11          13  -2.6522366624828160E-013
          11          14  -1.6184319509560068E-014
          11          15  -6.8733429116914213E-004
          11          16   8.0945246707688212E-014
          11          17  -5.4537103999497241E-014
          11          18   3.9242602217417183E-002
          11          19  -1.4244161405940723E-013
          11          20  -3.2079211249175592E-014
          11          21  -4.1901843739733215E-003
          11          22  -1.8217849104259566E-015
          11          23   2.8996905787961804E-014
          11          24   2.1463741667771962E-003
          11          25  -3.8563553392267231E-014
          11          26  -1.8911832492948194E-013
          11          27   1.1506348641120876E-013
          11          28  -1.0030182009501619E-014
          11          29  -5.0075703010795129E-015
          11          30   7.2196567855741332E-014
          11          31  -1.8984994709638430E-013
          11          32  -1.8832431182646472E-013
          11          33   2.0496915285119249E-013
          11          34  -1.0869671533881384E-013
          11          35   1.3713484777452657E-013
          11          36   8.4137274553702542E-015
          11          37  -1.8767570325102737E-013
          12           1   2.1607127374979525E-013
          12           2   3.3470734346870243E-013
          12           3  -7.5484824399613168E-014
          12           4   1.8714429491669138E-013
          12           5  -7.4396025396313171E-013
          12           6   3.5178808877114584E-013
          12           7  -5.7315263646272839E-015
          12           8  -1.1289580381657073E-013
          12           9  0.60978747192551863     
          12          10   1.0691447727140273E-013
          12          11   7.2997163869103828E-014
          12          12  0.85469725557972520     
          12          13  -4.1578460851633862E-013
          12          14   5.3495917548204708E-014
          12          15   1.7326431630583467E-014
          12          16  -6.8733429094871385E-004
          12          17  -1.1495318585907940E-013
          12          18   2.0071791451137269E-013
          12          19   3.9242602217043503E-002
          12          20  -2.8795759179911562E-013
          12          21  -3.4275967480955664E-014
          12          22  -4.1901843737937802E-003
          12          23   1.0397352466842672E-013
          12          24  -5.1180685124024382E-014
          12          25   2.1463741663179533E-003
          12          26   2.3396722901129240E-013
          12          27   4.2038753858920177E-013
          12          28   2.7674450054423674E-013
          12          29   1.2335191032698287E-013
          12          30   2.8121162646622832E-013
          12          31  -5.2553746618236067E-014
          12          32   3.9674247909432143E-014
          12          33   8.2768219690735003E-013
          12          34   9.4133954934925576E-014
          12          35   4.1795126841202293E-013
          12          36   2.1040704543287520E-013
          12          37   8.8914138898498658E-014
          13           1   1.3707721192322752E-003
          13           2   3.7366564325059652E-003
          13           3  -9.1156280504074948E-003
          13           4  -1.4590170284597102E-002
          13           5   3.5477545523918547E-002
          13           6   2.3883323090055635E-002
          13           7   3.1319999765727094E-013
          13           8  -1.8921628995654734E-013
          13           9  -2.9639889732970276E-013
          13          10   4.3923316451147944E-013
          13          11  -2.6522366624828160E-013
          13          12  -4.1578460851633862E-013
          13          13   1.7090630075577633E-003
          13          14  -1.5591987534649636E-016
          13          15  -3.8004857035857849E-017
          13          16   1.5424672892453791E-015
          13          17   1.7781780750562354E-014
          13          18  -1.2621044599212886E-014
          13          19  -1.8779397777598241E-014
          13          20  -5.1706298529440386E-015
          13          21   1.3507749363790105E-015
          13          22   3.4194337814958906E-015
          13          23  -6.2583776759480524E-017
          13          24  -1.0031997798554224E-015
          13          25  -2.0251958374743104E-016
          13          26   5.0933210688413038E-004
          13          27   1.2561181630908345E-015
          13          28   5.0933210688400288E-004
          13          29   9.5831292796247947E-017
          13          30   1.1599498681383702E-015
          13          31   5.0933210688379991E-004
          13          32   1.6707394768871934E-003
          13          33   2.8534068890581168E-015
          13          34   1.6707394768870124E-003
          13          35   3.0690829691786680E-016
          13          36   2.7314578616143983E-015
          13          37   1.6707394768869872E-003
          14           1   3.5376391407798650E-014
          14           2   5.4410014516846521E-014
          14           3   5.8602504467718207E-015
          14           4   4.0308156629577404E-015
          14           5   4.3251002231281340E-015
          14           6   3.8553891926299951E-015
          14           7  -4.9038163752625154E-004
          14           8  -1.1577165007908804E-014
          14           9   3.8171600754387272E-014
          14          10  -6.8733429116984708E-004
          14          11  -1.6184319509560068E-014
          14          12   5.3495917548204708E-014
          14          13  -1.5591987534649636E-016
          14          14   5.5274358815373749E-007
          14          15   4.0381792834511832E-017
          14          16   5.5258258957092698E-017
          14          17  -3.1558292721084464E-005
          14          18  -7.0567585385182963E-016
          14          19   2.3012529924184222E-015
          14          20   3.3696813554111425E-006
          14          21   2.9144815527915147E-018
          14          22  -2.8954010768942143E-016
          14          23  -1.7260808512607940E-006
          14          24   7.0303443454480711E-017
          14          25   1.5459563603309225E-016
          14          26  -1.4195863910597855E-016
          14          27   1.2435414736272672E-016
          14          28   8.3101818462331741E-017
          14          29  -3.2244228648360860E-017
          14          30   6.7372659744683023E-017
          14          31  -7.8327340414179825E-017
          14          32  -9.0426634297970345E-017
          14          33   1.6763761746563528E-016
          14          34  -5.8915205996809365E-017
          14          35   1.4465037079186822E-016
          14          36  -2.1207689305442073E-017
          14          37  -9.1324019959398773E-017
          15           1  -4.0689959774897805E-014
          15           2  -7.1154491286042464E-014
          15           3   3.7388603491333847E-014
          15           4   3.3657057516940739E-014
          15           5  -5.2133155353853389E-015
          15           6  -3.4561005987910389E-015
          15           7  -2.4255533833620537E-014
          15           8  -4.9038163752560915E-004
          15           9   1.2369350877762474E-014
          15          10  -3.4078913736107617E-014
          15          11  -6.8733429116914213E-004
          15          12   1.7326431630583467E-014
          15          13  -3.8004857035857849E-017
          15          14   4.0381792834511832E-017
          15          15   5.5274358815245381E-007
          15          16  -7.9075051958659992E-017
          15          17  -1.5186025959680852E-015
          15          18  -3.1558292721017617E-005
          15          19   9.1274661033523661E-016
          15          20   1.9263122701337225E-016
          15          21   3.3696813554196912E-006
          15          22  -8.3762558758411315E-017
          15          23  -1.0877822101748830E-016
          15          24  -1.7260808513031022E-006
          15          25   7.4670427693173384E-017
          15          26   7.9024611753292970E-016
          15          27  -9.2532353393715451E-017
          15          28   6.4622606159335592E-016
          15          29   4.0269692682474715E-018
          15          30  -5.8059246451564587E-017
          15          31   7.9083447154089271E-016
          15          32  -3.2413048558542397E-017
          15          33  -1.6483304474942995E-016
          15          34  -9.6448346768001985E-017
          15          35  -1.1028161796970341E-016
          15          36  -6.7661540691317657E-018
          15          37  -3.2934728396873564E-017
          16           1  -1.2481513070887351E-013
          16           2  -2.0575049053478555E-013
          16           3   4.9120998654120200E-014
          16           4   3.8468615932901147E-014
          16           5   2.5772846607325387E-014
          16           6   1.7603458232452827E-014
          16           7  -8.7186564933817649E-014
          16           8   5.7883385584656313E-014
          16           9  -4.9038163736833521E-004
          16          10  -1.2229583665201927E-013
          16          11   8.0945246707688212E-014
          16          12  -6.8733429094871385E-004
          16          13   1.5424672892453791E-015
          16          14   5.5258258957092698E-017
          16          15  -7.9075051958659992E-017
          16          16   5.5274358779778396E-007
          16          17  -5.5186932430054590E-015
          16          18   3.5577975705495773E-015
          16          19  -3.1558292710588385E-005
          16          20   8.3070797538051792E-016
          16          21  -3.6955941609588260E-016
          16          22   3.3696813541937986E-006
          16          23  -3.9051564648652020E-016
          16          24   2.4458052529143295E-016
          16          25  -1.7260808503797957E-006
          16          26   1.2849795455524370E-015
          16          27  -3.3806925620091000E-016
          16          28   1.2505785824182375E-015
          16          29  -9.9197875600247421E-017
          16          30  -2.2614587075311554E-016
          16          31   1.5153952954121481E-015
          16          32   1.2434907221866983E-015
          16          33  -6.6560918497313153E-016
          16          34   1.1996951521048089E-015
          16          35  -3.3610978789264062E-016
          16          36  -1.6920615087994576E-016
          16          37   1.2038926509838987E-015
          17           1  -2.6014064832688245E-014
          17           2  -4.3425256805181005E-014
          17           3   1.7409454088899309E-014
          17           4   2.6895061425973536E-014
          17           5  -6.3725200045103788E-014
          17           6  -9.1162813830816067E-014
          17           7   2.7997805119587642E-002
          17           8  -3.7173823047576296E-014
          17           9  -8.2285740721222361E-014
          17          10   3.9242602217449365E-002
          17          11  -5.4537103999497241E-014
          17          12  -1.1495318585907940E-013
          17          13   1.7781780750562354E-014
          17          14  -3.1558292721084464E-005
          17          15  -1.5186025959680852E-015
          17          16  -5.5186932430054590E-015
          17          17   1.8017863269990445E-003
          17          18  -4.6404666134004394E-015
          17          19   3.5696272326910681E-015
          17          20  -1.9238828431463338E-004
          17          21   4.6311153696625831E-015
          17          22   2.1207197781712874E-015
          17          23   9.8548704918771906E-005
          17          24  -6.4713384932863064E-015
          17          25  -1.4449975504352186E-015
          17          26   1.8115728253683933E-014
          17          27  -7.0998626953694501E-015
          17          28   5.2661494788009558E-015
          17          29   1.8409497773735043E-015
          17          30  -3.8465713729381135E-015
          17          31   1.4482768471556492E-014
          17          32   1.4561440806206965E-014
          17          33  -9.5710857912565598E-015
          17          34   1.2762331250611134E-014
          17          35  -8.2586577536768566E-015
          17          36   1.2108289408125169E-015
          17          37   1.4612678357544050E-014
          18           1   3.6102879631892250E-014
          18           2   6.1385796809206351E-014
          18           3  -2.5433606573012500E-014
          18           4  -2.0826842555846154E-014
          18           5  -7.3156818869274028E-015
          18           6   2.5455702718962538E-014
          18           7  -3.4544415938864211E-014
          18           8   2.7997805119556719E-002
          18           9   1.4276210422159440E-013
          18          10  -4.3759267043253080E-014
          18          11   3.9242602217417183E-002
          18          12   2.0071791451137269E-013
          18          13  -1.2621044599212886E-014
          18          14  -7.0567585385182963E-016
          18          15  -3.1558292721017617E-005
          18          16   3.5577975705495773E-015
          18          17  -4.6404666134004394E-015
          18          18   1.8017863269955967E-003
          18          19   2.5218000430921976E-015
          18          20  -1.2447759023619857E-015
          18          21  -1.9238828431516081E-004
          18          22  -1.0512492027073618E-015
          18          23   1.2145215795524405E-015
          18          24   9.8548704921207675E-005
          18          25  -1.2749590744057249E-015
          18          26  -9.3261007670212230E-015
          18          27   5.2830327113920047E-015
          18          28  -1.1034347383494026E-015
          18          29  -2.2991601301500969E-016
          18          30   3.3148310450782645E-015
          18          31  -9.3596922727648194E-015
          18          32  -9.1245405342883233E-015
          18          33   9.4109626395522912E-015
          18          34  -5.4685152454979164E-015
          18          35   6.2964102448134763E-015
          18          36   3.8630669621780704E-016
          18          37  -9.0947569247782071E-015
          19           1   7.1350343040732336E-014
          19           2   1.1389035487617340E-013
          19           3  -1.3998515860957749E-014
          19           4  -2.1595434277294447E-015
          19           5  -2.7741784013569298E-014
          19           6   2.0304606430776730E-014
          19           7   1.3722096375845538E-013
          19           8  -1.0919954177013278E-013
          19           9   2.7997805119289634E-002
          19          10   1.9761275948937398E-013
          19          11  -1.4244161405940723E-013
          19          12   3.9242602217043503E-002
          19          13  -1.8779397777598241E-014
          19          14   2.3012529924184222E-015
          19          15   9.1274661033523661E-016
          19          16  -3.1558292710588385E-005
          19          17   3.5696272326910681E-015
          19          18   2.5218000430921976E-015
          19          19   1.8017863269608279E-003
          19          20  -1.4166022955369766E-014
          19          21  -8.5900321686626649E-016
          19          22  -1.9238828430503683E-004
          19          23   5.2577740609645618E-015
          19          24  -2.7160094513057003E-015
          19          25   9.8548704899158689E-005
          19          26   1.0647985646425383E-014
          19          27   1.9301694129331895E-014
          19          28   1.2612069076562339E-014
          19          29   5.6635920008730361E-015
          19          30   1.2911554343433881E-014
          19          31  -2.5073501692309458E-015
          19          32   2.1111851482326183E-015
          19          33   3.8002231174114613E-014
          19          34   4.6116466746932803E-015
          19          35   1.9189824121414297E-014
          19          36   9.6606398336613559E-015
          19          37   4.3719922328710757E-015
          20           1   1.1409347142594143E-014
          20           2   1.7717149557307622E-014
          20           3   2.4606300777603528E-015
          20           4   1.3605825335606094E-014
          20           5  -6.1124771076341353E-014
          20           6  -3.6211105942855548E-014
          20           7  -2.9895052541912587E-003
          20           8  -2.3072472751795322E-014
          20           9  -2.0541576252475289E-013
          20          10  -4.1901843739572536E-003
          20          11  -3.2079211249175592E-014
          20          12  -2.8795759179911562E-013
          20          13  -5.1706298529440386E-015
          20          14   3.3696813554111425E-006
          20          15   1.9263122701337225E-016
          20          16   8.3070797538051792E-016
          20          17  -1.9238828431463338E-004
          20          18  -1.2447759023619857E-015
          20          19  -1.4166022955369766E-014
          20          20   2.0542531257455031E-005
          20          21  -3.0867405257397258E-016
          20          22   1.2454552227855716E-015
          20          23  -1.0522677398841808E-005
          20          24   5.9580318685677954E-016
          20          25  -5.9967137456949956E-016
          20          26  -3.1686034248302486E-015
          20          27   7.5809810607514876E-016
          20          28  -1.7965711338667853E-015
          20          29  -1.9656993323305232E-016
          20          30   4.1072275800842149E-016
          20          31  -2.7806890204718824E-015
          20          32  -4.7758349278660327E-015
          20          33   1.0219663813985774E-015
          20          34  -4.5837323251090801E-015
          20          35   8.8182956107677714E-016
          20          36  -1.2928809179156830E-016
          20          37  -4.7813056088683849E-015
          21           1   8.9361857216206498E-015
          21           2   1.8650715961685223E-014
          21           3  -2.3598024388319732E-014
          21           4  -2.0674332792550011E-014
          21           5   8.2253189629148761E-016
          21           6  -3.1149303948250262E-015
          21           7   6.7951503798791229E-014
          21           8  -2.9895052542018730E-003
          21           9  -2.4407234046341249E-014
          21          10   9.4745446297534263E-014
          21          11  -4.1901843739733215E-003
          21          12  -3.4275967480955664E-014
          21          13   1.3507749363790105E-015
          21          14   2.9144815527915147E-018
          21          15   3.3696813554196912E-006
          21          16  -3.6955941609588260E-016
          21          17   4.6311153696625831E-015
          21          18  -1.9238828431516081E-004
          21          19  -8.5900321686626649E-016
          21          20  -3.0867405257397258E-016
          21          21   2.0542531257606965E-005
          21          22   1.7521765898021756E-016
          21          23   9.6514533899293959E-017
          21          24  -1.0522677399150872E-005
          21          25   1.0388054416545919E-016
          21          26   4.7960715443495948E-016
          21          27  -5.6410343353283942E-016
          21          28  -3.9837990122831446E-016
          21          29   2.4549535226539735E-017
          21          30  -3.5394557288531578E-016
          21          31   4.8319392584604854E-016
          21          32   9.3162211743075197E-016
          21          33  -1.0048688994126362E-015
          21          34   5.4124481149362176E-016
          21          35  -6.7230793312635521E-016
          21          36  -4.1248382136222926E-017
          21          37   9.2844179177378474E-016
          22           1  -1.2478091394032973E-014
          22           2  -1.9997601609683715E-014
          22           3   1.7377565318369690E-015
          22           4  -5.0574849848433671E-015
          22           5   3.2336309850822332E-014
          22           6   1.7731174785367521E-014
          22           7   2.4224329139843692E-014
          22           8  -4.9103516391772176E-016
          22           9  -2.9895052540737273E-003
          22          10   3.3390174306036301E-014
          22          11  -1.8217849104259566E-015
          22          12  -4.1901843737937802E-003
          22          13   3.4194337814958906E-015
          22          14  -2.8954010768942143E-016
          22          15  -8.3762558758411315E-017
          22          16   3.3696813541937986E-006
          22          17   2.1207197781712874E-015
          22          18  -1.0512492027073618E-015
          22          19  -1.9238828430503683E-004
          22          20   1.2454552227855716E-015
          22          21   1.7521765898021756E-016
          22          22   2.0542531255841375E-005
          22          23  -4.2456721799798671E-016
          22          24   2.4723451774076286E-016
          22          25  -1.0522677396445886E-005
          22          26  -5.6167235090503377E-016
          22          27  -2.0609658942041581E-015
          22          28  -7.7139039144642955E-016
          22          29  -6.0473836604500290E-016
          22          30  -1.3786491973560323E-015
          22          31   8.4300727933705230E-016
          22          32   1.1710402132137414E-015
          22          33  -4.0577419755228065E-015
          22          34   9.0405004103640640E-016
          22          35  -2.0490203632261739E-015
          22          36  -1.0315286003178714E-015
          22          37   9.2963913814469067E-016
          23           1   2.4733218312431561E-014
          23           2   4.2747337677233238E-014
          23           3  -1.9213319498450005E-014
          23           4  -1.2130458095872669E-014
          23           5  -2.4997097847261186E-014
          23           6  -1.9890383506552312E-014
          23           7   1.5313399784397555E-003
          23           8   2.0782935919103001E-014
          23           9   7.4165554340282693E-014
          23          10   2.1463741667217995E-003
          23          11   2.8996905787961804E-014
          23          12   1.0397352466842672E-013
          23          13  -6.2583776759480524E-017
          23          14  -1.7260808512607940E-006
          23          15  -1.0877822101748830E-016
          23          16  -3.9051564648652020E-016
          23          17   9.8548704918771906E-005
          23          18   1.2145215795524405E-015
          23          19   5.2577740609645618E-015
          23          20  -1.0522677398841808E-005
          23          21   9.6514533899293959E-017
          23          22  -4.2456721799798671E-016
          23          23   5.3901215120395026E-006
          23          24  -2.7363907580838227E-016
          23          25   1.9786096724788333E-016
          23          26   1.7419723918747194E-016
          23          27  -3.8832679260904220E-016
          23          28  -5.2861017368839617E-016
          23          29   1.0069082728442108E-016
          23          30  -2.1038854072562524E-016
          23          31  -2.4507514950340991E-017
          23          32  -2.5952100940202839E-016
          23          33  -5.2349040395639695E-016
          23          34  -3.5792318429353012E-016
          23          35  -4.5170757515338201E-016
          23          36   6.6226180975601147E-017
          23          37  -2.5671831238906542E-016
          24           1  -4.7270130786245388E-014
          24           2  -8.4037665690152203E-014
          24           3   5.0424398392480519E-014
          24           4   4.5312875926049564E-014
          24           5  -6.8521722951582927E-015
          24           6  -2.1274131641431967E-015
          24           7  -9.8502748926282388E-014
          24           8   1.5313399784788434E-003
          24           9  -3.6539239516019969E-014
          24          10  -1.3780976685327792E-013
          24          11   2.1463741667771962E-003
          24          12  -5.1180685124024382E-014
          24          13  -1.0031997798554224E-015
          24          14   7.0303443454480711E-017
          24          15  -1.7260808513031022E-006
          24          16   2.4458052529143295E-016
          24          17  -6.4713384932863064E-015
          24          18   9.8548704921207675E-005
          24          19  -2.7160094513057003E-015
          24          20   5.9580318685677954E-016
          24          21  -1.0522677399150872E-005
          24          22   2.4723451774076286E-016
          24          23  -2.7363907580838227E-016
          24          24   5.3901215123162639E-006
          24          25  -2.2583168923340504E-016
          24          26   3.8785754102537088E-016
          24          27   2.8895534924283298E-016
          24          28   8.3759603102764582E-016
          24          29  -1.2575323279454389E-017
          24          30   1.8130487334884867E-016
          24          31   3.8602024519140079E-016
          24          32  -7.1897631106940871E-016
          24          33   5.1473256603194160E-016
          24          34  -5.1901003474355169E-016
          24          35   3.4438232970766537E-016
          24          36   2.1129102140239062E-017
          24          37  -7.1734742428695571E-016
          25           1  -1.0880657301485107E-013
          25           2  -1.7641477985642961E-013
          25           3   2.7444439032872389E-014
          25           4   2.1852568009610334E-014
          25           5   1.5686162433183018E-014
          25           6   1.3258066685100478E-014
          25           7  -1.7982143551975478E-014
          25           8  -2.7927611395347590E-014
          25           9   1.5313399781511682E-003
          25          10  -2.4915670655128774E-014
          25          11  -3.8563553392267231E-014
          25          12   2.1463741663179533E-003
          25          13  -2.0251958374743104E-016
          25          14   1.5459563603309225E-016
          25          15   7.4670427693173384E-017
          25          16  -1.7260808503797957E-006
          25          17  -1.4449975504352186E-015
          25          18  -1.2749590744057249E-015
          25          19   9.8548704899158689E-005
          25          20  -5.9967137456949956E-016
          25          21   1.0388054416545919E-016
          25          22  -1.0522677396445886E-005
          25          23   1.9786096724788333E-016
          25          24  -2.2583168923340504E-016
          25          25   5.3901215100083379E-006
          25          26   1.4910125288799123E-015
          25          27   1.0557059995993952E-015
          25          28   1.5984378404159277E-015
          25          29   3.0976987768491721E-016
          25          30   7.0619774043624415E-016
          25          31   7.7148145669714766E-016
          25          32   9.7674188727936529E-016
          25          33   2.0785320941395088E-015
          25          34   1.1135047666228722E-015
          25          35   1.0495876866621711E-015
          25          36   5.2838860010713830E-016
          25          37   1.1003965486777393E-015
          26           1  -2.1663347411583385E-003
          26           2  -5.6676121711222230E-003
          26           3   1.1372834204403054E-002
          26           4   7.8781265988584863E-003
          26           5   1.0578973469667421E-002
          26           6   7.3485553215343943E-003
          26           7   2.9286374747325067E-013
          26           8  -1.3487350233038383E-013
          26           9   1.6666416716911093E-013
          26          10   4.0999026109090207E-013
          26          11  -1.8911832492948194E-013
          26          12   2.3396722901129240E-013
          26          13   5.0933210688413038E-004
          26          14  -1.4195863910597855E-016
          26          15   7.9024611753292970E-016
          26          16   1.2849795455524370E-015
          26          17   1.8115728253683933E-014
          26          18  -9.3261007670212230E-015
          26          19   1.0647985646425383E-014
          26          20  -3.1686034248302486E-015
          26          21   4.7960715443495948E-016
          26          22  -5.6167235090503377E-016
          26          23   1.7419723918747194E-016
          26          24   3.8785754102537088E-016
          26          25   1.4910125288799123E-015
          26          26   4.2780940990997318E-004
          26          27  -3.9279613835625934E-015
          26          28   4.2780940991006203E-004
          26          29  -1.4107600401217493E-015
          26          30  -3.5060498298262552E-015
          26          31   4.2780940990952827E-004
          26          32   5.2226203548729247E-004
          26          33  -4.3494328551051856E-015
          26          34   5.2226203548694943E-004
          26          35  -1.4051932711180238E-015
          26          36  -3.7583372032394770E-015
          26          37   5.2226203548665301E-004
          27           1   2.0790148879420525E-013
          27           2   3.7007003788029303E-013
          27           3  -2.2440999555357589E-013
          27           4  -2.0075581080671393E-013
          27           5   2.5877227703857072E-014
          27           6   1.3849676882866431E-014
          27           7  -1.1032408183664754E-013
          27           8   8.2092544866538754E-014
          27           9   2.9992731711907775E-013
          27          10  -1.5463369423264750E-013
          27          11   1.1506348641120876E-013
          27          12   4.2038753858920177E-013
          27          13   1.2561181630908345E-015
          27          14   1.2435414736272672E-016
          27          15  -9.2532353393715451E-017
          27          16  -3.3806925620091000E-016
          27          17  -7.0998626953694501E-015
          27          18   5.2830327113920047E-015
          27          19   1.9301694129331895E-014
          27          20   7.5809810607514876E-016
          27          21  -5.6410343353283942E-016
          27          22  -2.0609658942041581E-015
          27          23  -3.8832679260904220E-016
          27          24   2.8895534924283298E-016
          27          25   1.0557059995993952E-015
          27          26  -3.9279613835625934E-015
          27          27   4.0097143653855687E-025
          27          28  -3.9279613834629524E-015
          27          29   1.0055437269462932E-025
          27          30   2.9359519466736703E-025
          27          31  -3.9279613836787035E-015
          27          32   8.5391456981406910E-016
          27          33   6.3869744811883380E-025
          27          34   8.5391456986117751E-016
          27          35   3.0097312158995267E-025
          27          36   2.4712444197839858E-025
          27          37   8.5391456984661336E-016
          28           1  -2.1663347411530949E-003
          28           2  -5.6676121711153743E-003
          28           3   1.1372834204410286E-002
          28           4   7.8781265988652170E-003
          28           5   1.0578973469664771E-002
          28           6   7.3485553215327142E-003
          28           7   9.3195357806148741E-014
          28           8  -7.1022876967610295E-015
          28           9   1.9718379812965979E-013
          28          10   1.3012878182607793E-013
          28          11  -1.0030182009501619E-014
          28          12   2.7674450054423674E-013
          28          13   5.0933210688400288E-004
          28          14   8.3101818462331741E-017
          28          15   6.4622606159335592E-016
          28          16   1.2505785824182375E-015
          28          17   5.2661494788009558E-015
          28          18  -1.1034347383494026E-015
          28          19   1.2612069076562339E-014
          28          20  -1.7965711338667853E-015
          28          21  -3.9837990122831446E-016
          28          22  -7.7139039144642955E-016
          28          23  -5.2861017368839617E-016
          28          24   8.3759603102764582E-016
          28          25   1.5984378404159277E-015
          28          26   4.2780940991006203E-004
          28          27  -3.9279613834629524E-015
          28          28   4.2780940991015088E-004
          28          29  -1.4107600401272956E-015
          28          30  -3.5060498297727835E-015
          28          31   4.2780940990961712E-004
          28          32   5.2226203548717918E-004
          28          33  -4.3494328549509278E-015
          28          34   5.2226203548683603E-004
          28          35  -1.4051932710129578E-015
          28          36  -3.7583372032356755E-015
          28          37   5.2226203548653960E-004
          29           1   6.2435294922733490E-014
          29           2   1.1233824201591235E-013
          29           3  -7.3423528221529283E-014
          29           4  -6.4414913198328889E-014
          29           5   1.9274779832517713E-015
          29           6   1.0440706188999251E-016
          29           7   2.8606394163226621E-014
          29           8  -3.5726726097892243E-015
          29           9   8.8005957389368652E-014
          29          10   4.0095620022236835E-014
          29          11  -5.0075703010795129E-015
          29          12   1.2335191032698287E-013
          29          13   9.5831292796247947E-017
          29          14  -3.2244228648360860E-017
          29          15   4.0269692682474715E-018
          29          16  -9.9197875600247421E-017
          29          17   1.8409497773735043E-015
          29          18  -2.2991601301500969E-016
          29          19   5.6635920008730361E-015
          29          20  -1.9656993323305232E-016
          29          21   2.4549535226539735E-017
          29          22  -6.0473836604500290E-016
          29          23   1.0069082728442108E-016
          29          24  -1.2575323279454389E-017
          29          25   3.0976987768491721E-016
          29          26  -1.4107600401217493E-015
          29          27   1.0055437269462932E-025
          29          28  -1.4107600401272956E-015
          29          29   3.6151672177723888E-026
          29          30   7.5264072838785424E-026
          29          31  -1.4107600401635889E-015
          29          32  -3.1673064510876374E-017
          29          33   1.6010613077492232E-025
          29          34  -3.1673064504967270E-017
          29          35   6.3670717511040728E-026
          29          36   7.7709867762696415E-026
          29          37  -3.1673064499769398E-017
          30           1   1.8582904432609182E-013
          30           2   3.3087656611506527E-013
          30           3  -2.0110048959969711E-013
          30           4  -1.8003421691663167E-013
          30           5   2.3901863932750696E-014
          30           6   1.2893893450329195E-014
          30           7  -5.9771675306963791E-014
          30           8   5.1508954616710401E-014
          30           9   2.0063165644829403E-013
          30          10  -8.3777856965495550E-014
          30          11   7.2196567855741332E-014
          30          12   2.8121162646622832E-013
          30          13   1.1599498681383702E-015
          30          14   6.7372659744683023E-017
          30          15  -5.8059246451564587E-017
          30          16  -2.2614587075311554E-016
          30          17  -3.8465713729381135E-015
          30          18   3.3148310450782645E-015
          30          19   1.2911554343433881E-014
          30          20   4.1072275800842149E-016
          30          21  -3.5394557288531578E-016
          30          22  -1.3786491973560323E-015
          30          23  -2.1038854072562524E-016
          30          24   1.8130487334884867E-016
          30          25   7.0619774043624415E-016
          30          26  -3.5060498298262552E-015
          30          27   2.9359519466736703E-025
          30          28  -3.5060498297727835E-015
          30          29   7.5264072838785424E-026
          30          30   2.3008404193467546E-025
          30          31  -3.5060498299029727E-015
          30          32   7.9906468381480567E-016
          30          33   4.5732978155584382E-025
          30          34   7.9906468384527108E-016
          30          35   2.1232527055639298E-025
          30          36   1.9965159214294876E-025
          30          37   7.9906468383351834E-016
          31           1  -2.1663347411438197E-003
          31           2  -5.6676121710963097E-003
          31           3   1.1372834204387262E-002
          31           4   7.8781265988459998E-003
          31           5   1.0578973469660548E-002
          31           6   7.3485553215294798E-003
          31           7   2.3641148692479146E-013
          31           8  -1.3539548132169393E-013
          31           9  -3.7755468346517947E-014
          31          10   3.3086500119300409E-013
          31          11  -1.8984994709638430E-013
          31          12  -5.2553746618236067E-014
          31          13   5.0933210688379991E-004
          31          14  -7.8327340414179825E-017
          31          15   7.9083447154089271E-016
          31          16   1.5153952954121481E-015
          31          17   1.4482768471556492E-014
          31          18  -9.3596922727648194E-015
          31          19  -2.5073501692309458E-015
          31          20  -2.7806890204718824E-015
          31          21   4.8319392584604854E-016
          31          22   8.4300727933705230E-016
          31          23  -2.4507514950340991E-017
          31          24   3.8602024519140079E-016
          31          25   7.7148145669714766E-016
          31          26   4.2780940990952827E-004
          31          27  -3.9279613836787035E-015
          31          28   4.2780940990961712E-004
          31          29  -1.4107600401635889E-015
          31          30  -3.5060498299029727E-015
          31          31   4.2780940990908332E-004
          31          32   5.2226203548693924E-004
          31          33  -4.3494328553518584E-015
          31          34   5.2226203548659620E-004
          31          35  -1.4051932712379522E-015
          31          36  -3.7583372033021551E-015
          31          37   5.2226203548629978E-004
          32           1   1.1242601952641817E-003
          32           2   3.0724751537044791E-003
          32           3  -7.6680883184692197E-003
          32           4  -1.3184339369276868E-002
          32           5   3.4682531604866493E-002
          32           6   2.3368132940323375E-002
          32           7   2.6237397372004907E-013
          32           8  -1.3434759875394793E-013
          32           9   2.8516627222280893E-014
          32          10   3.6793907918289970E-013
          32          11  -1.8832431182646472E-013
          32          12   3.9674247909432143E-014
          32          13   1.6707394768871934E-003
          32          14  -9.0426634297970345E-017
          32          15  -3.2413048558542397E-017
          32          16   1.2434907221866983E-015
          32          17   1.4561440806206965E-014
          32          18  -9.1245405342883233E-015
          32          19   2.1111851482326183E-015
          32          20  -4.7758349278660327E-015
          32          21   9.3162211743075197E-016
          32          22   1.1710402132137414E-015
          32          23  -2.5952100940202839E-016
          32          24  -7.1897631106940871E-016
          32          25   9.7674188727936529E-016
          32          26   5.2226203548729247E-004
          32          27   8.5391456981406910E-016
          32          28   5.2226203548717918E-004
          32          29  -3.1673064510876374E-017
          32          30   7.9906468381480567E-016
          32          31   5.2226203548693924E-004
          32          32   1.6354240195631613E-003
          32          33   2.3363192676300565E-015
          32          34   1.6354240195629588E-003
          32          35   1.6958349229338466E-016
          32          36   2.2718880929085521E-015
          32          37   1.6354240195629085E-003
          33           1   2.2087809410438386E-013
          33           2   4.0082550325208350E-013
          33           3  -2.7870432285941943E-013
          33           4  -2.5413553111452500E-013
          33           5   5.9012917280309610E-014
          33           6   3.5418186797143289E-014
          33           7  -1.4872423334552157E-013
          33           8   1.4623613312292424E-013
          33           9   5.9051346082986323E-013
          33          10  -2.0845655181392835E-013
          33          11   2.0496915285119249E-013
          33          12   8.2768219690735003E-013
          33          13   2.8534068890581168E-015
          33          14   1.6763761746563528E-016
          33          15  -1.6483304474942995E-016
          33          16  -6.6560918497313153E-016
          33          17  -9.5710857912565598E-015
          33          18   9.4109626395522912E-015
          33          19   3.8002231174114613E-014
          33          20   1.0219663813985774E-015
          33          21  -1.0048688994126362E-015
          33          22  -4.0577419755228065E-015
          33          23  -5.2349040395639695E-016
          33          24   5.1473256603194160E-016
          33          25   2.0785320941395088E-015
          33          26  -4.3494328551051856E-015
          33          27   6.3869744811883380E-025
          33          28  -4.3494328549509278E-015
          33          29   1.6010613077492232E-025
          33          30   4.5732978155584382E-025
          33          31  -4.3494328553518584E-015
          33          32   2.3363192676300565E-015
          33          33   1.0888661905483154E-024
          33          34   2.3363192677150417E-015
          33          35   5.3312449483993507E-025
          33          36   3.6531469164296155E-025
          33          37   2.3363192676863974E-015
          34           1   1.1242601952626918E-003
          34           2   3.0724751537048456E-003
          34           3  -7.6680883184830585E-003
          34           4  -1.3184339369288140E-002
          34           5   3.4682531604862718E-002
          34           6   2.3368132940320606E-002
          34           7   2.3441781320955166E-013
          34           8  -7.7536943854120987E-014
          34           9   6.7371141533467652E-014
          34          10   3.2875484784330604E-013
          34          11  -1.0869671533881384E-013
          34          12   9.4133954934925576E-014
          34          13   1.6707394768870124E-003
          34          14  -5.8915205996809365E-017
          34          15  -9.6448346768001985E-017
          34          16   1.1996951521048089E-015
          34          17   1.2762331250611134E-014
          34          18  -5.4685152454979164E-015
          34          19   4.6116466746932803E-015
          34          20  -4.5837323251090801E-015
          34          21   5.4124481149362176E-016
          34          22   9.0405004103640640E-016
          34          23  -3.5792318429353012E-016
          34          24  -5.1901003474355169E-016
          34          25   1.1135047666228722E-015
          34          26   5.2226203548694943E-004
          34          27   8.5391456986117751E-016
          34          28   5.2226203548683603E-004
          34          29  -3.1673064504967270E-017
          34          30   7.9906468384527108E-016
          34          31   5.2226203548659620E-004
          34          32   1.6354240195629588E-003
          34          33   2.3363192677150417E-015
          34          34   1.6354240195627561E-003
          34          35   1.6958349234184633E-016
          34          36   2.2718880929236300E-015
          34          37   1.6354240195627057E-003
          35           1   6.2240899787750471E-014
          35           2   1.1279867036551612E-013
          35           3  -7.7486454099427146E-014
          35           4  -6.8759577505685660E-014
          35           5   6.3084464782082319E-015
          35           6   3.0067175035420546E-015
          35           7  -1.2833069782697191E-013
          35           8   9.7839452736869204E-014
          35           9   2.9818914840303188E-013
          35          10  -1.7987233415352638E-013
          35          11   1.3713484777452657E-013
          35          12   4.1795126841202293E-013
          35          13   3.0690829691786680E-016
          35          14   1.4465037079186822E-016
          35          15  -1.1028161796970341E-016
          35          16  -3.3610978789264062E-016
          35          17  -8.2586577536768566E-015
          35          18   6.2964102448134763E-015
          35          19   1.9189824121414297E-014
          35          20   8.8182956107677714E-016
          35          21  -6.7230793312635521E-016
          35          22  -2.0490203632261739E-015
          35          23  -4.5170757515338201E-016
          35          24   3.4438232970766537E-016
          35          25   1.0495876866621711E-015
          35          26  -1.4051932711180238E-015
          35          27   3.0097312158995267E-025
          35          28  -1.4051932710129578E-015
          35          29   6.3670717511040728E-026
          35          30   2.1232527055639298E-025
          35          31  -1.4051932712379522E-015
          35          32   1.6958349229338466E-016
          35          33   5.3312449483993507E-025
          35          34   1.6958349234184633E-016
          35          35   2.8242024714080358E-025
          35          36   1.4565850777661292E-025
          35          37   1.6958349231692491E-016
          36           1   1.9780487640124748E-013
          36           2   3.5828124496266695E-013
          36           3  -2.4622133297044520E-013
          36           4  -2.2535724104941101E-013
          36           5   5.6505728396937556E-014
          36           6   3.4249616703836308E-014
          36           7   1.8814923905168614E-014
          36           8   6.0028102632932191E-015
          36           9   1.5011582138991066E-013
          36          10   2.6371587322901680E-014
          36          11   8.4137274553702542E-015
          36          12   2.1040704543287520E-013
          36          13   2.7314578616143983E-015
          36          14  -2.1207689305442073E-017
          36          15  -6.7661540691317657E-018
          36          16  -1.6920615087994576E-016
          36          17   1.2108289408125169E-015
          36          18   3.8630669621780704E-016
          36          19   9.6606398336613559E-015
          36          20  -1.2928809179156830E-016
          36          21  -4.1248382136222926E-017
          36          22  -1.0315286003178714E-015
          36          23   6.6226180975601147E-017
          36          24   2.1129102140239062E-017
          36          25   5.2838860010713830E-016
          36          26  -3.7583372032394770E-015
          36          27   2.4712444197839858E-025
          36          28  -3.7583372032356755E-015
          36          29   7.7709867762696415E-026
          36          30   1.9965159214294876E-025
          36          31  -3.7583372033021551E-015
          36          32   2.2718880929085521E-015
          36          33   3.6531469164296155E-025
          36          34   2.2718880929236300E-015
          36          35   1.4565850777661292E-025
          36          36   2.0141141239192682E-025
          36          37   2.2718880929273483E-015
          37           1   1.1242601952642557E-003
          37           2   3.0724751537101456E-003
          37           3  -7.6680883184976857E-003
          37           4  -1.3184339369300729E-002
          37           5   3.4682531604862198E-002
          37           6   2.3368132940320016E-002
          37           7   2.6317025516944749E-013
          37           8  -1.3388484578866397E-013
          37           9   6.3647041985393301E-014
          37          10   3.6905517326681295E-013
          37          11  -1.8767570325102737E-013
          37          12   8.8914138898498658E-014
          37          13   1.6707394768869872E-003
          37          14  -9.1324019959398773E-017
          37          15  -3.2934728396873564E-017
          37          16   1.2038926509838987E-015
          37          17   1.4612678357544050E-014
          37          18  -9.0947569247782071E-015
          37          19   4.3719922328710757E-015
          37          20  -4.7813056088683849E-015
          37          21   9.2844179177378474E-016
          37          22   9.2963913814469067E-016
          37          23  -2.5671831238906542E-016
          37          24  -7.1734742428695571E-016
          37          25   1.1003965486777393E-015
          37          26   5.2226203548665301E-004
          37          27   8.5391456984661336E-016
          37          28   5.2226203548653960E-004
          37          29  -3.1673064499769398E-017
          37          30   7.9906468383351834E-016
          37          31   5.2226203548629978E-004
          37          32   1.6354240195629085E-003
          37          33   2.3363192676863974E-015
          37          34   1.6354240195627057E-003
          37          35   1.6958349231692491E-016
          37          36   2.2718880929273483E-015
          37          37   1.6354240195626557E-003
