           1           1  0.38898115870600308     
           1           2  0.65556777205488792     
           1           3 -0.25551144520811836     
           1           4 -0.10357487435638435     
           1           5   5.6001796151131968E-002
           1           6   1.2801087912127716E-002
           1           7   6.2330007677512190E-016
           1           8  -4.3473657713246469E-016
           1           9  -1.4642484669022659E-015
           1          10  -1.3883706942102854E-016
           1          11  -8.8808617025399477E-016
           1          12  -1.5999682537737027E-015
           1          13   1.6295056236010083E-003
           1          14   2.5045253484020669E-015
           1          15  -1.1627689267998914E-015
           1          16  -6.8125526254352601E-016
           1          17   5.0644379942819487E-016
           1          18   3.7955934008859132E-016
           1          19   3.3577576780657761E-016
           1          20  -5.4112487185402174E-017
           1          21  -1.4280192118412964E-015
           1          22  -1.9220960315576581E-015
           1          23  -3.0952175084265924E-015
           1          24   1.1362212758903703E-016
           1          25   8.5792481242819499E-016
           1          26   1.3143159972967880E-002
           1          27  -3.0430551517902681E-018
           1          28   1.3143159972968122E-002
           1          29  -3.2978225372516310E-016
           1          30   1.0705077248521656E-015
           1          31   1.3143159972967479E-002
           1          32   3.2357732882935921E-003
           1          33   4.2552971578336867E-017
           1          34   3.2357732882961378E-003
           1          35   3.9248093400869214E-017
           1          36   1.1799617262004039E-016
           1          37   3.2357732882954682E-003
           2           1  0.65556777205488792     
           2           2   1.1474640795567042     
           2           3 -0.67754635933788077     
           2           4 -0.26965549175116710     
           2           5  0.15630012625418027     
           2           6   3.5067779278420683E-002
           2           7   1.0098937302264860E-015
           2           8  -1.4298229480232438E-015
           2           9  -3.5491705867458856E-015
           2          10   1.4717958623958441E-016
           2          11  -2.5249658772100739E-015
           2          12  -3.8778228169295805E-015
           2          13   4.8764205887122953E-003
           2          14   6.7729960466871306E-015
           2          15  -3.9040073286759749E-015
           2          16   1.9171280733269917E-017
           2          17   4.9516885861248806E-016
           2          18   1.0075562939799646E-015
           2          19   6.9108547579816875E-016
           2          20   3.6853304379423936E-016
           2          21  -4.2422574839432499E-015
           2          22  -4.6340834112511523E-015
           2          23  -9.0884221593868996E-015
           2          24   1.7711866311168491E-015
           2          25   2.1075281921790911E-016
           2          26   3.9239177387009543E-002
           2          27  -5.6809505212400696E-017
           2          28   3.9239177387010063E-002
           2          29  -5.7093761008365949E-016
           2          30   2.3482587551375192E-015
           2          31   3.9239177387008731E-002
           2          32   1.0298841898366516E-002
           2          33  -1.3047704982729768E-017
           2          34   1.0298841898371231E-002
           2          35   4.0710451256549190E-016
           2          36   5.5041840235456833E-016
           2          37   1.0298841898371047E-002
           3           1 -0.25551144520811836     
           3           2 -0.67754635933788077     
           3           3   1.7272435666701564     
           3           4  0.44825366208623363     
           3           5 -0.50985060766450008     
           3           6  -9.0688024717521049E-002
           3           7   5.7289182586979014E-016
           3           8   3.6844243489681108E-015
           3           9   1.0324547102811267E-015
           3          10  -1.0852474179936854E-015
           3          11   5.5062510198222835E-015
           3          12   1.1073897264399398E-015
           3          13  -1.5209886082952411E-002
           3          14  -1.5713031730984055E-014
           3          15   1.1756734204840985E-014
           3          16  -6.0573258633183214E-015
           3          17   1.9971681711689850E-015
           3          18  -2.4015005810882509E-015
           3          19   2.3192498602477086E-016
           3          20  -2.4548247607805612E-015
           3          21   1.1498008550096663E-014
           3          22   8.3798240368419940E-015
           3          23   2.3552468113357294E-014
           3          24  -9.1633639848159934E-015
           3          25   6.7047387548948941E-015
           3          26 -0.16671514344761473     
           3          27   2.3097941912858866E-016
           3          28 -0.16671514344761473     
           3          29   2.0664549673249244E-016
           3          30  -3.7188312765939876E-015
           3          31 -0.16671514344761301     
           3          32  -3.4432839513255382E-002
           3          33   3.9385732955212589E-016
           3          34  -3.4432839513258200E-002
           3          35  -1.5047099074156285E-015
           3          36  -2.1887215127097569E-015
           3          37  -3.4432839513263182E-002
           4           1 -0.10357487435638435     
           4           2 -0.26965549175116710     
           4           3  0.44825366208623363     
           4           4  0.52778821317624280     
           4           5  -4.1085164304529298E-002
           4           6  -5.8575697773734434E-002
           4           7  -1.4661259710277987E-015
           4           8   5.4856966295484953E-015
           4           9   9.8594161505846732E-015
           4          10  -3.2640938031179655E-015
           4          11   9.9904818843119755E-015
           4          12   1.1063677749845853E-014
           4          13  -5.3951436686066473E-003
           4          14  -1.2988294616861606E-014
           4          15   9.6007222452990035E-015
           4          16  -4.7307863597143688E-015
           4          17   5.9469932060683609E-016
           4          18   1.3653124837489503E-015
           4          19  -8.3382352424239748E-016
           4          20  -2.0187506388936776E-015
           4          21   8.8493351805883431E-015
           4          22   7.6446082100088665E-015
           4          23   1.9277261099463138E-014
           4          24  -6.7119126998098066E-015
           4          25   4.8303131717305908E-015
           4          26   5.3200732237794084E-002
           4          27  -2.4101470439857938E-017
           4          28   5.3200732237791780E-002
           4          29   3.7118092793653046E-016
           4          30  -3.4982469870959902E-015
           4          31   5.3200732237793522E-002
           4          32  -1.0172013745825692E-002
           4          33   6.8155122964711814E-016
           4          34  -1.0172013745830395E-002
           4          35  -1.6965111604017903E-015
           4          36  -1.3745087867184242E-015
           4          37  -1.0172013745835137E-002
           5           1   5.6001796151131968E-002
           5           2  0.15630012625418027     
           5           3 -0.50985060766450008     
           5           4  -4.1085164304529298E-002
           5           5  0.56421892893479653     
           5           6  0.15461821071061216     
           5           7   1.4585348221355242E-015
           5           8  -8.5728750827391364E-015
           5           9  -7.5488484477131607E-015
           5          10   4.4321891215455948E-015
           5          11  -1.6894266743949640E-014
           5          12  -7.8810330502049197E-015
           5          13   2.2943228101868322E-002
           5          14   2.9241898901425641E-014
           5          15  -2.4262098237334287E-014
           5          16   1.1884359049276627E-014
           5          17  -3.5312725489855022E-015
           5          18  -3.9494350953104324E-015
           5          19   4.9442582976174940E-016
           5          20   5.0702262947740137E-015
           5          21  -2.2789258285199109E-014
           5          22  -1.4632465673744561E-014
           5          23  -4.4934683390345068E-014
           5          24   1.8323603755731148E-014
           5          25  -1.3951383156381236E-014
           5          26  0.13266038157959331     
           5          27   7.6936280565160308E-016
           5          28  0.13266038157959559     
           5          29  -7.5492491964990259E-017
           5          30   8.0785108795657355E-015
           5          31  0.13266038157959151     
           5          32   5.0956894603106172E-002
           5          33  -1.8854292506245992E-015
           5          34   5.0956894603108649E-002
           5          35   1.1561231139570748E-015
           5          36   4.1169654930205984E-015
           5          37   5.0956894603123422E-002
           6           1   1.2801087912127716E-002
           6           2   3.5067779278420683E-002
           6           3  -9.0688024717521049E-002
           6           4  -5.8575697773734434E-002
           6           5  0.15461821071061216     
           6           6   5.7071796043999694E-002
           6           7  -1.6701457564880840E-017
           6           8  -1.3436644915590697E-014
           6           9   3.7648195492983536E-016
           6          10   3.2690543529754679E-015
           6          11  -1.7439029414532813E-014
           6          12   1.3830878316810158E-015
           6          13   7.3606699386831020E-003
           6          14   1.0623365080645113E-014
           6          15  -1.0236095793799580E-014
           6          16   4.6102892624017552E-015
           6          17   6.7720471449833801E-015
           6          18   1.5399259237670283E-014
           6          19  -1.2836385986722772E-015
           6          20   1.3078484887262054E-015
           6          21  -9.2153597611442112E-015
           6          22  -5.3707198835723588E-015
           6          23  -1.6298170136426203E-014
           6          24   8.8773191195694372E-015
           6          25  -5.5123944132700892E-015
           6          26   1.8183986639400868E-002
           6          27   3.1992012440403699E-016
           6          28   1.8183986639402100E-002
           6          29  -5.9641979403833835E-017
           6          30   3.1420965010448015E-015
           6          31   1.8183986639400518E-002
           6          32   1.5566721562932376E-002
           6          33  -7.6087122404105985E-016
           6          34   1.5566721562933783E-002
           6          35   5.1540531620448951E-016
           6          36   1.4735629389107072E-015
           6          37   1.5566721562939388E-002
           7           1   6.2330007677512190E-016
           7           2   1.0098937302264860E-015
           7           3   5.7289182586979014E-016
           7           4  -1.4661259710277987E-015
           7           5   1.4585348221355242E-015
           7           6  -1.6701457564880840E-017
           7           7  0.58059234664880655     
           7           8   4.3311759964808428E-003
           7           9   2.1230649753069867E-003
           7          10  0.67894841074900059     
           7          11   6.3213544469544174E-003
           7          12   3.0986148412641061E-003
           7          13   7.0756095262158401E-016
           7          14   3.3659093320855142E-002
           7          15   1.1460258352533770E-003
           7          16   5.6176135848723439E-004
           7          17 -0.39815230189737361     
           7          18  -1.3901961466190762E-002
           7          19  -6.8144927615189869E-003
           7          20  -2.3102416164208238E-002
           7          21  -1.6359113212347138E-002
           7          22  -8.0189445814121650E-003
           7          23  -9.1414863650397998E-002
           7          24  -8.6045741824304217E-003
           7          25  -4.2178083017067811E-003
           7          26  -6.5070883572135343E-016
           7          27   1.2897058766233781E-016
           7          28   2.9508890430318460E-015
           7          29  -9.1347663746900508E-016
           7          30  -6.4243804688654626E-016
           7          31  -1.5318232318236345E-015
           7          32   1.9631517071738920E-016
           7          33   1.3520508378444794E-015
           7          34  -2.4981988222970656E-015
           7          35   1.4158873508185634E-015
           7          36   1.0635708948337800E-015
           7          37  -6.9945460435317421E-017
           8           1  -4.3473657713246469E-016
           8           2  -1.4298229480232438E-015
           8           3   3.6844243489681108E-015
           8           4   5.4856966295484953E-015
           8           5  -8.5728750827391364E-015
           8           6  -1.3436644915590697E-014
           8           7   4.3311759964808428E-003
           8           8  0.56387095737513493     
           8           9   5.1727213662346172E-004
           8          10   6.3213544469524069E-003
           8          11  0.65454353121276210     
           8          12   7.5495905125511987E-004
           8          13   3.7738101786045994E-015
           8          14   1.1460258352711940E-003
           8          15   2.9234626588336397E-002
           8          16   1.3686980923852154E-004
           8          17  -1.3901961466191213E-002
           8          18 -0.34448094115548028     
           8          19  -1.6603105753772477E-003
           8          20  -1.6359113212341337E-002
           8          21   4.0055280594778420E-002
           8          22  -1.9537680877844158E-003
           8          23  -8.6045741824470456E-003
           8          24  -5.8195148137645869E-002
           8          25  -1.0276438721538552E-003
           8          26   6.0733296285974878E-015
           8          27   2.0408102380814020E-015
           8          28   5.2875074593380426E-015
           8          29  -7.5579812348014401E-016
           8          30   7.4707718535355327E-016
           8          31   1.9950237683906981E-015
           8          32   5.1495434105314081E-015
           8          33   1.6733393497470395E-015
           8          34   4.4920825353457441E-015
           8          35   5.4010445360825505E-015
           8          36   1.0517498455128982E-015
           8          37   4.4782218892975613E-015
           9           1  -1.4642484669022659E-015
           9           2  -3.5491705867458856E-015
           9           3   1.0324547102811267E-015
           9           4   9.8594161505846732E-015
           9           5  -7.5488484477131607E-015
           9           6   3.7648195492983536E-016
           9           7   2.1230649753069867E-003
           9           8   5.1727213662346172E-004
           9           9  0.56306924968510985     
           9          10   3.0986148412574200E-003
           9          11   7.5495905124106741E-004
           9          12  0.65337343826903771     
           9          13   1.2037104449804653E-015
           9          14   5.6176135848882698E-004
           9          15   1.3686980925554788E-004
           9          16   2.9022495350576941E-002
           9          17  -6.8144927615280734E-003
           9          18  -1.6603105753962299E-003
           9          19 -0.34190766557790325     
           9          20  -8.0189445814067215E-003
           9          21  -1.9537680877626628E-003
           9          22   4.3083378939192368E-002
           9          23  -4.2178083017058270E-003
           9          24  -1.0276438721777332E-003
           9          25  -5.6602427523886355E-002
           9          26   1.0145387455692252E-014
           9          27   3.5661742074321680E-015
           9          28  -1.1896155565101571E-014
           9          29   3.1696197934144547E-015
           9          30   3.7721756935802457E-015
           9          31   7.4370728057170401E-015
           9          32  -8.3781862215391982E-015
           9          33  -1.9039846717728767E-015
           9          34   9.8583962297943740E-015
           9          35   4.1094640678249105E-015
           9          36  -2.5975738901529280E-015
           9          37   1.0594987532849464E-015
          10           1  -1.3883706942102854E-016
          10           2   1.4717958623958441E-016
          10           3  -1.0852474179936854E-015
          10           4  -3.2640938031179655E-015
          10           5   4.4321891215455948E-015
          10           6   3.2690543529754679E-015
          10           7  0.67894841074900059     
          10           8   6.3213544469524069E-003
          10           9   3.0986148412574200E-003
          10          10  0.89658759328066107     
          10          11   9.2260213107222683E-003
          10          12   4.5224305643771900E-003
          10          13   1.0826310976655682E-016
          10          14   2.6870008208995100E-002
          10          15   1.6726255215431232E-003
          10          16   8.1989110220460969E-004
          10          17 -0.23205024765806187     
          10          18  -2.0289922646195099E-002
          10          19  -9.9457570315182355E-003
          10          20  -5.0885673652041608E-002
          10          21  -2.3876137367100276E-002
          10          22  -1.1703655319194395E-002
          10          23  -8.9299215634010165E-002
          10          24  -1.2558382138349132E-002
          10          25  -6.1558942158092250E-003
          10          26  -1.0605282191985081E-015
          10          27  -3.7874636487309363E-016
          10          28   2.4862051595839610E-015
          10          29  -9.9996886741850688E-016
          10          30  -9.4171527057402263E-016
          10          31  -8.3714953314621167E-016
          10          32  -8.9355357183102923E-017
          10          33   1.1991715712268890E-015
          10          34  -2.5093010683793766E-015
          10          35   6.5552591078242279E-016
          10          36   7.9294893151650659E-016
          10          37  -3.1850447560899059E-016
          11           1  -8.8808617025399477E-016
          11           2  -2.5249658772100739E-015
          11           3   5.5062510198222835E-015
          11           4   9.9904818843119755E-015
          11           5  -1.6894266743949640E-014
          11           6  -1.7439029414532813E-014
          11           7   6.3213544469544174E-003
          11           8  0.65454353121276210     
          11           9   7.5495905124106741E-004
          11          10   9.2260213107222683E-003
          11          11  0.86096865424213931     
          11          12   1.1018632721731569E-003
          11          13   3.5106314996441556E-015
          11          14   1.6726255215589491E-003
          11          15   2.0412495866460760E-002
          11          16   1.9976158391979607E-004
          11          17  -2.0289922646202802E-002
          11          18 -0.15371685848721456     
          11          19  -2.4232244654794647E-003
          11          20  -2.3876137367094270E-002
          11          21   4.1293029681904694E-002
          11          22  -2.8515259135312838E-003
          11          23  -1.2558382138364837E-002
          11          24  -4.0815017219164355E-002
          11          25  -1.4998469622149533E-003
          11          26   7.8586657634684442E-015
          11          27   6.6584070946417950E-016
          11          28   7.6775990997425680E-015
          11          29  -1.0066690081147221E-015
          11          30  -4.8812076049540425E-016
          11          31   7.3913397227241284E-015
          11          32   9.5795059837983251E-015
          11          33   5.9431248840523646E-016
          11          34   9.1373487372458471E-015
          11          35   4.0813859548129080E-015
          11          36  -6.0887341203640671E-016
          11          37   7.4925429170950398E-015
          12           1  -1.5999682537737027E-015
          12           2  -3.8778228169295805E-015
          12           3   1.1073897264399398E-015
          12           4   1.1063677749845853E-014
          12           5  -7.8810330502049197E-015
          12           6   1.3830878316810158E-015
          12           7   3.0986148412641061E-003
          12           8   7.5495905125511987E-004
          12           9  0.65337343826903771     
          12          10   4.5224305643771900E-003
          12          11   1.1018632721731569E-003
          12          12  0.85926090275866684     
          12          13   6.1779126312144874E-016
          12          14   8.1989110220838119E-004
          12          15   1.9976158393587200E-004
          12          16   2.0102890174093363E-002
          12          17  -9.9457570315311140E-003
          12          18  -2.4232244655052865E-003
          12          19 -0.14996116095177539     
          12          20  -1.1703655319185130E-002
          12          21  -2.8515259135080372E-003
          12          22   4.5712541368989286E-002
          12          23  -6.1558942158116570E-003
          12          24  -1.4998469622378632E-003
          12          25  -3.8490440350723028E-002
          12          26   1.0902629450604983E-014
          12          27   4.1241228114247640E-015
          12          28  -1.3286046955822322E-014
          12          29   3.4013744245655521E-015
          12          30   4.0896019596407256E-015
          12          31   7.1574026292695939E-015
          12          32  -9.7199013867991154E-015
          12          33  -2.0260673557542341E-015
          12          34   1.0463521499487637E-014
          12          35   3.9625836827062748E-015
          12          36  -2.7524166021176755E-015
          12          37   9.5214305085898943E-016
          13           1   1.6295056236010083E-003
          13           2   4.8764205887122953E-003
          13           3  -1.5209886082952411E-002
          13           4  -5.3951436686066473E-003
          13           5   2.2943228101868322E-002
          13           6   7.3606699386831020E-003
          13           7   7.0756095262158401E-016
          13           8   3.7738101786045994E-015
          13           9   1.2037104449804653E-015
          13          10   1.0826310976655682E-016
          13          11   3.5106314996441556E-015
          13          12   6.1779126312144874E-016
          13          13   1.0356221336994588E-003
          13          14   1.6498533425095408E-015
          13          15  -7.6233642175390259E-016
          13          16   6.8283409073086498E-016
          13          17  -4.0680872293512525E-015
          13          18  -6.8912075340358525E-015
          13          19  -1.0071622298775715E-015
          13          20   2.9793920039365625E-016
          13          21  -8.3443324037030506E-016
          13          22  -5.0700827520406416E-016
          13          23  -2.6300439808270474E-015
          13          24   4.9050932838537200E-017
          13          25  -8.7062706659323904E-016
          13          26   4.1380911468918563E-003
          13          27   3.8628783653224081E-017
          13          28   4.1380911468919951E-003
          13          29  -6.6339281671437423E-018
          13          30   3.9935244342962877E-016
          13          31   4.1380911468917930E-003
          13          32   2.2746616241995708E-003
          13          33  -9.5757480452076093E-017
          13          34   2.2746616241997274E-003
          13          35   6.6097040908664885E-017
          13          36   1.9611130785455359E-016
          13          37   2.2746616242004533E-003
          14           1   2.5045253484020669E-015
          14           2   6.7729960466871306E-015
          14           3  -1.5713031730984055E-014
          14           4  -1.2988294616861606E-014
          14           5   2.9241898901425641E-014
          14           6   1.0623365080645113E-014
          14           7   3.3659093320855142E-002
          14           8   1.1460258352711940E-003
          14           9   5.6176135848882698E-004
          14          10   2.6870008208995100E-002
          14          11   1.6726255215589491E-003
          14          12   8.1989110220838119E-004
          14          13   1.6498533425095408E-015
          14          14   5.1093781726960722E-003
          14          15   3.0323755399390607E-004
          14          16   1.4864162310657876E-004
          14          17  -7.7282343934004238E-002
          14          18  -3.6784483045968633E-003
          14          19  -1.8031095400469570E-003
          14          20  -1.5281901687217977E-002
          14          21  -4.3286087654980793E-003
          14          22  -2.1218065646099204E-003
          14          23  -1.7022723431117284E-002
          14          24  -2.2767637063263353E-003
          14          25  -1.1160288304743523E-003
          14          26   3.2352239367287423E-015
          14          27   1.3626736184520522E-016
          14          28   3.4191814905804989E-015
          14          29  -4.1263585221775405E-017
          14          30   1.9791809740213277E-017
          14          31   3.0008478541881160E-015
          14          32   3.0359878881235147E-015
          14          33   2.0626689208086609E-016
          14          34   2.9195152924343374E-015
          14          35   2.8003196319199577E-016
          14          36   1.3368799434517221E-016
          14          37   3.0951528116200372E-015
          15           1  -1.1627689267998914E-015
          15           2  -3.9040073286759749E-015
          15           3   1.1756734204840985E-014
          15           4   9.6007222452990035E-015
          15           5  -2.4262098237334287E-014
          15           6  -1.0236095793799580E-014
          15           7   1.1460258352533770E-003
          15           8   2.9234626588336397E-002
          15           9   1.3686980925554788E-004
          15          10   1.6726255215431232E-003
          15          11   2.0412495866460760E-002
          15          12   1.9976158393587200E-004
          15          13  -7.6233642175390259E-016
          15          14   3.0323755399390607E-004
          15          15   3.9386676804796213E-003
          15          16   3.6215646185867460E-005
          15          17  -3.6784483045673882E-003
          15          18  -6.3080943188835933E-002
          15          19  -4.3931690042477113E-004
          15          20  -4.3286087655006293E-003
          15          21   1.4295762670643857E-003
          15          22  -5.1696553234497982E-004
          15          23  -2.2767637063245065E-003
          15          24  -8.2328122733761298E-003
          15          25  -2.7191377766675097E-004
          15          26  -2.2686247852647797E-015
          15          27   4.2040150169350210E-016
          15          28  -2.3953701972839674E-015
          15          29  -5.3748781445185970E-017
          15          30   2.3325119606493976E-016
          15          31  -3.2037617715958706E-015
          15          32  -2.6039940372350362E-015
          15          33   3.5789850051049529E-016
          15          34  -2.7176651108796907E-015
          15          35   7.7306448167745549E-016
          15          36   3.7071153849179363E-016
          15          37  -2.4770375717206778E-015
          16           1  -6.8125526254352601E-016
          16           2   1.9171280733269917E-017
          16           3  -6.0573258633183214E-015
          16           4  -4.7307863597143688E-015
          16           5   1.1884359049276627E-014
          16           6   4.6102892624017552E-015
          16           7   5.6176135848723439E-004
          16           8   1.3686980923852154E-004
          16           9   2.9022495350576941E-002
          16          10   8.1989110220460969E-004
          16          11   1.9976158391979607E-004
          16          12   2.0102890174093363E-002
          16          13   6.8283409073086498E-016
          16          14   1.4864162310657876E-004
          16          15   3.6215646185867460E-005
          16          16   3.8825379182319082E-003
          16          17  -1.8031095400508589E-003
          16          18  -4.3931690041065536E-004
          16          19  -6.2400056451495371E-002
          16          20  -2.1218065646108112E-003
          16          21  -5.1696553234572488E-004
          16          22   2.2308087584772718E-003
          16          23  -1.1160288304747495E-003
          16          24  -2.7191377766619125E-004
          16          25  -7.8113796247830632E-003
          16          26   1.6795629133361002E-015
          16          27   5.9236419637685535E-017
          16          28   9.6018742576391771E-016
          16          29   1.0790562573267918E-016
          16          30   1.1719059900430859E-016
          16          31   1.7116978442111144E-015
          16          32   1.0425119900274310E-015
          16          33  -6.8105750167937652E-017
          16          34   1.5815431894066747E-015
          16          35   2.3339349781305387E-016
          16          36  -1.2039258965916658E-016
          16          37   1.2852948036719240E-015
          17           1   5.0644379942819487E-016
          17           2   4.9516885861248806E-016
          17           3   1.9971681711689850E-015
          17           4   5.9469932060683609E-016
          17           5  -3.5312725489855022E-015
          17           6   6.7720471449833801E-015
          17           7 -0.39815230189737361     
          17           8  -1.3901961466191213E-002
          17           9  -6.8144927615280734E-003
          17          10 -0.23205024765806187     
          17          11  -2.0289922646202802E-002
          17          12  -9.9457570315311140E-003
          17          13  -4.0680872293512525E-015
          17          14  -7.7282343934004238E-002
          17          15  -3.6784483045673882E-003
          17          16  -1.8031095400508589E-003
          17          17   1.2317796772295049     
          17          18   4.4621722313868684E-002
          17          19   2.1872769857243367E-002
          17          20  0.18570771491972704     
          17          21   5.2508547720939228E-002
          17          22   2.5738750552009845E-002
          17          23  0.23744297845982859     
          17          24   2.7618471014436385E-002
          17          25   1.3538080311162336E-002
          17          26  -2.0499074487867957E-015
          17          27  -2.3855483014126777E-015
          17          28  -3.6973812769568743E-015
          17          29   4.6433287932146195E-016
          17          30  -6.4626453285839494E-016
          17          31   2.3804718947424861E-015
          17          32   6.4372004173304076E-017
          17          33  -3.0442329982521690E-015
          17          34   1.0352787790039966E-015
          17          35  -4.9009924618449180E-015
          17          36  -2.1457265581620930E-015
          17          37  -1.0791677783547035E-015
          18           1   3.7955934008859132E-016
          18           2   1.0075562939799646E-015
          18           3  -2.4015005810882509E-015
          18           4   1.3653124837489503E-015
          18           5  -3.9494350953104324E-015
          18           6   1.5399259237670283E-014
          18           7  -1.3901961466190762E-002
          18           8 -0.34448094115548028     
          18           9  -1.6603105753962299E-003
          18          10  -2.0289922646195099E-002
          18          11 -0.15371685848721456     
          18          12  -2.4232244655052865E-003
          18          13  -6.8912075340358525E-015
          18          14  -3.6784483045968633E-003
          18          15  -6.3080943188835933E-002
          18          16  -4.3931690041065536E-004
          18          17   4.4621722313868684E-002
          18          18   1.0595084073762406     
          18          19   5.3291701052032327E-003
          18          20   5.2508547720941039E-002
          18          21  -1.7012254749046600E-002
          18          22   6.2710932763538696E-003
          18          23   2.7618471014458940E-002
          18          24  0.13081623197082248     
          18          25   3.2984726372842356E-003
          18          26  -5.0764589697920601E-015
          18          27  -7.1513741984322290E-015
          18          28  -2.9956965550039064E-015
          18          29   8.2775500893112737E-016
          18          30  -4.0281852420832946E-015
          18          31   1.1083255761634393E-014
          18          32   2.5777022228889866E-015
          18          33  -6.0773474870978420E-015
          18          34   4.5395220823838040E-015
          18          35  -1.2833011434200559E-014
          18          36  -6.5842833743861037E-015
          18          37   1.4784905566096259E-016
          19           1   3.3577576780657761E-016
          19           2   6.9108547579816875E-016
          19           3   2.3192498602477086E-016
          19           4  -8.3382352424239748E-016
          19           5   4.9442582976174940E-016
          19           6  -1.2836385986722772E-015
          19           7  -6.8144927615189869E-003
          19           8  -1.6603105753772477E-003
          19           9 -0.34190766557790325     
          19          10  -9.9457570315182355E-003
          19          11  -2.4232244654794647E-003
          19          12 -0.14996116095177539     
          19          13  -1.0071622298775715E-015
          19          14  -1.8031095400469570E-003
          19          15  -4.3931690042477113E-004
          19          16  -6.2400056451495371E-002
          19          17   2.1872769857243367E-002
          19          18   5.3291701052032327E-003
          19          19   1.0512488543240666     
          19          20   2.5738750552012798E-002
          19          21   6.2710932763467252E-003
          19          22  -2.6731671954463077E-002
          19          23   1.3538080311157224E-002
          19          24   3.2984726373045865E-003
          19          25  0.12570400826600797     
          19          26  -1.8896302638807920E-015
          19          27   4.6004755059386435E-016
          19          28   2.3514362244721058E-015
          19          29  -6.6403504191325112E-016
          19          30  -5.7895159522454440E-016
          19          31  -3.5594351480797274E-015
          19          32   7.8825933783432491E-016
          19          33   5.2394589584854308E-016
          19          34  -1.5764480405130138E-015
          19          35  -2.6669404754891886E-015
          19          36   1.2018220378344548E-015
          19          37   2.6284713654876371E-016
          20           1  -5.4112487185402174E-017
          20           2   3.6853304379423936E-016
          20           3  -2.4548247607805612E-015
          20           4  -2.0187506388936776E-015
          20           5   5.0702262947740137E-015
          20           6   1.3078484887262054E-015
          20           7  -2.3102416164208238E-002
          20           8  -1.6359113212341337E-002
          20           9  -8.0189445814067215E-003
          20          10  -5.0885673652041608E-002
          20          11  -2.3876137367094270E-002
          20          12  -1.1703655319185130E-002
          20          13   2.9793920039365625E-016
          20          14  -1.5281901687217977E-002
          20          15  -4.3286087655006293E-003
          20          16  -2.1218065646108112E-003
          20          17  0.18570771491972704     
          20          18   5.2508547720941039E-002
          20          19   2.5738750552012798E-002
          20          20  0.25739302712779516     
          20          21   6.1789358204681295E-002
          20          22   3.0288037788655998E-002
          20          23  0.12857101201046611     
          20          24   3.2499996146276640E-002
          20          25   1.5930916585161485E-002
          20          26   1.0766223876737574E-015
          20          27  -3.9327210994682682E-016
          20          28   9.0518841120082627E-016
          20          29  -1.8028520658738735E-016
          20          30  -4.9991915057094659E-017
          20          31   2.0787483445083621E-016
          20          32   1.0302627564188527E-015
          20          33  -8.6513858821418176E-016
          20          34   6.1848046590743583E-016
          20          35   2.5321741352467773E-016
          20          36   1.1407858858254118E-016
          20          37   4.9547827432021877E-016
          21           1  -1.4280192118412964E-015
          21           2  -4.2422574839432499E-015
          21           3   1.1498008550096663E-014
          21           4   8.8493351805883431E-015
          21           5  -2.2789258285199109E-014
          21           6  -9.2153597611442112E-015
          21           7  -1.6359113212347138E-002
          21           8   4.0055280594778420E-002
          21           9  -1.9537680877626628E-003
          21          10  -2.3876137367100276E-002
          21          11   4.1293029681904694E-002
          21          12  -2.8515259135080372E-003
          21          13  -8.3443324037030506E-016
          21          14  -4.3286087654980793E-003
          21          15   1.4295762670643857E-003
          21          16  -5.1696553234572488E-004
          21          17   5.2508547720939228E-002
          21          18  -1.7012254749046600E-002
          21          19   6.2710932763467252E-003
          21          20   6.1789358204681295E-002
          21          21   1.8842593631197828E-002
          21          22   7.3795000167758244E-003
          21          23   3.2499996146271144E-002
          21          24   3.0981410405396944E-003
          21          25   3.8814729441280218E-003
          21          26  -2.1061481183435180E-015
          21          27   8.1555535808352232E-017
          21          28  -2.3320972842226808E-015
          21          29  -5.9263649077135314E-017
          21          30   1.0650357797587729E-016
          21          31  -2.6913368556180637E-015
          21          32  -2.0572433967896529E-015
          21          33  -9.6324389808067976E-017
          21          34  -2.1256446480482145E-015
          21          35   4.2775686024961215E-016
          21          36   1.1953597549793731E-016
          21          37  -2.1624610317119960E-015
          22           1  -1.9220960315576581E-015
          22           2  -4.6340834112511523E-015
          22           3   8.3798240368419940E-015
          22           4   7.6446082100088665E-015
          22           5  -1.4632465673744561E-014
          22           6  -5.3707198835723588E-015
          22           7  -8.0189445814121650E-003
          22           8  -1.9537680877844158E-003
          22           9   4.3083378939192368E-002
          22          10  -1.1703655319194395E-002
          22          11  -2.8515259135312838E-003
          22          12   4.5712541368989286E-002
          22          13  -5.0700827520406416E-016
          22          14  -2.1218065646099204E-003
          22          15  -5.1696553234497982E-004
          22          16   2.2308087584772718E-003
          22          17   2.5738750552009845E-002
          22          18   6.2710932763538696E-003
          22          19  -2.6731671954463077E-002
          22          20   3.0288037788655998E-002
          22          21   7.3795000167758244E-003
          22          22   7.4052833776746176E-003
          22          23   1.5930916585161766E-002
          22          24   3.8814729441280882E-003
          22          25  -2.9176608703976614E-003
          22          26  -4.4871849644682119E-016
          22          27   3.0610989482774263E-016
          22          28  -2.6397684995361448E-015
          22          29   3.0070640304963920E-016
          22          30   3.7443054868170501E-016
          22          31  -7.8044796001035830E-016
          22          32  -2.1716743553979386E-015
          22          33  -2.9947305446977198E-016
          22          34  -4.1104232546997517E-016
          22          35   4.2093739752500706E-016
          22          36  -2.3868144153491196E-016
          22          37  -1.3148984800843945E-015
          23           1  -3.0952175084265924E-015
          23           2  -9.0884221593868996E-015
          23           3   2.3552468113357294E-014
          23           4   1.9277261099463138E-014
          23           5  -4.4934683390345068E-014
          23           6  -1.6298170136426203E-014
          23           7  -9.1414863650397998E-002
          23           8  -8.6045741824470456E-003
          23           9  -4.2178083017058270E-003
          23          10  -8.9299215634010165E-002
          23          11  -1.2558382138364837E-002
          23          12  -6.1558942158116570E-003
          23          13  -2.6300439808270474E-015
          23          14  -1.7022723431117284E-002
          23          15  -2.2767637063245065E-003
          23          16  -1.1160288304747495E-003
          23          17  0.23744297845982859     
          23          18   2.7618471014458940E-002
          23          19   1.3538080311157224E-002
          23          20  0.12857101201046611     
          23          21   3.2499996146271144E-002
          23          22   1.5930916585161766E-002
          23          23   8.5421337969979944E-002
          23          24   1.7094363498791811E-002
          23          25   8.3793511159177703E-003
          23          26  -4.8201824141819352E-015
          23          27  -4.2839729529576640E-016
          23          28  -5.3815034038701309E-015
          23          29   4.0490124743571588E-017
          23          30  -3.9883419698972528E-017
          23          31  -4.6511762592873035E-015
          23          32  -4.4785728544744333E-015
          23          33  -7.7922269834009967E-016
          23          34  -4.2990607351390659E-015
          23          35  -5.0230485255637970E-016
          23          36  -2.5561934475704999E-016
          23          37  -4.7823951205229823E-015
          24           1   1.1362212758903703E-016
          24           2   1.7711866311168491E-015
          24           3  -9.1633639848159934E-015
          24           4  -6.7119126998098066E-015
          24           5   1.8323603755731148E-014
          24           6   8.8773191195694372E-015
          24           7  -8.6045741824304217E-003
          24           8  -5.8195148137645869E-002
          24           9  -1.0276438721777332E-003
          24          10  -1.2558382138349132E-002
          24          11  -4.0815017219164355E-002
          24          12  -1.4998469622378632E-003
          24          13   4.9050932838537200E-017
          24          14  -2.2767637063263353E-003
          24          15  -8.2328122733761298E-003
          24          16  -2.7191377766619125E-004
          24          17   2.7618471014436385E-002
          24          18  0.13081623197082248     
          24          19   3.2984726373045865E-003
          24          20   3.2499996146276640E-002
          24          21   3.0981410405396944E-003
          24          22   3.8814729441280882E-003
          24          23   1.7094363498791811E-002
          24          24   1.9425057356797722E-002
          24          25   2.0415789933951713E-003
          24          26   1.4709801448592754E-015
          24          27  -8.7748614561368703E-016
          24          28   1.6720450292224357E-015
          24          29   9.6707162472139864E-017
          24          30  -4.6587514894689305E-016
          24          31   3.2674467835346558E-015
          24          32   2.1211445622474907E-015
          24          33  -8.0540387089073817E-016
          24          34   2.3382246292093116E-015
          24          35  -1.5258254455351901E-015
          24          36  -7.4115853619483394E-016
          24          37   1.8194359775572032E-015
          25           1   8.5792481242819499E-016
          25           2   2.1075281921790911E-016
          25           3   6.7047387548948941E-015
          25           4   4.8303131717305908E-015
          25           5  -1.3951383156381236E-014
          25           6  -5.5123944132700892E-015
          25           7  -4.2178083017067811E-003
          25           8  -1.0276438721538552E-003
          25           9  -5.6602427523886355E-002
          25          10  -6.1558942158092250E-003
          25          11  -1.4998469622149533E-003
          25          12  -3.8490440350723028E-002
          25          13  -8.7062706659323904E-016
          25          14  -1.1160288304743523E-003
          25          15  -2.7191377766675097E-004
          25          16  -7.8113796247830632E-003
          25          17   1.3538080311162336E-002
          25          18   3.2984726372842356E-003
          25          19  0.12570400826600797     
          25          20   1.5930916585161485E-002
          25          21   3.8814729441280218E-003
          25          22  -2.9176608703976614E-003
          25          23   8.3793511159177703E-003
          25          24   2.0415789933951713E-003
          25          25   1.6260862993840972E-002
          25          26  -2.2194651534420335E-015
          25          27  -1.2041091867282791E-016
          25          28  -8.9771038698005850E-016
          25          29  -2.0705186699818449E-016
          25          30  -2.1781228644117676E-016
          25          31  -2.3326594072294906E-015
          25          32  -1.0522244446651074E-015
          25          33   8.4397645650345182E-017
          25          34  -2.0573618414089829E-015
          25          35  -4.4453798340395797E-016
          25          36   2.3210080373884217E-016
          25          37  -1.5186150003802648E-015
          26           1   1.3143159972967880E-002
          26           2   3.9239177387009543E-002
          26           3 -0.16671514344761473     
          26           4   5.3200732237794084E-002
          26           5  0.13266038157959331     
          26           6   1.8183986639400868E-002
          26           7  -6.5070883572135343E-016
          26           8   6.0733296285974878E-015
          26           9   1.0145387455692252E-014
          26          10  -1.0605282191985081E-015
          26          11   7.8586657634684442E-015
          26          12   1.0902629450604983E-014
          26          13   4.1380911468918563E-003
          26          14   3.2352239367287423E-015
          26          15  -2.2686247852647797E-015
          26          16   1.6795629133361002E-015
          26          17  -2.0499074487867957E-015
          26          18  -5.0764589697920601E-015
          26          19  -1.8896302638807920E-015
          26          20   1.0766223876737574E-015
          26          21  -2.1061481183435180E-015
          26          22  -4.4871849644682119E-016
          26          23  -4.8201824141819352E-015
          26          24   1.4709801448592754E-015
          26          25  -2.2194651534420335E-015
          26          26   5.3928189328885198E-002
          26          27   4.9244544070878857E-017
          26          28   5.3928189328884976E-002
          26          29   3.2583815541961396E-017
          26          30   7.6131083329663551E-016
          26          31   5.3928189328884595E-002
          26          32   1.0243062381544330E-002
          26          33  -1.4900514425633699E-016
          26          34   1.0243062381543988E-002
          26          35   2.6972929618604968E-017
          26          36   5.5268049986406590E-016
          26          37   1.0243062381545594E-002
          27           1  -3.0430551517902681E-018
          27           2  -5.6809505212400696E-017
          27           3   2.3097941912858866E-016
          27           4  -2.4101470439857938E-017
          27           5   7.6936280565160308E-016
          27           6   3.1992012440403699E-016
          27           7   1.2897058766233781E-016
          27           8   2.0408102380814020E-015
          27           9   3.5661742074321680E-015
          27          10  -3.7874636487309363E-016
          27          11   6.6584070946417950E-016
          27          12   4.1241228114247640E-015
          27          13   3.8628783653224081E-017
          27          14   1.3626736184520522E-016
          27          15   4.2040150169350210E-016
          27          16   5.9236419637685535E-017
          27          17  -2.3855483014126777E-015
          27          18  -7.1513741984322290E-015
          27          19   4.6004755059386435E-016
          27          20  -3.9327210994682682E-016
          27          21   8.1555535808352232E-017
          27          22   3.0610989482774263E-016
          27          23  -4.2839729529576640E-016
          27          24  -8.7748614561368703E-016
          27          25  -1.2041091867282791E-016
          27          26   4.9244544070878857E-017
          27          27   1.0863125044510274E-028
          27          28   4.9244544070589098E-017
          27          29   3.6522502911269483E-029
          27          30   9.9258867873119210E-029
          27          31   4.9244544070719821E-017
          27          32   7.8811690880006692E-017
          27          33   1.7326738912932997E-029
          27          34   7.8811690880243535E-017
          27          35   1.4436770129584204E-028
          27          36   2.8975249310687937E-029
          27          37   7.8811690880192888E-017
          28           1   1.3143159972968122E-002
          28           2   3.9239177387010063E-002
          28           3 -0.16671514344761473     
          28           4   5.3200732237791780E-002
          28           5  0.13266038157959559     
          28           6   1.8183986639402100E-002
          28           7   2.9508890430318460E-015
          28           8   5.2875074593380426E-015
          28           9  -1.1896155565101571E-014
          28          10   2.4862051595839610E-015
          28          11   7.6775990997425680E-015
          28          12  -1.3286046955822322E-014
          28          13   4.1380911468919951E-003
          28          14   3.4191814905804989E-015
          28          15  -2.3953701972839674E-015
          28          16   9.6018742576391771E-016
          28          17  -3.6973812769568743E-015
          28          18  -2.9956965550039064E-015
          28          19   2.3514362244721058E-015
          28          20   9.0518841120082627E-016
          28          21  -2.3320972842226808E-015
          28          22  -2.6397684995361448E-015
          28          23  -5.3815034038701309E-015
          28          24   1.6720450292224357E-015
          28          25  -8.9771038698005850E-016
          28          26   5.3928189328884976E-002
          28          27   4.9244544070589098E-017
          28          28   5.3928189328884754E-002
          28          29   3.2583815541722155E-017
          28          30   7.6131083329641039E-016
          28          31   5.3928189328884372E-002
          28          32   1.0243062381544609E-002
          28          33  -1.4900514425623055E-016
          28          34   1.0243062381544266E-002
          28          35   2.6972929618327561E-017
          28          36   5.5268049986424566E-016
          28          37   1.0243062381545872E-002
          29           1  -3.2978225372516310E-016
          29           2  -5.7093761008365949E-016
          29           3   2.0664549673249244E-016
          29           4   3.7118092793653046E-016
          29           5  -7.5492491964990259E-017
          29           6  -5.9641979403833835E-017
          29           7  -9.1347663746900508E-016
          29           8  -7.5579812348014401E-016
          29           9   3.1696197934144547E-015
          29          10  -9.9996886741850688E-016
          29          11  -1.0066690081147221E-015
          29          12   3.4013744245655521E-015
          29          13  -6.6339281671437423E-018
          29          14  -4.1263585221775405E-017
          29          15  -5.3748781445185970E-017
          29          16   1.0790562573267918E-016
          29          17   4.6433287932146195E-016
          29          18   8.2775500893112737E-016
          29          19  -6.6403504191325112E-016
          29          20  -1.8028520658738735E-016
          29          21  -5.9263649077135314E-017
          29          22   3.0070640304963920E-016
          29          23   4.0490124743571588E-017
          29          24   9.6707162472139864E-017
          29          25  -2.0705186699818449E-016
          29          26   3.2583815541961396E-017
          29          27   3.6522502911269483E-029
          29          28   3.2583815541722155E-017
          29          29   4.0235136656223009E-029
          29          30   3.8616646424687437E-029
          29          31   3.2583815541945465E-017
          29          32  -1.3751375542812188E-017
          29          33  -2.5144945171662084E-029
          29          34  -1.3751375542613594E-017
          29          35   1.9588774009860130E-029
          29          36  -3.0075300104174190E-029
          29          37  -1.3751375542714764E-017
          30           1   1.0705077248521656E-015
          30           2   2.3482587551375192E-015
          30           3  -3.7188312765939876E-015
          30           4  -3.4982469870959902E-015
          30           5   8.0785108795657355E-015
          30           6   3.1420965010448015E-015
          30           7  -6.4243804688654626E-016
          30           8   7.4707718535355327E-016
          30           9   3.7721756935802457E-015
          30          10  -9.4171527057402263E-016
          30          11  -4.8812076049540425E-016
          30          12   4.0896019596407256E-015
          30          13   3.9935244342962877E-016
          30          14   1.9791809740213277E-017
          30          15   2.3325119606493976E-016
          30          16   1.1719059900430859E-016
          30          17  -6.4626453285839494E-016
          30          18  -4.0281852420832946E-015
          30          19  -5.7895159522454440E-016
          30          20  -4.9991915057094659E-017
          30          21   1.0650357797587729E-016
          30          22   3.7443054868170501E-016
          30          23  -3.9883419698972528E-017
          30          24  -4.6587514894689305E-016
          30          25  -2.1781228644117676E-016
          30          26   7.6131083329663551E-016
          30          27   9.9258867873119210E-029
          30          28   7.6131083329641039E-016
          30          29   3.8616646424687437E-029
          30          30   2.4810649680097999E-028
          30          31   7.6131083329651284E-016
          30          32   8.4142495457457419E-016
          30          33  -4.2842325813757785E-029
          30          34   8.4142495457489703E-016
          30          35   1.2240385112348732E-028
          30          36   8.0751313486352649E-029
          30          37   8.4142495457511140E-016
          31           1   1.3143159972967479E-002
          31           2   3.9239177387008731E-002
          31           3 -0.16671514344761301     
          31           4   5.3200732237793522E-002
          31           5  0.13266038157959151     
          31           6   1.8183986639400518E-002
          31           7  -1.5318232318236345E-015
          31           8   1.9950237683906981E-015
          31           9   7.4370728057170401E-015
          31          10  -8.3714953314621167E-016
          31          11   7.3913397227241284E-015
          31          12   7.1574026292695939E-015
          31          13   4.1380911468917930E-003
          31          14   3.0008478541881160E-015
          31          15  -3.2037617715958706E-015
          31          16   1.7116978442111144E-015
          31          17   2.3804718947424861E-015
          31          18   1.1083255761634393E-014
          31          19  -3.5594351480797274E-015
          31          20   2.0787483445083621E-016
          31          21  -2.6913368556180637E-015
          31          22  -7.8044796001035830E-016
          31          23  -4.6511762592873035E-015
          31          24   3.2674467835346558E-015
          31          25  -2.3326594072294906E-015
          31          26   5.3928189328884595E-002
          31          27   4.9244544070719821E-017
          31          28   5.3928189328884372E-002
          31          29   3.2583815541945465E-017
          31          30   7.6131083329651284E-016
          31          31   5.3928189328883991E-002
          31          32   1.0243062381544181E-002
          31          33  -1.4900514425641709E-016
          31          34   1.0243062381543839E-002
          31          35   2.6972929618356847E-017
          31          36   5.5268049986395852E-016
          31          37   1.0243062381545445E-002
          32           1   3.2357732882935921E-003
          32           2   1.0298841898366516E-002
          32           3  -3.4432839513255382E-002
          32           4  -1.0172013745825692E-002
          32           5   5.0956894603106172E-002
          32           6   1.5566721562932376E-002
          32           7   1.9631517071738920E-016
          32           8   5.1495434105314081E-015
          32           9  -8.3781862215391982E-015
          32          10  -8.9355357183102923E-017
          32          11   9.5795059837983251E-015
          32          12  -9.7199013867991154E-015
          32          13   2.2746616241995708E-003
          32          14   3.0359878881235147E-015
          32          15  -2.6039940372350362E-015
          32          16   1.0425119900274310E-015
          32          17   6.4372004173304076E-017
          32          18   2.5777022228889866E-015
          32          19   7.8825933783432491E-016
          32          20   1.0302627564188527E-015
          32          21  -2.0572433967896529E-015
          32          22  -2.1716743553979386E-015
          32          23  -4.4785728544744333E-015
          32          24   2.1211445622474907E-015
          32          25  -1.0522244446651074E-015
          32          26   1.0243062381544330E-002
          32          27   7.8811690880006692E-017
          32          28   1.0243062381544609E-002
          32          29  -1.3751375542812188E-017
          32          30   8.4142495457457419E-016
          32          31   1.0243062381544181E-002
          32          32   5.0784393764567570E-003
          32          33  -2.0111358231825125E-016
          32          34   5.0784393764570718E-003
          32          35   1.4311084383005813E-016
          32          36   4.2169627506465382E-016
          32          37   5.0784393764586157E-003
          33           1   4.2552971578336867E-017
          33           2  -1.3047704982729768E-017
          33           3   3.9385732955212589E-016
          33           4   6.8155122964711814E-016
          33           5  -1.8854292506245992E-015
          33           6  -7.6087122404105985E-016
          33           7   1.3520508378444794E-015
          33           8   1.6733393497470395E-015
          33           9  -1.9039846717728767E-015
          33          10   1.1991715712268890E-015
          33          11   5.9431248840523646E-016
          33          12  -2.0260673557542341E-015
          33          13  -9.5757480452076093E-017
          33          14   2.0626689208086609E-016
          33          15   3.5789850051049529E-016
          33          16  -6.8105750167937652E-017
          33          17  -3.0442329982521690E-015
          33          18  -6.0773474870978420E-015
          33          19   5.2394589584854308E-016
          33          20  -8.6513858821418176E-016
          33          21  -9.6324389808067976E-017
          33          22  -2.9947305446977198E-016
          33          23  -7.7922269834009967E-016
          33          24  -8.0540387089073817E-016
          33          25   8.4397645650345182E-017
          33          26  -1.4900514425633699E-016
          33          27   1.7326738912932997E-029
          33          28  -1.4900514425623055E-016
          33          29  -2.5144945171662084E-029
          33          30  -4.2842325813757785E-029
          33          31  -1.4900514425641709E-016
          33          32  -2.0111358231825125E-016
          33          33   6.3610068606813660E-029
          33          34  -2.0111358231839409E-016
          33          35   5.3400584483107512E-029
          33          36   3.6012295424883409E-029
          33          37  -2.0111358231838822E-016
          34           1   3.2357732882961378E-003
          34           2   1.0298841898371231E-002
          34           3  -3.4432839513258200E-002
          34           4  -1.0172013745830395E-002
          34           5   5.0956894603108649E-002
          34           6   1.5566721562933783E-002
          34           7  -2.4981988222970656E-015
          34           8   4.4920825353457441E-015
          34           9   9.8583962297943740E-015
          34          10  -2.5093010683793766E-015
          34          11   9.1373487372458471E-015
          34          12   1.0463521499487637E-014
          34          13   2.2746616241997274E-003
          34          14   2.9195152924343374E-015
          34          15  -2.7176651108796907E-015
          34          16   1.5815431894066747E-015
          34          17   1.0352787790039966E-015
          34          18   4.5395220823838040E-015
          34          19  -1.5764480405130138E-015
          34          20   6.1848046590743583E-016
          34          21  -2.1256446480482145E-015
          34          22  -4.1104232546997517E-016
          34          23  -4.2990607351390659E-015
          34          24   2.3382246292093116E-015
          34          25  -2.0573618414089829E-015
          34          26   1.0243062381543988E-002
          34          27   7.8811690880243535E-017
          34          28   1.0243062381544266E-002
          34          29  -1.3751375542613594E-017
          34          30   8.4142495457489703E-016
          34          31   1.0243062381543839E-002
          34          32   5.0784393764570718E-003
          34          33  -2.0111358231839409E-016
          34          34   5.0784393764573858E-003
          34          35   1.4311084383027675E-016
          34          36   4.2169627506453800E-016
          34          37   5.0784393764589306E-003
          35           1   3.9248093400869214E-017
          35           2   4.0710451256549190E-016
          35           3  -1.5047099074156285E-015
          35           4  -1.6965111604017903E-015
          35           5   1.1561231139570748E-015
          35           6   5.1540531620448951E-016
          35           7   1.4158873508185634E-015
          35           8   5.4010445360825505E-015
          35           9   4.1094640678249105E-015
          35          10   6.5552591078242279E-016
          35          11   4.0813859548129080E-015
          35          12   3.9625836827062748E-015
          35          13   6.6097040908664885E-017
          35          14   2.8003196319199577E-016
          35          15   7.7306448167745549E-016
          35          16   2.3339349781305387E-016
          35          17  -4.9009924618449180E-015
          35          18  -1.2833011434200559E-014
          35          19  -2.6669404754891886E-015
          35          20   2.5321741352467773E-016
          35          21   4.2775686024961215E-016
          35          22   4.2093739752500706E-016
          35          23  -5.0230485255637970E-016
          35          24  -1.5258254455351901E-015
          35          25  -4.4453798340395797E-016
          35          26   2.6972929618604968E-017
          35          27   1.4436770129584204E-028
          35          28   2.6972929618327561E-017
          35          29   1.9588774009860130E-029
          35          30   1.2240385112348732E-028
          35          31   2.6972929618356847E-017
          35          32   1.4311084383005813E-016
          35          33   5.3400584483107512E-029
          35          34   1.4311084383027675E-016
          35          35   2.5935599070530153E-028
          35          36   7.1428859092630385E-029
          35          37   1.4311084383026331E-016
          36           1   1.1799617262004039E-016
          36           2   5.5041840235456833E-016
          36           3  -2.1887215127097569E-015
          36           4  -1.3745087867184242E-015
          36           5   4.1169654930205984E-015
          36           6   1.4735629389107072E-015
          36           7   1.0635708948337800E-015
          36           8   1.0517498455128982E-015
          36           9  -2.5975738901529280E-015
          36          10   7.9294893151650659E-016
          36          11  -6.0887341203640671E-016
          36          12  -2.7524166021176755E-015
          36          13   1.9611130785455359E-016
          36          14   1.3368799434517221E-016
          36          15   3.7071153849179363E-016
          36          16  -1.2039258965916658E-016
          36          17  -2.1457265581620930E-015
          36          18  -6.5842833743861037E-015
          36          19   1.2018220378344548E-015
          36          20   1.1407858858254118E-016
          36          21   1.1953597549793731E-016
          36          22  -2.3868144153491196E-016
          36          23  -2.5561934475704999E-016
          36          24  -7.4115853619483394E-016
          36          25   2.3210080373884217E-016
          36          26   5.5268049986406590E-016
          36          27   2.8975249310687937E-029
          36          28   5.5268049986424566E-016
          36          29  -3.0075300104174190E-029
          36          30   8.0751313486352649E-029
          36          31   5.5268049986395852E-016
          36          32   4.2169627506465382E-016
          36          33   3.6012295424883409E-029
          36          34   4.2169627506453800E-016
          36          35   7.1428859092630385E-029
          36          36   1.0479877401414191E-028
          36          37   4.2169627506478620E-016
          37           1   3.2357732882954682E-003
          37           2   1.0298841898371047E-002
          37           3  -3.4432839513263182E-002
          37           4  -1.0172013745835137E-002
          37           5   5.0956894603123422E-002
          37           6   1.5566721562939388E-002
          37           7  -6.9945460435317421E-017
          37           8   4.4782218892975613E-015
          37           9   1.0594987532849464E-015
          37          10  -3.1850447560899059E-016
          37          11   7.4925429170950398E-015
          37          12   9.5214305085898943E-016
          37          13   2.2746616242004533E-003
          37          14   3.0951528116200372E-015
          37          15  -2.4770375717206778E-015
          37          16   1.2852948036719240E-015
          37          17  -1.0791677783547035E-015
          37          18   1.4784905566096259E-016
          37          19   2.6284713654876371E-016
          37          20   4.9547827432021877E-016
          37          21  -2.1624610317119960E-015
          37          22  -1.3148984800843945E-015
          37          23  -4.7823951205229823E-015
          37          24   1.8194359775572032E-015
          37          25  -1.5186150003802648E-015
          37          26   1.0243062381545594E-002
          37          27   7.8811690880192888E-017
          37          28   1.0243062381545872E-002
          37          29  -1.3751375542714764E-017
          37          30   8.4142495457511140E-016
          37          31   1.0243062381545445E-002
          37          32   5.0784393764586157E-003
          37          33  -2.0111358231838822E-016
          37          34   5.0784393764589306E-003
          37          35   1.4311084383026331E-016
          37          36   4.2169627506478620E-016
          37          37   5.0784393764604753E-003
