           1           1   2.1169459132456665     
           1           2 -0.49756223039554193     
           1           3   2.8454860511126194E-009
           1           4  -2.1221649127875087E-009
           1           5  -1.9399768575086001E-009
           2           1 -0.49756223039554193     
           2           2   2.1169459132456581     
           2           3  -1.1734023001335396E-009
           2           4   7.3658152595505821E-010
           2           5  -2.6809403817289716E-010
           3           1   2.8454860511126194E-009
           3           2  -1.1734023001335396E-009
           3           3   1.0000000000000022     
           3           4   2.9298124858719223E-016
           3           5  -3.0544516715990189E-015
           4           1  -2.1221649127875087E-009
           4           2   7.3658152595505821E-010
           4           3   2.9298124858719223E-016
           4           4  0.99999999999999833     
           4           5  -4.6098802028330660E-015
           5           1  -1.9399768575086001E-009
           5           2  -2.6809403817289716E-010
           5           3  -3.0544516715990189E-015
           5           4  -4.6098802028330660E-015
           5           5  0.99999999999999922     
