           1           1   2.3346567192100443     
           1           2 -0.92686195743198163     
           1           3   6.8238915640769686E-011
           1           4   1.4418332667073723E-009
           1           5  -9.3885045095366424E-010
           1           6  0.24769927477433615     
           1           7  -2.5079738655204729E-010
           1           8  -5.2605567817495470E-009
           1           9   3.4176905156910514E-009
           1          10   5.4736880937348145E-002
           1          11   5.2194781640658623E-010
           1          12   1.0699853621099375E-008
           1          13  -6.8918083199790454E-009
           1          14  -5.4603000172300423E-002
           1          15  -4.5789067352174410E-004
           1          16  -5.5512623845426115E-002
           1          17  -4.6513819425598232E-004
           1          18  -1.2412548442034170E-003
           1          19  -5.5546388437398564E-002
           2           1 -0.92686195743198163     
           2           2   2.5753475297806410     
           2           3  -2.1603812620187767E-010
           2           4  -4.6234496365458226E-009
           2           5   3.0251116179100731E-009
           2           6 -0.82640546844861529     
           2           7   7.9424692182301162E-010
           2           8   1.6873599163554681E-008
           2           9  -1.1015049656094236E-008
           2          10 -0.12021910905333283     
           2          11  -1.6557184146472207E-009
           2          12  -3.4355044834408464E-008
           2          13   2.2231427240214384E-008
           2          14  0.15802488474372384     
           2          15   1.4803474357213530E-003
           2          16  0.16096567169916531     
           2          17   1.5037784908011999E-003
           2          18   4.0129418830683241E-003
           2          19  0.16107483176104978     
           3           1   6.8238915640769686E-011
           3           2  -2.1603812620187767E-010
           3           3   2.1924798951508109     
           3           4   4.2481547339878745E-003
           3           5   4.3153963871867679E-003
           3           6   8.0270198013603250E-010
           3           7 -0.63365885732909166     
           3           8  -1.5332658582941187E-002
           3           9  -1.5575350645482138E-002
           3          10   5.2246407281717278E-009
           3          11  -5.3783983682133808E-002
           3          12   2.9883919552010051E-002
           3          13   3.0356935491387502E-002
           3          14  -7.3182056444872548E-009
           3          15   1.4870613901504859E-008
           3          16   3.0857101627377589E-008
           3          17  -8.0200434930547176E-009
           3          18   6.2582190521783760E-009
           3          19  -3.3954556669545127E-008
           4           1   1.4418332667073723E-009
           4           2  -4.6234496365458226E-009
           4           3   4.2481547339878745E-003
           4           4   2.2022245549977724     
           4           5   1.1516012177281681E-002
           4           6   1.5743698911333973E-008
           4           7  -1.5332658628561611E-002
           4           8 -0.66882978488517941     
           4           9  -4.1564183433193999E-002
           4          10   4.4985274048582730E-008
           4          11   2.9883920040505597E-002
           4          12   1.4765457538466639E-002
           4          13   8.1010132258738390E-002
           4          14  -5.8801666403532199E-008
           4          15   3.0034472033085598E-008
           4          16   5.9765190371836989E-008
           4          17  -1.1101847291310039E-008
           4          18   2.2922337881313773E-008
           4          19  -1.2150437677848844E-007
           5           1  -9.3885045095366424E-010
           5           2   3.0251116179100731E-009
           5           3   4.3153963871867679E-003
           5           4   1.1516012177281681E-002
           5           5   2.2025862757162789     
           5           6  -9.9664852089393364E-009
           5           7  -1.5575350749423369E-002
           5           8  -4.1564183596934673E-002
           5           9 -0.67013532621068506     
           5          10  -1.3621618097072158E-008
           5          11   3.0356936606517858E-002
           5          12   8.1010134015395668E-002
           5          13   1.7310007904204342E-002
           5          14   1.2206140222910258E-008
           5          15   2.4092770191984841E-008
           5          16   1.1174952184168988E-007
           5          17  -1.7194091550888938E-008
           5          18   1.3981523860282424E-008
           5          19  -6.9281820321670986E-008
           6           1  0.24769927477433615     
           6           2 -0.82640546844861529     
           6           3   8.0270198013603250E-010
           6           4   1.5743698911333973E-008
           6           5  -9.9664852089393364E-009
           6           6   2.5783989127903668     
           6           7  -2.9407368401501051E-009
           6           8  -5.7363550742029137E-008
           6           9   3.6232468703095282E-008
           6          10  -6.0044180983977735E-003
           6          11   6.0702566139581863E-009
           6          12   1.1601876378146430E-007
           6          13  -7.2654034658214613E-008
           6          14 -0.38746890310968313     
           6          15  -3.9911778501677368E-003
           6          16 -0.39539759931848106     
           6          17  -4.0543499034076218E-003
           6          18  -1.0819308836325627E-002
           6          19 -0.39569190499015627     
           7           1  -2.5079738655204729E-010
           7           2   7.9424692182301162E-010
           7           3 -0.63365885732909166     
           7           4  -1.5332658628561611E-002
           7           5  -1.5575350749423369E-002
           7           6  -2.9407368401501051E-009
           7           7   2.0959668771831286     
           7           8   5.5337963505522544E-002
           7           9   5.6213877433406334E-002
           7          10  -1.8809687665279291E-008
           7          11   9.5923658045761279E-002
           7          12 -0.10784449871062467     
           7          13 -0.10955150990154026     
           7          14   2.6791373559254067E-008
           7          15  -5.0612804756789483E-008
           7          16  -1.1217543713440311E-007
           7          17   2.7303289449125376E-008
           7          18  -2.2739643017952512E-008
           7          19   1.2306404297357574E-007
           8           1  -5.2605567817495470E-009
           8           2   1.6873599163554681E-008
           8           3  -1.5332658582941187E-002
           8           4 -0.66882978488517941     
           8           5  -4.1564183596934673E-002
           8           6  -5.7363550742029137E-008
           8           7   5.5337963505522544E-002
           8           8   2.2229042567496426     
           8           9  0.15001164044114507     
           8          10  -1.5942430642710187E-007
           8          11 -0.10784450015410214     
           8          12 -0.15145621121403174     
           8          13 -0.29234776550080738     
           8          14   2.0986526665753195E-007
           8          15  -1.0882655853879658E-007
           8          16  -2.1466754427229006E-007
           8          17   4.0202316690333665E-008
           8          18  -8.5091114995851932E-008
           8          19   4.3745825463662543E-007
           9           1   3.4176905156910514E-009
           9           2  -1.1015049656094236E-008
           9           3  -1.5575350645482138E-002
           9           4  -4.1564183433193999E-002
           9           5 -0.67013532621068506     
           9           6   3.6232468703095282E-008
           9           7   5.6213877433406334E-002
           9           8  0.15001164044114507     
           9           9   2.2276161606855327     
           9          10   4.6760490912777190E-008
           9          11 -0.10955151319864150     
           9          12 -0.29234777069462664     
           9          13 -0.16063893643702581     
           9          14  -4.2026570376245019E-008
           9          15  -8.7346928886552697E-008
           9          16  -4.0313642988901943E-007
           9          17   6.2631316015186885E-008
           9          18  -4.7420463128294213E-008
           9          19   2.5045295328048378E-007
          10           1   5.4736880937348145E-002
          10           2 -0.12021910905333283     
          10           3   5.2246407281717278E-009
          10           4   4.4985274048582730E-008
          10           5  -1.3621618097072158E-008
          10           6  -6.0044180983977735E-003
          10           7  -1.8809687665279291E-008
          10           8  -1.5942430642710187E-007
          10           9   4.6760490912777190E-008
          10          10  0.30566575508024119     
          10          11   3.6288365472909037E-008
          10          12   2.8782094344428156E-007
          10          13  -7.2499246653969520E-008
          10          14 -0.44114278437387666     
          10          15   1.9410828038276901E-002
          10          16 -0.40258270867452095     
          10          17   1.9718094059716178E-002
          10          18   5.2619843592435087E-002
          10          19 -0.40115126880355562     
          11           1   5.2194781640658623E-010
          11           2  -1.6557184146472207E-009
          11           3  -5.3783983682133808E-002
          11           4   2.9883920040505597E-002
          11           5   3.0356936606517858E-002
          11           6   6.0702566139581863E-009
          11           7   9.5923658045761279E-002
          11           8 -0.10784450015410214     
          11           9 -0.10955151319864150     
          11          10   3.6288365472909037E-008
          11          11   8.7964279186456815E-002
          11          12  0.21008439601190301     
          11          13  0.21340971076952370     
          11          14  -5.5405234073005909E-008
          11          15   7.0581358317382216E-008
          11          16   2.2438529864128044E-007
          11          17  -3.8145081900881410E-008
          11          18   4.5404521450502094E-008
          11          19  -2.4309548993363301E-007
          12           1   1.0699853621099375E-008
          12           2  -3.4355044834408464E-008
          12           3   2.9883919552010051E-002
          12           4   1.4765457538466639E-002
          12           5   8.1010134015395668E-002
          12           6   1.1601876378146430E-007
          12           7 -0.10784449871062467     
          12           8 -0.15145621121403174     
          12           9 -0.29234777069462664     
          12          10   2.8782094344428156E-007
          12          11  0.21008439601190301     
          12          12  0.56986786000396983     
          12          13  0.56950242286679043     
          12          14  -3.8811602191106274E-007
          12          15   2.1470087251675831E-007
          12          16   4.0384389474359618E-007
          12          17  -7.8975464354557622E-008
          12          18   1.8624721388785410E-007
          12          19  -8.4023656941080061E-007
          13           1  -6.8918083199790454E-009
          13           2   2.2231427240214384E-008
          13           3   3.0356935491387502E-002
          13           4   8.1010132258738390E-002
          13           5   1.7310007904204342E-002
          13           6  -7.2654034658214613E-008
          13           7 -0.10955150990154026     
          13           8 -0.29234776550080738     
          13           9 -0.16063893643702581     
          13          10  -7.2499246653969520E-008
          13          11  0.21340971076952370     
          13          12  0.56950242286679043     
          13          13  0.58775610495392461     
          13          14   6.5192583915100134E-008
          13          15   1.7260129919449726E-007
          13          16   7.8090372693298294E-007
          13          17  -1.2656095906086512E-007
          13          18   6.4269042431658139E-008
          13          19  -4.8692248771344218E-007
          14           1  -5.4603000172300423E-002
          14           2  0.15802488474372384     
          14           3  -7.3182056444872548E-009
          14           4  -5.8801666403532199E-008
          14           5   1.2206140222910258E-008
          14           6 -0.38746890310968313     
          14           7   2.6791373559254067E-008
          14           8   2.0986526665753195E-007
          14           9  -4.2026570376245019E-008
          14          10 -0.44114278437387666     
          14          11  -5.5405234073005909E-008
          14          12  -3.8811602191106274E-007
          14          13   6.5192583915100134E-008
          14          14  0.78148458253856967     
          14          15  -1.2713441777088798E-002
          14          16  0.75622911514307545     
          14          17  -1.2914694654338251E-002
          14          18  -3.4464354470484716E-002
          14          19  0.75529155891216671     
          15           1  -4.5789067352174410E-004
          15           2   1.4803474357213530E-003
          15           3   1.4870613901504859E-008
          15           4   3.0034472033085598E-008
          15           5   2.4092770191984841E-008
          15           6  -3.9911778501677368E-003
          15           7  -5.0612804756789483E-008
          15           8  -1.0882655853879658E-007
          15           9  -8.7346928886552697E-008
          15          10   1.9410828038276901E-002
          15          11   7.0581358317382216E-008
          15          12   2.1470087251675831E-007
          15          13   1.7260129919449726E-007
          15          14  -1.2713441777088798E-002
          15          15   4.3737257418603927E-003
          15          16  -4.0249160812360768E-003
          15          17   4.4429595553126706E-003
          15          18   1.1856495177370276E-002
          15          19  -3.7023799300483773E-003
          16           1  -5.5512623845426115E-002
          16           2  0.16096567169916531     
          16           3   3.0857101627377589E-008
          16           4   5.9765190371836989E-008
          16           5   1.1174952184168988E-007
          16           6 -0.39539759931848106     
          16           7  -1.1217543713440311E-007
          16           8  -2.1466754427229006E-007
          16           9  -4.0313642988901943E-007
          16          10 -0.40258270867452095     
          16          11   2.2438529864128044E-007
          16          12   4.0384389474359618E-007
          16          13   7.8090372693298294E-007
          16          14  0.75622911514307545     
          16          15  -4.0249160812360768E-003
          16          16  0.74823364145183713     
          16          17  -4.0886340964816810E-003
          16          18  -1.0911102828729091E-002
          16          19  0.74793681209755758     
          17           1  -4.6513819425598232E-004
          17           2   1.5037784908011999E-003
          17           3  -8.0200434930547176E-009
          17           4  -1.1101847291310039E-008
          17           5  -1.7194091550888938E-008
          17           6  -4.0543499034076218E-003
          17           7   2.7303289449125376E-008
          17           8   4.0202316690333665E-008
          17           9   6.2631316015186885E-008
          17          10   1.9718094059716178E-002
          17          11  -3.8145081900881410E-008
          17          12  -7.8975464354557622E-008
          17          13  -1.2656095906086512E-007
          17          14  -1.2914694654338251E-002
          17          15   4.4429595553126706E-003
          17          16  -4.0886340964816810E-003
          17          17   4.5132893043351337E-003
          17          18   1.2044177356062452E-002
          17          19  -3.7609923643860364E-003
          18           1  -1.2412548442034170E-003
          18           2   4.0129418830683241E-003
          18           3   6.2582190521783760E-009
          18           4   2.2922337881313773E-008
          18           5   1.3981523860282424E-008
          18           6  -1.0819308836325627E-002
          18           7  -2.2739643017952512E-008
          18           8  -8.5091114995851932E-008
          18           9  -4.7420463128294213E-008
          18          10   5.2619843592435087E-002
          18          11   4.5404521450502094E-008
          18          12   1.8624721388785410E-007
          18          13   6.4269042431658139E-008
          18          14  -3.4464354470484716E-002
          18          15   1.1856495177370276E-002
          18          16  -1.0911102828729091E-002
          18          17   1.2044177356062452E-002
          18          18   3.2141127768251419E-002
          18          19  -1.0036757121955883E-002
          19           1  -5.5546388437398564E-002
          19           2  0.16107483176104978     
          19           3  -3.3954556669545127E-008
          19           4  -1.2150437677848844E-007
          19           5  -6.9281820321670986E-008
          19           6 -0.39569190499015627     
          19           7   1.2306404297357574E-007
          19           8   4.3745825463662543E-007
          19           9   2.5045295328048378E-007
          19          10 -0.40115126880355562     
          19          11  -2.4309548993363301E-007
          19          12  -8.4023656941080061E-007
          19          13  -4.8692248771344218E-007
          19          14  0.75529155891216671     
          19          15  -3.7023799300483773E-003
          19          16  0.74793681209755758     
          19          17  -3.7609923643860364E-003
          19          18  -1.0036757121955883E-002
          19          19  0.74766376786090205     
