           1           1  0.64031087509780260     
           1           2  0.57398171796908470     
           1           3  -7.1779300584152440E-016
           1           4   6.9574835358412718E-015
           1           5  -1.6292664757127603E-015
           1           6 -0.15440394044383610     
           1           7  -2.7076749840982456E-015
           1           8  -1.3173827540895595E-015
           1           9   1.2704268076670290E-014
           1          10 -0.12294470123527432     
           1          11  -8.0217831600866621E-016
           1          12   3.0586617802098973E-015
           1          13  -4.1484134601002406E-015
           1          14  -4.6135849750635321E-004
           1          15  -4.2312008990175870E-005
           1          16  -4.7141123580263721E-004
           1          17   9.1410343181150809E-006
           1          18  -7.9727524349240708E-006
           1          19  -5.0187960622303574E-004
           2           1  0.57398171796908470     
           2           2  0.53524006055976736     
           2           3  -1.7165249887179314E-015
           2           4   5.2781778105359179E-015
           2           5   2.0085184248179404E-016
           2           6 -0.26451527941341058     
           2           7  -3.4778991638013070E-015
           2           8  -3.1865903663673408E-015
           2           9   1.5571239941791810E-014
           2          10 -0.20682730081727194     
           2          11  -2.1392167982006697E-015
           2          12   2.4411631022055437E-015
           2          13  -3.3746758616022978E-015
           2          14  -6.2008819358375957E-004
           2          15   1.8971327050113776E-004
           2          16  -5.7501498814664718E-004
           2          17  -4.0985421998020514E-005
           2          18   3.5747226894964983E-005
           2          19  -4.3840473545148388E-004
           3           1  -7.1779300584152440E-016
           3           2  -1.7165249887179314E-015
           3           3  0.15209124261495779     
           3           4  -4.2821077904761320E-002
           3           5   9.2510130643421087E-003
           3           6   6.5628845965281512E-015
           3           7  0.23149286145013453     
           3           8  -6.1578176287176947E-002
           3           9   1.3303273555561958E-002
           3          10   6.5490288849615880E-015
           3          11  0.20892568818176205     
           3          12  -7.2536509834752613E-002
           3          13   1.5670698472737891E-002
           3          14  -2.4088208633967094E-015
           3          15  -5.6637005934605951E-014
           3          16  -1.1309611551356383E-015
           3          17   2.4530124569524685E-014
           3          18   2.0294465697037252E-014
           3          19   8.4212812045806104E-016
           4           1   6.9574835358412718E-015
           4           2   5.2781778105359179E-015
           4           3  -4.2821077904761320E-002
           4           4  0.14034368194505242     
           4           5  -8.0686753006772426E-003
           4           6   3.6887895746693267E-015
           4           7  -6.1578176287176434E-002
           4           8  0.21459946695210985     
           4           9  -1.1603031366333703E-002
           4          10   3.2147502761041264E-015
           4          11  -7.2536509834754070E-002
           4          12  0.18902597776433350     
           4          13  -1.3667884461077535E-002
           4          14  -2.1336692762831583E-015
           4          15   1.5969858602260428E-014
           4          16   2.8533709901460397E-015
           4          17  -2.9789848352908961E-014
           4          18   2.6037014266382891E-014
           4          19  -1.0160211565477249E-015
           5           1  -1.6292664757127603E-015
           5           2   2.0085184248179404E-016
           5           3   9.2510130643421087E-003
           5           4  -8.0686753006772426E-003
           5           5  0.10473855432740482     
           5           6  -8.4015885845398365E-015
           5           7   1.3303273555561356E-002
           5           8  -1.1603031366333330E-002
           5           9  0.16339807426313119     
           5          10  -1.0882968337541009E-014
           5          11   1.5670698472735670E-002
           5          12  -1.3667884461074059E-002
           5          13  0.12871288393354796     
           5          14   5.3435449786165197E-016
           5          15   5.2221142737672100E-014
           5          16   1.1300682520704551E-015
           5          17  -4.1806816831646808E-015
           5          18   5.2554298419718725E-015
           5          19  -1.4484805745681248E-015
           6           1 -0.15440394044383610     
           6           2 -0.26451527941341058     
           6           3   6.5628845965281512E-015
           6           4   3.6887895746693267E-015
           6           5  -8.4015885845398365E-015
           6           6  0.80552663930886137     
           6           7   6.7782915827726998E-015
           6           8   1.1825533739440184E-014
           6           9  -2.6647248990897554E-014
           6          10  0.61604905456134162     
           6          11   5.9172922307891685E-015
           6          12   2.1853642716878528E-015
           6          13   5.5394522643437664E-016
           6          14   1.1953544651597224E-003
           6          15  -7.9053660459843696E-004
           6          16   1.0075340841606557E-003
           6          17   1.7078655686355877E-004
           6          18  -1.4895895876850342E-004
           6          19   4.3827814902215340E-004
           7           1  -2.7076749840982456E-015
           7           2  -3.4778991638013070E-015
           7           3  0.23149286145013453     
           7           4  -6.1578176287176434E-002
           7           5   1.3303273555561356E-002
           7           6   6.7782915827726998E-015
           7           7  0.35248360514932320     
           7           8  -8.8223868589576662E-002
           7           9   1.9059776186023985E-002
           7          10   7.6163291794494980E-015
           7          11  0.31741495235362327     
           7          12 -0.10550262128821314     
           7          13   2.2792656691885245E-002
           7          14  -3.7432517130555895E-015
           7          15  -8.6503333706261650E-014
           7          16  -1.6561558891379086E-015
           7          17   3.6761023515776708E-014
           7          18   3.1702850661632230E-014
           7          19   1.2517128867916036E-015
           8           1  -1.3173827540895595E-015
           8           2  -3.1865903663673408E-015
           8           3  -6.1578176287176947E-002
           8           4  0.21459946695210985     
           8           5  -1.1603031366333330E-002
           8           6   1.1825533739440184E-014
           8           7  -8.8223868589576662E-002
           8           8  0.32828021514837441     
           8           9  -1.6623816686780826E-002
           8          10   9.7579078620292709E-015
           8          11 -0.10550262128821598     
           8          12  0.28847129878250410     
           8          13  -1.9879611541736661E-002
           8          14  -3.3378407208095603E-015
           8          15   2.3220795935370446E-014
           8          16   4.3714740049177692E-015
           8          17  -4.5174888847511933E-014
           8          18   4.0671232182636879E-014
           8          19  -1.5262262446593965E-015
           9           1   1.2704268076670290E-014
           9           2   1.5571239941791810E-014
           9           3   1.3303273555561958E-002
           9           4  -1.1603031366333703E-002
           9           5  0.16339807426313119     
           9           6  -2.6647248990897554E-014
           9           7   1.9059776186023985E-002
           9           8  -1.6623816686780826E-002
           9           9  0.25492330183009720     
           9          10  -2.6880168555637091E-014
           9          11   2.2792656691882827E-002
           9          12  -1.9879611541731967E-002
           9          13  0.20074734416094550     
           9          14   8.5749043279794426E-016
           9          15   8.1809341663140110E-014
           9          16   1.7724723626981096E-015
           9          17  -6.7945478615469613E-015
           9          18   8.1837449597974243E-015
           9          19  -2.3875784965923756E-015
          10           1 -0.12294470123527432     
          10           2 -0.20682730081727194     
          10           3   6.5490288849615880E-015
          10           4   3.2147502761041264E-015
          10           5  -1.0882968337541009E-014
          10           6  0.61604905456134162     
          10           7   7.6163291794494980E-015
          10           8   9.7579078620292709E-015
          10           9  -2.6880168555637091E-014
          10          10  0.47911549780263613     
          10          11   1.6384678551530293E-014
          10          12  -3.9463451044237931E-015
          10          13  -5.1117555720863139E-015
          10          14   1.5054629384095182E-003
          10          15  -2.6882878791886318E-003
          10          16   8.6676354020392575E-004
          10          17   5.8077441081916129E-004
          10          18  -5.0654778148991899E-004
          10          19  -1.0690403446592554E-003
          11           1  -8.0217831600866621E-016
          11           2  -2.1392167982006697E-015
          11           3  0.20892568818176205     
          11           4  -7.2536509834754070E-002
          11           5   1.5670698472735670E-002
          11           6   5.9172922307891685E-015
          11           7  0.31741495235362327     
          11           8 -0.10550262128821598     
          11           9   2.2792656691882827E-002
          11          10   1.6384678551530293E-014
          11          11  0.28959913895564054     
          11          12 -0.11865564957304192     
          11          13   2.5634220763886700E-002
          11          14  -2.2709081165538402E-015
          11          15  -7.9369589984879460E-014
          11          16  -1.6755340306421993E-015
          11          17   3.6404390060730949E-014
          11          18   2.4374144629150338E-014
          11          19  -4.5757658076616218E-016
          12           1   3.0586617802098973E-015
          12           2   2.4411631022055437E-015
          12           3  -7.2536509834752613E-002
          12           4  0.18902597776433350     
          12           5  -1.3667884461074059E-002
          12           6   2.1853642716878528E-015
          12           7 -0.10550262128821314     
          12           8  0.28847129878250410     
          12           9  -1.9879611541731967E-002
          12          10  -3.9463451044237931E-015
          12          11 -0.11865564957304192     
          12          12  0.25704707557025713     
          12          13  -2.2358005819591461E-002
          12          14  -3.0024319901422196E-015
          12          15   2.7740240329484252E-014
          12          16   3.7697122247377036E-015
          12          17  -4.1857618541848497E-014
          12          18   3.2020010422852054E-014
          12          19  -3.9712173997301742E-016
          13           1  -4.1484134601002406E-015
          13           2  -3.3746758616022978E-015
          13           3   1.5670698472737891E-002
          13           4  -1.3667884461077535E-002
          13           5  0.12871288393354796     
          13           6   5.5394522643437664E-016
          13           7   2.2792656691885245E-002
          13           8  -1.9879611541736661E-002
          13           9  0.20074734416094550     
          13          10  -5.1117555720863139E-015
          13          11   2.5634220763886700E-002
          13          12  -2.2358005819591461E-002
          13          13  0.15838656181580255     
          13          14   6.5160912642437998E-016
          13          15   6.2347674470250054E-014
          13          16   1.3180922674859800E-015
          13          17  -3.9988522802873586E-015
          13          18   6.4364297474848712E-015
          13          19  -1.6883551286510230E-015
          14           1  -4.6135849750635321E-004
          14           2  -6.2008819358375957E-004
          14           3  -2.4088208633967094E-015
          14           4  -2.1336692762831583E-015
          14           5   5.3435449786165197E-016
          14           6   1.1953544651597224E-003
          14           7  -3.7432517130555895E-015
          14           8  -3.3378407208095603E-015
          14           9   8.5749043279794426E-016
          14          10   1.5054629384095182E-003
          14          11  -2.2709081165538402E-015
          14          12  -3.0024319901422196E-015
          14          13   6.5160912642437998E-016
          14          14   4.7711924251784079E-005
          14          15  -1.5533254897822816E-004
          14          16   1.0807094855609167E-005
          14          17   3.3557853053385367E-005
          14          18  -2.9268947972859104E-005
          14          19  -1.0104601212374906E-004
          15           1  -4.2312008990175870E-005
          15           2   1.8971327050113776E-004
          15           3  -5.6637005934605951E-014
          15           4   1.5969858602260428E-014
          15           5   5.2221142737672100E-014
          15           6  -7.9053660459843696E-004
          15           7  -8.6503333706261650E-014
          15           8   2.3220795935370446E-014
          15           9   8.1809341663140110E-014
          15          10  -2.6882878791886318E-003
          15          11  -7.9369589984879460E-014
          15          12   2.7740240329484252E-014
          15          13   6.2347674470250054E-014
          15          14  -1.5533254897822816E-004
          15          15   5.4894811562025355E-004
          15          16  -2.4910195855600832E-005
          15          17  -1.1859407650919164E-004
          15          18   1.0343700622626517E-004
          15          19   3.7038076348523230E-004
          16           1  -4.7141123580263721E-004
          16           2  -5.7501498814664718E-004
          16           3  -1.1309611551356383E-015
          16           4   2.8533709901460397E-015
          16           5   1.1300682520704551E-015
          16           6   1.0075340841606557E-003
          16           7  -1.6561558891379086E-015
          16           8   4.3714740049177692E-015
          16           9   1.7724723626981096E-015
          16          10   8.6676354020392575E-004
          16          11  -1.6755340306421993E-015
          16          12   3.7697122247377036E-015
          16          13   1.3180922674859800E-015
          16          14   1.0807094855609167E-005
          16          15  -2.4910195855600832E-005
          16          16   4.8887826001731277E-006
          16          17   5.3815681102132253E-006
          16          18  -4.6937697945962792E-006
          16          19  -1.3048750906306361E-005
          17           1   9.1410343181150809E-006
          17           2  -4.0985421998020514E-005
          17           3   2.4530124569524685E-014
          17           4  -2.9789848352908961E-014
          17           5  -4.1806816831646808E-015
          17           6   1.7078655686355877E-004
          17           7   3.6761023515776708E-014
          17           8  -4.5174888847511933E-014
          17           9  -6.7945478615469613E-015
          17          10   5.8077441081916129E-004
          17          11   3.6404390060730949E-014
          17          12  -4.1857618541848497E-014
          17          13  -3.9988522802873586E-015
          17          14   3.3557853053385367E-005
          17          15  -1.1859407650919164E-004
          17          16   5.3815681102132253E-006
          17          17   2.5620918594786559E-005
          17          18  -2.2346403751507528E-005
          17          19  -8.0016605126049720E-005
          18           1  -7.9727524349240708E-006
          18           2   3.5747226894964983E-005
          18           3   2.0294465697037252E-014
          18           4   2.6037014266382891E-014
          18           5   5.2554298419718725E-015
          18           6  -1.4895895876850342E-004
          18           7   3.1702850661632230E-014
          18           8   4.0671232182636879E-014
          18           9   8.1837449597974243E-015
          18          10  -5.0654778148991899E-004
          18          11   2.4374144629150338E-014
          18          12   3.2020010422852054E-014
          18          13   6.4364297474848712E-015
          18          14  -2.9268947972859104E-005
          18          15   1.0343700622626517E-004
          18          16  -4.6937697945962792E-006
          18          17  -2.2346403751507528E-005
          18          18   1.9490392539126276E-005
          18          19   6.9789978776660367E-005
          19           1  -5.0187960622303574E-004
          19           2  -4.3840473545148388E-004
          19           3   8.4212812045806104E-016
          19           4  -1.0160211565477249E-015
          19           5  -1.4484805745681248E-015
          19           6   4.3827814902215340E-004
          19           7   1.2517128867916036E-015
          19           8  -1.5262262446593965E-015
          19           9  -2.3875784965923756E-015
          19          10  -1.0690403446592554E-003
          19          11  -4.5757658076616218E-016
          19          12  -3.9712173997301742E-016
          19          13  -1.6883551286510230E-015
          19          14  -1.0104601212374906E-004
          19          15   3.7038076348523230E-004
          19          16  -1.3048750906306361E-005
          19          17  -8.0016605126049720E-005
          19          18   6.9789978776660367E-005
          19          19   2.5365799815305290E-004
