           1           1   2.0807894347089313     
           1           2 -0.16420184094899690     
           1           3 -0.27122458076742528     
           1           4  -2.1189687921631967E-013
           1           5  -6.4728881280311624E-013
           1           6   5.2280541992816636E-013
           1           7   3.4780935936082741E-013
           1           8  -7.2834064833708391E-013
           1           9  -2.5426550736092842E-013
           1          10   1.0679644161180224E-003
           1          11  -2.2691589881932523E-004
           1          12   1.1993004829310319E-003
           1          13  -1.8653131657881935E-004
           1          14  -1.3433839427863005E-004
           1          15   1.2451938358908881E-003
           2           1 -0.16420184094899690     
           2           2  0.42770758296061467     
           2           3  0.55034877954202943     
           2           4   5.2183840351560639E-012
           2           5  -9.3414361432158819E-013
           2           6  -7.3118695784848014E-012
           2           7   2.4497366903263006E-012
           2           8   3.3876435049387484E-013
           2           9  -3.6279964302561046E-012
           2          10   6.1130934196489978E-003
           2          11  -1.6878105198930293E-003
           2          12   7.0899768975249515E-003
           2          13  -1.3874281933730203E-003
           2          14  -9.9921490008750540E-004
           2          15   7.4313336642070219E-003
           3           1 -0.27122458076742528     
           3           2  0.55034877954202943     
           3           3  0.72199001767170079     
           3           4  -5.5168640630190214E-012
           3           5   4.3627280982045379E-012
           3           6   6.5335854721197168E-012
           3           7  -4.6707491188905292E-012
           3           8   3.8644104956193920E-012
           3           9   5.3791636979313784E-012
           3          10   8.6785732836135165E-003
           3          11   4.2478610090473240E-004
           3          12   8.4327124195028788E-003
           3          13   3.4918624959461540E-004
           3          14   2.5148121168130748E-004
           3          15   8.3468001434002514E-003
           4           1  -2.1189687921631967E-013
           4           2   5.2183840351560639E-012
           4           3  -5.5168640630190214E-012
           4           4  0.22122264140182593     
           4           5 -0.18330611520976670     
           4           6 -0.15068283434899596     
           4           7  0.14724793019209803     
           4           8 -0.12201032343235853     
           4           9 -0.10029595242162362     
           4          10   4.4399391800727577E-014
           4          11  -1.7602425105519001E-013
           4          12   2.8397762884969904E-013
           4          13   4.5698410119087117E-013
           4          14   1.2025165252637255E-013
           4          15   1.8298980064955713E-013
           5           1  -6.4728881280311624E-013
           5           2  -9.3414361432158819E-013
           5           3   4.3627280982045379E-012
           5           4 -0.18330611520976670     
           5           5  0.34373090870077877     
           5           6 -0.10852059594027023     
           5           7 -0.12201032341190349     
           5           8  0.22879061843512094     
           5           9  -7.2232359153358988E-002
           5          10  -5.1186235554766227E-014
           5          11   2.2865432922387604E-013
           5          12  -6.0107525172306769E-013
           5          13  -3.6717247944416638E-013
           5          14   4.5809703525087213E-013
           5          15   3.8531315123670802E-013
           6           1   5.2280541992816636E-013
           6           2  -7.3118695784848014E-012
           6           3   6.5335854721197168E-012
           6           4 -0.15068283434899596     
           6           5 -0.10852059594027023     
           6           6  0.38653952183956097     
           6           7 -0.10029595240602421     
           6           8  -7.2232359174344382E-002
           6           9  0.25728444622402769     
           6          10   1.4338049016546012E-013
           6          11   4.5405547122469240E-013
           6          12   1.5593569203641928E-013
           6          13   3.2245757619548549E-014
           6          14  -5.0293786623487572E-013
           6          15  -9.6138125626664197E-013
           7           1   3.4780935936082741E-013
           7           2   2.4497366903263006E-012
           7           3  -4.6707491188905292E-012
           7           4  0.14724793019209803     
           7           5 -0.12201032341190349     
           7           6 -0.10029595240602421     
           7           7   9.8009646790511634E-002
           7           8  -8.1211251487914596E-002
           7           9  -6.6757956299771840E-002
           7          10   3.8971238081720841E-014
           7          11  -4.4307600534470087E-014
           7          12   1.5626878453552964E-013
           7          13   3.6406261194590578E-013
           7          14   1.2317266492862029E-013
           7          15   7.4315340570206559E-014
           8           1  -7.2834064833708391E-013
           8           2   3.3876435049387484E-013
           8           3   3.8644104956193920E-012
           8           4 -0.12201032343235853     
           8           5  0.22879061843512094     
           8           6  -7.2232359174344382E-002
           8           7  -8.1211251487914596E-002
           8           8  0.15228524918453601     
           8           9  -4.8078557486427656E-002
           8          10  -4.0555923043471999E-014
           8          11   8.9826657986875554E-014
           8          12  -3.7046963099877259E-013
           8          13  -2.9566171963660903E-013
           8          14   2.6799088876931820E-013
           8          15   2.9869383024707431E-013
           9           1  -2.5426550736092842E-013
           9           2  -3.6279964302561046E-012
           9           3   5.3791636979313784E-012
           9           4 -0.10029595242162362     
           9           5  -7.2232359153358988E-002
           9           6  0.25728444622402769     
           9           7  -6.6757956299771840E-002
           9           8  -4.8078557486427656E-002
           9           9  0.17125101711146609     
           9          10   7.0725423331655820E-014
           9          11   1.7581056676409385E-013
           9          12   1.5224862722119032E-013
           9          13  -8.2452110597825884E-014
           9          14  -4.0959922295366321E-013
           9          15  -5.6588150429871554E-013
          10           1   1.0679644161180224E-003
          10           2   6.1130934196489978E-003
          10           3   8.6785732836135165E-003
          10           4   4.4399391800727577E-014
          10           5  -5.1186235554766227E-014
          10           6   1.4338049016546012E-013
          10           7   3.8971238081720841E-014
          10           8  -4.0555923043471999E-014
          10           9   7.0725423331655820E-014
          10          10   1.6562188970878437E-004
          10          11   1.6725402518254321E-004
          10          12   6.8817364525771617E-005
          10          13   1.3748756048977392E-004
          10          14   9.9017463483172066E-005
          10          15   3.4990524929173136E-005
          11           1  -2.2691589881932523E-004
          11           2  -1.6878105198930293E-003
          11           3   4.2478610090473240E-004
          11           4  -1.7602425105519001E-013
          11           5   2.2865432922387604E-013
          11           6   4.5405547122469240E-013
          11           7  -4.4307600534470087E-014
          11           8   8.9826657986875554E-014
          11           9   1.7581056676409385E-013
          11          10   1.6725402518254321E-004
          11          11   5.5663074697270918E-004
          11          12  -1.5491684639298440E-004
          11          13   4.5756628797644663E-004
          11          14   3.2953565387465786E-004
          11          15  -2.6749445916708777E-004
          12           1   1.1993004829310319E-003
          12           2   7.0899768975249515E-003
          12           3   8.4327124195028788E-003
          12           4   2.8397762884969904E-013
          12           5  -6.0107525172306769E-013
          12           6   1.5593569203641928E-013
          12           7   1.5626878453552964E-013
          12           8  -3.7046963099877259E-013
          12           9   1.5224862722119032E-013
          12          10   6.8817364525771617E-005
          12          11  -1.5491684639298440E-004
          12          12   1.5848128553663031E-004
          12          13  -1.2734604886917547E-004
          12          14  -9.1713626025282795E-005
          12          15   1.8981295151051795E-004
          13           1  -1.8653131657881935E-004
          13           2  -1.3874281933730203E-003
          13           3   3.4918624959461540E-004
          13           4   4.5698410119087117E-013
          13           5  -3.6717247944416638E-013
          13           6   3.2245757619548549E-014
          13           7   3.6406261194590578E-013
          13           8  -2.9566171963660903E-013
          13           9  -8.2452110597825884E-014
          13          10   1.3748756048977392E-004
          13          11   4.5756628797644663E-004
          13          12  -1.2734604886917547E-004
          13          13   3.7613248824504736E-004
          13          14   2.7088766964342891E-004
          13          15  -2.1988804491673085E-004
          14           1  -1.3433839427863005E-004
          14           2  -9.9921490008750540E-004
          14           3   2.5148121168130748E-004
          14           4   1.2025165252637255E-013
          14           5   4.5809703525087213E-013
          14           6  -5.0293786623487572E-013
          14           7   1.2317266492862029E-013
          14           8   2.6799088876931820E-013
          14           9  -4.0959922295366321E-013
          14          10   9.9017463483172066E-005
          14          11   3.2953565387465786E-004
          14          12  -9.1713626025282795E-005
          14          13   2.7088766964342891E-004
          14          14   1.9509117626935989E-004
          14          15  -1.5836164616956180E-004
          15           1   1.2451938358908881E-003
          15           2   7.4313336642070219E-003
          15           3   8.3468001434002514E-003
          15           4   1.8298980064955713E-013
          15           5   3.8531315123670802E-013
          15           6  -9.6138125626664197E-013
          15           7   7.4315340570206559E-014
          15           8   2.9869383024707431E-013
          15           9  -5.6588150429871554E-013
          15          10   3.4990524929173136E-005
          15          11  -2.6749445916708777E-004
          15          12   1.8981295151051795E-004
          15          13  -2.1988804491673085E-004
          15          14  -1.5836164616956180E-004
          15          15   2.4391324635883129E-004
