           1           1   1.9900938788149372     
           1           2  -1.4011464873236517E-002
           1           3 -0.12826392926070951     
           1           4   1.1457438292402346E-002
           1           5   4.2646643759160167E-003
           1           6   8.2752642046895867E-015
           1           7   8.6621801918198830E-015
           1           8   1.5328465938229841E-015
           1           9   2.4195843911763610E-015
           1          10   8.3320481651433539E-015
           1          11  -1.1071926580750188E-014
           1          12   3.0638521738880996E-015
           1          13   6.8375513019960419E-015
           1          14   3.5222891719240097E-015
           1          15  -7.4625871161574950E-015
           1          16  -1.4096296249731729E-015
           1          17   7.4123560899225247E-015
           1          18   4.3784894444337946E-002
           1          19  -1.3553878498287609E-015
           1          20   4.3784894444200299E-002
           1          21  -2.6169702836139500E-015
           1          22  -5.4195609179640240E-015
           1          23   4.3784894444293995E-002
           1          24   2.6752984052489504E-004
           1          25  -4.9409760115279463E-015
           1          26   2.6752984055362781E-004
           1          27   4.1233938166099746E-015
           1          28   9.1658139232408810E-016
           1          29   2.6752984052833841E-004
           2           1  -1.4011464873236517E-002
           2           2   3.1695494687846364     
           2           3  0.79511370500308254     
           2           4 -0.32729070435365865     
           2           5  0.91040742313188194     
           2           6   1.1668984687338496E-013
           2           7   1.4767671889115769E-013
           2           8  -2.0383176431943481E-012
           2           9   7.6692650808235268E-014
           2          10   1.8639740512479280E-013
           2          11   2.4359781435641321E-015
           2          12   9.7955563030016552E-014
           2          13   9.3430937015311917E-014
           2          14   2.7491259759094292E-014
           2          15  -1.1369925558562078E-013
           2          16  -2.9498917498545337E-014
           2          17  -2.5914125126879349E-014
           2          18 -0.71557402971375494     
           2          19  -7.1666637833303592E-014
           2          20 -0.71557402971520945     
           2          21  -1.0205282986019133E-013
           2          22  -3.2462436433796402E-014
           2          23 -0.71557402971398221     
           2          24 -0.35819478009654154     
           2          25   7.6770257976899163E-014
           2          26 -0.35819478009631273     
           2          27   1.6189244012115347E-014
           2          28  -2.7935588898684036E-014
           2          29 -0.35819478009650785     
           3           1 -0.12826392926070951     
           3           2  0.79511370500308254     
           3           3   1.2108278574902549     
           3           4 -0.27455687543745311     
           3           5  0.28263799955916319     
           3           6   4.8106994813167724E-014
           3           7   3.4911079277549868E-014
           3           8  -4.0928002130285725E-013
           3           9   7.9421471406472324E-015
           3          10   1.7326506266163061E-013
           3          11  -1.1592378430768796E-013
           3          12   3.7379077254583965E-014
           3          13   6.3193818870823996E-014
           3          14   7.9669818071759039E-014
           3          15  -2.3413884099330487E-014
           3          16  -1.2725182118719738E-014
           3          17   9.9537858303612095E-015
           3          18   6.8480619750049820E-004
           3          19   8.4390276907720485E-015
           3          20   6.8480619487683303E-004
           3          21  -1.5020587242307264E-014
           3          22   1.2706609559026282E-014
           3          23   6.8480619697167122E-004
           3          24  -6.4017260120505404E-002
           3          25   1.2720328276245925E-014
           3          26  -6.4017260120258740E-002
           3          27   2.1318441950806614E-015
           3          28  -2.7845701203017635E-015
           3          29  -6.4017260120457831E-002
           4           1   1.1457438292402346E-002
           4           2 -0.32729070435365865     
           4           3 -0.27455687543745311     
           4           4   1.1201392470458846     
           4           5  -2.3429930972349373     
           4           6  -7.3646135440499667E-015
           4           7  -1.2625443969221638E-014
           4           8   3.1214034544019173E-014
           4           9  -2.4230657599896056E-014
           4          10  -9.8709312297793137E-014
           4          11   2.1185421291663012E-014
           4          12  -2.5269109397403353E-014
           4          13  -4.8642946381685478E-014
           4          14  -7.1891888788043113E-014
           4          15   9.4279672809579806E-015
           4          16   1.1049566513827441E-014
           4          17   1.9452613544012779E-014
           4          18  0.27510394224437273     
           4          19  -5.9040613338426761E-015
           4          20  0.27510394224526341     
           4          21  -1.8519938896154197E-016
           4          22  -1.2887707470025491E-015
           4          23  0.27510394224497359     
           4          24  0.75603184076270891     
           4          25   1.3651053705799633E-015
           4          26  0.75603184076261942     
           4          27  -2.9128661279261855E-015
           4          28  -8.1892950388752028E-015
           4          29  0.75603184076265917     
           5           1   4.2646643759160167E-003
           5           2  0.91040742313188194     
           5           3  0.28263799955916319     
           5           4  -2.3429930972349373     
           5           5   5.2948004232706758     
           5           6   1.8727802726149253E-014
           5           7  -1.5191985897608624E-014
           5           8  -6.7006986252614637E-013
           5           9  -1.0411741454753002E-013
           5          10  -1.4246539960147284E-013
           5          11   2.0977286844101032E-013
           5          12   1.6724634227904726E-014
           5          13  -2.4436426529982903E-014
           5          14   1.6451708495493421E-013
           5          15  -1.5791460535899028E-014
           5          16   4.2489526813419258E-015
           5          17  -1.9503342847049725E-014
           5          18 -0.77331351528326198     
           5          19   7.8272831253662458E-014
           5          20 -0.77331351528193171     
           5          21  -8.2413341388948548E-014
           5          22   6.0708262031162894E-014
           5          23 -0.77331351528158465     
           5          24  -1.7884744958811800     
           5          25  -3.9559789860723762E-015
           5          26  -1.7884744958812639     
           5          27   1.1430010520777637E-014
           5          28   5.7799310135093943E-015
           5          29  -1.7884744958813357     
           6           1   8.2752642046895867E-015
           6           2   1.1668984687338496E-013
           6           3   4.8106994813167724E-014
           6           4  -7.3646135440499667E-015
           6           5   1.8727802726149253E-014
           6           6   2.0005006062620447     
           6           7  -1.6794831105908746E-015
           6           8  -1.0373565918211317E-015
           6           9   3.4480717109810670E-003
           6          10  -2.0775109334670444E-015
           6          11  -9.0145176479677902E-015
           6          12   2.6679283448955191E-002
           6          13   1.6420919528650768E-015
           6          14  -1.5501922662197742E-015
           6          15  -8.4906412946821087E-003
           6          16  -1.0103751196159985E-014
           6          17  -7.5485543380229836E-016
           6          18  -2.8163111118912689E-014
           6          19   3.4554854076289114E-016
           6          20  -1.9246509246228499E-014
           6          21  -1.1839043419643522E-014
           6          22  -4.2574737165245150E-015
           6          23  -4.1373993888768219E-014
           6          24  -3.1081399792342693E-015
           6          25  -8.8502691899101159E-015
           6          26  -1.1616779588992416E-014
           6          27   2.4792851564699817E-015
           6          28   6.9447696236344320E-016
           6          29   8.5746827698504503E-015
           7           1   8.6621801918198830E-015
           7           2   1.4767671889115769E-013
           7           3   3.4911079277549868E-014
           7           4  -1.2625443969221638E-014
           7           5  -1.5191985897608624E-014
           7           6  -1.6794831105908746E-015
           7           7   2.0005006062620332     
           7           8  -3.7919066775009324E-015
           7           9   1.4823957491215400E-015
           7          10   3.4480717109804989E-003
           7          11  -2.0265757930300332E-014
           7          12  -5.5684759104127068E-015
           7          13   2.6679283448962775E-002
           7          14   9.3095019540467838E-016
           7          15   1.1344898409376344E-014
           7          16  -8.4906412947060809E-003
           7          17   2.7796233197097120E-015
           7          18  -2.0254694253179050E-014
           7          19   4.1211254124828514E-015
           7          20  -5.3544360610546788E-015
           7          21  -1.2417407179676301E-014
           7          22  -5.7051311603329595E-015
           7          23  -2.5806701660829361E-014
           7          24   9.8233693912627330E-015
           7          25  -1.0502265105652842E-014
           7          26  -2.8194784988750529E-015
           7          27   7.1325791042733950E-015
           7          28  -1.3402873384006804E-015
           7          29   2.1854753451585671E-014
           8           1   1.5328465938229841E-015
           8           2  -2.0383176431943481E-012
           8           3  -4.0928002130285725E-013
           8           4   3.1214034544019173E-014
           8           5  -6.7006986252614637E-013
           8           6  -1.0373565918211317E-015
           8           7  -3.7919066775009324E-015
           8           8   2.0005006062620074     
           8           9   9.3904051201576522E-014
           8          10  -3.5337455617928670E-014
           8          11   3.4480717107139981E-003
           8          12  -2.0060992797499289E-014
           8          13   5.3473501668288570E-014
           8          14   2.6679283448987234E-002
           8          15   1.4757244498663294E-013
           8          16  -2.7148471188134793E-013
           8          17  -8.4906412947186628E-003
           8          18   2.4877353020768389E-013
           8          19   2.6746573397219629E-014
           8          20   3.5815850561801872E-013
           8          21  -2.5503788286500414E-013
           8          22  -9.3515107312737537E-014
           8          23   1.6482734393590793E-013
           8          24   3.6238091927546925E-013
           8          25  -1.7516933667394416E-013
           8          26   1.7263335143207568E-013
           8          27   1.5713240492691753E-013
           8          28   3.5718449753944943E-014
           8          29   5.3317483439708710E-013
           9           1   2.4195843911763610E-015
           9           2   7.6692650808235268E-014
           9           3   7.9421471406472324E-015
           9           4  -2.4230657599896056E-014
           9           5  -1.0411741454753002E-013
           9           6   3.4480717109810670E-003
           9           7   1.4823957491215400E-015
           9           8   9.3904051201576522E-014
           9           9   1.9884590859376186     
           9          10  -3.2270193461858554E-015
           9          11  -2.5649621315793070E-014
           9          12  0.21812648930492876     
           9          13   2.2030988144905450E-016
           9          14   2.9164171078122081E-014
           9          15   9.8298105125068536E-002
           9          16  -1.4082702018414217E-014
           9          17   3.8555530296191520E-014
           9          18   2.4287472664263459E-014
           9          19   4.4443098696153721E-014
           9          20   1.0909169665133644E-014
           9          21   4.1103826119132634E-014
           9          22  -3.6420289464901312E-014
           9          23  -4.2898207202046993E-014
           9          24   2.9270637122772780E-014
           9          25   1.0842363516146891E-014
           9          26   2.4358362106594370E-014
           9          27   2.7755151430102761E-015
           9          28   1.8481599440558835E-014
           9          29   3.8721642644723452E-014
          10           1   8.3320481651433539E-015
          10           2   1.8639740512479280E-013
          10           3   1.7326506266163061E-013
          10           4  -9.8709312297793137E-014
          10           5  -1.4246539960147284E-013
          10           6  -2.0775109334670444E-015
          10           7   3.4480717109804989E-003
          10           8  -3.5337455617928670E-014
          10           9  -3.2270193461858554E-015
          10          10   1.9884590859375892     
          10          11  -8.0855461215278979E-015
          10          12  -1.4473665321812490E-014
          10          13  0.21812648930490711     
          10          14   2.5705132467024328E-014
          10          15   5.9995411416657873E-015
          10          16   9.8298105125057350E-002
          10          17   2.4829097111656040E-014
          10          18  -7.1548058565170072E-014
          10          19   1.4257591561497406E-015
          10          20  -7.0132009243084633E-014
          10          21   2.6428565490682038E-014
          10          22   1.7240491744275292E-014
          10          23  -2.9266903726094124E-015
          10          24   4.0911251675590931E-014
          10          25  -4.2996415237395386E-016
          10          26   1.8208530547816673E-014
          10          27   4.4412029174854435E-015
          10          28   1.2550076973332923E-015
          10          29   2.1757025443616078E-014
          11           1  -1.1071926580750188E-014
          11           2   2.4359781435641321E-015
          11           3  -1.1592378430768796E-013
          11           4   2.1185421291663012E-014
          11           5   2.0977286844101032E-013
          11           6  -9.0145176479677902E-015
          11           7  -2.0265757930300332E-014
          11           8   3.4480717107139981E-003
          11           9  -2.5649621315793070E-014
          11          10  -8.0855461215278979E-015
          11          11   1.9884590859376345     
          11          12  -7.6064154974631037E-014
          11          13  -1.7763568394002505E-014
          11          14  0.21812648930489983     
          11          15   9.9898388172814379E-015
          11          16   4.2891905305264544E-014
          11          17   9.8298105124986990E-002
          11          18   1.3487225797398339E-013
          11          19  -1.9422860640310053E-013
          11          20   1.0642114338474263E-013
          11          21  -7.9581824740781726E-014
          11          22   2.7068544203134250E-014
          11          23  -4.2112530934806031E-014
          11          24  -8.8787739894275861E-014
          11          25  -2.7729230022258975E-014
          11          26  -4.9054398124834695E-014
          11          27   2.3009225354229011E-017
          11          28  -4.1266591411109830E-014
          11          29  -7.5747966447702399E-014
          12           1   3.0638521738880996E-015
          12           2   9.7955563030016552E-014
          12           3   3.7379077254583965E-014
          12           4  -2.5269109397403353E-014
          12           5   1.6724634227904726E-014
          12           6   2.6679283448955191E-002
          12           7  -5.5684759104127068E-015
          12           8  -2.0060992797499289E-014
          12           9  0.21812648930492876     
          12          10  -1.4473665321812490E-014
          12          11  -7.6064154974631037E-014
          12          12   1.9761117398638079     
          12          13  -1.2212453270876722E-014
          12          14   5.3831938906512278E-014
          12          15   1.4748340909106622E-002
          12          16   7.0906822080551990E-015
          12          17   8.9598467534202086E-015
          12          18  -7.3082568506429839E-015
          12          19  -1.3206223890591632E-015
          12          20   1.1287162137178442E-014
          12          21  -3.0099889893706155E-014
          12          22  -5.4564081721878949E-015
          12          23  -4.0832547324694925E-014
          12          24  -1.5987232282860046E-014
          12          25  -1.5969220577058661E-014
          12          26  -2.5318391152002475E-015
          12          27   5.3083051834887183E-014
          12          28   2.2091999575222594E-015
          12          29  -8.4602196276747987E-015
          13           1   6.8375513019960419E-015
          13           2   9.3430937015311917E-014
          13           3   6.3193818870823996E-014
          13           4  -4.8642946381685478E-014
          13           5  -2.4436426529982903E-014
          13           6   1.6420919528650768E-015
          13           7   2.6679283448962775E-002
          13           8   5.3473501668288570E-014
          13           9   2.2030988144905450E-016
          13          10  0.21812648930490711     
          13          11  -1.7763568394002505E-014
          13          12  -1.2212453270876722E-014
          13          13   1.9761117398638990     
          13          14   6.9069749919492551E-014
          13          15   7.2598177469629377E-016
          13          16   1.4748340909047225E-002
          13          17  -1.4776374568370443E-014
          13          18  -3.4383643977367885E-014
          13          19  -1.1984862036273789E-014
          13          20  -1.7653045892110365E-014
          13          21  -8.1306031153145932E-015
          13          22   1.2395297786282224E-014
          13          23  -1.1394489155531108E-015
          13          24   4.2439736931603201E-014
          13          25   4.2183032429382822E-017
          13          26  -1.0659872850922229E-015
          13          27  -2.0251873818549710E-014
          13          28   1.7242303773020777E-014
          13          29  -4.1378341253526861E-014
          14           1   3.5222891719240097E-015
          14           2   2.7491259759094292E-014
          14           3   7.9669818071759039E-014
          14           4  -7.1891888788043113E-014
          14           5   1.6451708495493421E-013
          14           6  -1.5501922662197742E-015
          14           7   9.3095019540467838E-016
          14           8   2.6679283448987234E-002
          14           9   2.9164171078122081E-014
          14          10   2.5705132467024328E-014
          14          11  0.21812648930489983     
          14          12   5.3831938906512278E-014
          14          13   6.9069749919492551E-014
          14          14   1.9761117398638426     
          14          15  -6.1325944322732084E-014
          14          16  -6.9298733418321490E-014
          14          17   1.4748340909106539E-002
          14          18  -2.5702774871160683E-014
          14          19   3.0667504186595996E-014
          14          20  -8.2963268054377936E-014
          14          21   2.0448742728498364E-014
          14          22  -7.4599630105010759E-015
          14          23  -3.0037588018822369E-014
          14          24  -1.1494771672373238E-013
          14          25   3.6976264773618713E-014
          14          26  -1.3482149250862316E-013
          14          27  -1.3239812721752240E-014
          14          28   1.4495878977781712E-014
          14          29  -7.1815224055616403E-014
          15           1  -7.4625871161574950E-015
          15           2  -1.1369925558562078E-013
          15           3  -2.3413884099330487E-014
          15           4   9.4279672809579806E-015
          15           5  -1.5791460535899028E-014
          15           6  -8.4906412946821087E-003
          15           7   1.1344898409376344E-014
          15           8   1.4757244498663294E-013
          15           9   9.8298105125068536E-002
          15          10   5.9995411416657873E-015
          15          11   9.9898388172814379E-015
          15          12   1.4748340909106622E-002
          15          13   7.2598177469629377E-016
          15          14  -6.1325944322732084E-014
          15          15   5.2390980089161147E-002
          15          16   7.7880410453978755E-015
          15          17  -1.5132426561814682E-014
          15          18  -4.3320085118928836E-014
          15          19   3.0697246198965118E-015
          15          20   1.0333938930177716E-014
          15          21   5.2782778219498928E-015
          15          22  -8.3322390747343062E-015
          15          23   7.3291133976479090E-014
          15          24   1.2318622633779295E-014
          15          25   1.7281655775196429E-016
          15          26   8.1032084849717655E-015
          15          27   8.9129027220608262E-015
          15          28   4.2522992125920850E-016
          15          29   4.4207986909453068E-015
          16           1  -1.4096296249731729E-015
          16           2  -2.9498917498545337E-014
          16           3  -1.2725182118719738E-014
          16           4   1.1049566513827441E-014
          16           5   4.2489526813419258E-015
          16           6  -1.0103751196159985E-014
          16           7  -8.4906412947060809E-003
          16           8  -2.7148471188134793E-013
          16           9  -1.4082702018414217E-014
          16          10   9.8298105125057350E-002
          16          11   4.2891905305264544E-014
          16          12   7.0906822080551990E-015
          16          13   1.4748340909047225E-002
          16          14  -6.9298733418321490E-014
          16          15   7.7880410453978755E-015
          16          16   5.2390980089159489E-002
          16          17  -1.6666789476316168E-014
          16          18   3.9061992250688877E-014
          16          19   3.6779609143502367E-015
          16          20   1.1948621314528673E-014
          16          21   4.7336989422024971E-016
          16          22   1.5342780876398246E-014
          16          23  -3.4199384530039308E-014
          16          24  -1.0445954407350125E-014
          16          25   2.2432448835615560E-015
          16          26   4.6417433066207579E-015
          16          27  -4.8548491195424486E-015
          16          28   8.4955759469729907E-015
          16          29   8.7626691554299594E-015
          17           1   7.4123560899225247E-015
          17           2  -2.5914125126879349E-014
          17           3   9.9537858303612095E-015
          17           4   1.9452613544012779E-014
          17           5  -1.9503342847049725E-014
          17           6  -7.5485543380229836E-016
          17           7   2.7796233197097120E-015
          17           8  -8.4906412947186628E-003
          17           9   3.8555530296191520E-014
          17          10   2.4829097111656040E-014
          17          11   9.8298105124986990E-002
          17          12   8.9598467534202086E-015
          17          13  -1.4776374568370443E-014
          17          14   1.4748340909106539E-002
          17          15  -1.5132426561814682E-014
          17          16  -1.6666789476316168E-014
          17          17   5.2390980089143210E-002
          17          18   3.7393480520348730E-014
          17          19  -1.2721254342514892E-014
          17          20  -2.9226718387849955E-014
          17          21  -9.1608010929388416E-016
          17          22  -8.3208454342934468E-015
          17          23  -3.4351111244079991E-015
          17          24  -1.0357521499076803E-014
          17          25   6.7669257056892882E-015
          17          26  -1.2826181488751831E-014
          17          27  -3.9471982032293956E-015
          17          28  -2.2053401299757974E-015
          17          29  -9.9308558584887040E-015
          18           1   4.3784894444337946E-002
          18           2 -0.71557402971375494     
          18           3   6.8480619750049820E-004
          18           4  0.27510394224437273     
          18           5 -0.77331351528326198     
          18           6  -2.8163111118912689E-014
          18           7  -2.0254694253179050E-014
          18           8   2.4877353020768389E-013
          18           9   2.4287472664263459E-014
          18          10  -7.1548058565170072E-014
          18          11   1.3487225797398339E-013
          18          12  -7.3082568506429839E-015
          18          13  -3.4383643977367885E-014
          18          14  -2.5702774871160683E-014
          18          15  -4.3320085118928836E-014
          18          16   3.9061992250688877E-014
          18          17   3.7393480520348730E-014
          18          18   2.3691120822109930     
          18          19  -2.4228448472299010E-014
          18          20 -0.72223793574993156     
          18          21  -1.4067157331090049E-012
          18          22   1.4732422916076806E-012
          18          23 -0.72223793575096318     
          18          24  0.10299868016042590     
          18          25   2.7493500849330699E-014
          18          26  0.37859197275387396     
          18          27   9.1882054977450807E-014
          18          28  -1.2015572332527369E-013
          18          29  0.37859197275405954     
          19           1  -1.3553878498287609E-015
          19           2  -7.1666637833303592E-014
          19           3   8.4390276907720485E-015
          19           4  -5.9040613338426761E-015
          19           5   7.8272831253662458E-014
          19           6   3.4554854076289114E-016
          19           7   4.1211254124828514E-015
          19           8   2.6746573397219629E-014
          19           9   4.4443098696153721E-014
          19          10   1.4257591561497406E-015
          19          11  -1.9422860640310053E-013
          19          12  -1.3206223890591632E-015
          19          13  -1.1984862036273789E-014
          19          14   3.0667504186595996E-014
          19          15   3.0697246198965118E-015
          19          16   3.6779609143502367E-015
          19          17  -1.2721254342514892E-014
          19          18  -2.4228448472299010E-014
          19          19   2.0602550525170464     
          19          20   8.7495239722149638E-013
          19          21   4.7184478564359012E-016
          19          22   7.6327833031291721E-016
          19          23  -8.7984538762477835E-013
          19          24  -2.3694175842346322E-014
          19          25 -0.18111954189437268     
          19          26  -1.1136190045288932E-013
          19          27   2.3453461395156927E-015
          19          28   4.2535419630371008E-015
          19          29   4.9001294193086997E-014
          20           1   4.3784894444200299E-002
          20           2 -0.71557402971520945     
          20           3   6.8480619487683303E-004
          20           4  0.27510394224526341     
          20           5 -0.77331351528193171     
          20           6  -1.9246509246228499E-014
          20           7  -5.3544360610546788E-015
          20           8   3.5815850561801872E-013
          20           9   1.0909169665133644E-014
          20          10  -7.0132009243084633E-014
          20          11   1.0642114338474263E-013
          20          12   1.1287162137178442E-014
          20          13  -1.7653045892110365E-014
          20          14  -8.2963268054377936E-014
          20          15   1.0333938930177716E-014
          20          16   1.1948621314528673E-014
          20          17  -2.9226718387849955E-014
          20          18 -0.72223793574993156     
          20          19   8.7495239722149638E-013
          20          20   2.3691120822128240     
          20          21   8.6308812036748649E-013
          20          22   5.1483160851594825E-013
          20          23 -0.72223793575005102     
          20          24  0.37859197275370293     
          20          25  -1.1435761190353004E-013
          20          26  0.10299868016001711     
          20          27  -5.3526009497939296E-014
          20          28  -1.9420391566138407E-014
          20          29  0.37859197275368156     
          21           1  -2.6169702836139500E-015
          21           2  -1.0205282986019133E-013
          21           3  -1.5020587242307264E-014
          21           4  -1.8519938896154197E-016
          21           5  -8.2413341388948548E-014
          21           6  -1.1839043419643522E-014
          21           7  -1.2417407179676301E-014
          21           8  -2.5503788286500414E-013
          21           9   4.1103826119132634E-014
          21          10   2.6428565490682038E-014
          21          11  -7.9581824740781726E-014
          21          12  -3.0099889893706155E-014
          21          13  -8.1306031153145932E-015
          21          14   2.0448742728498364E-014
          21          15   5.2782778219498928E-015
          21          16   4.7336989422024971E-016
          21          17  -9.1608010929388416E-016
          21          18  -1.4067157331090049E-012
          21          19   4.7184478564359012E-016
          21          20   8.6308812036748649E-013
          21          21   2.0602550525170482     
          21          22   2.3592239064751390E-016
          21          23   6.0476042404168630E-013
          21          24   1.6579968577501655E-013
          21          25  -1.7121720708200408E-015
          21          26  -4.1974033380050133E-014
          21          27 -0.18111954189437562     
          21          28  -2.2551405185709703E-015
          21          29  -3.6457611141347697E-014
          22           1  -5.4195609179640240E-015
          22           2  -3.2462436433796402E-014
          22           3   1.2706609559026282E-014
          22           4  -1.2887707470025491E-015
          22           5   6.0708262031162894E-014
          22           6  -4.2574737165245150E-015
          22           7  -5.7051311603329595E-015
          22           8  -9.3515107312737537E-014
          22           9  -3.6420289464901312E-014
          22          10   1.7240491744275292E-014
          22          11   2.7068544203134250E-014
          22          12  -5.4564081721878949E-015
          22          13   1.2395297786282224E-014
          22          14  -7.4599630105010759E-015
          22          15  -8.3322390747343062E-015
          22          16   1.5342780876398246E-014
          22          17  -8.3208454342934468E-015
          22          18   1.4732422916076806E-012
          22          19   7.6327833031291721E-016
          22          20   5.1483160851594825E-013
          22          21   2.3592239064751390E-016
          22          22   2.0602550525170424     
          22          23  -2.0139880526494725E-012
          22          24  -1.7157570561772481E-013
          22          25  -4.3732378830015444E-015
          22          26  -7.3736090437606091E-014
          22          27  -2.7929047946885419E-016
          22          28 -0.18111954189435991     
          22          29   1.7594167682852433E-013
          23           1   4.3784894444293995E-002
          23           2 -0.71557402971398221     
          23           3   6.8480619697167122E-004
          23           4  0.27510394224497359     
          23           5 -0.77331351528158465     
          23           6  -4.1373993888768219E-014
          23           7  -2.5806701660829361E-014
          23           8   1.6482734393590793E-013
          23           9  -4.2898207202046993E-014
          23          10  -2.9266903726094124E-015
          23          11  -4.2112530934806031E-014
          23          12  -4.0832547324694925E-014
          23          13  -1.1394489155531108E-015
          23          14  -3.0037588018822369E-014
          23          15   7.3291133976479090E-014
          23          16  -3.4199384530039308E-014
          23          17  -3.4351111244079991E-015
          23          18 -0.72223793575096318     
          23          19  -8.7984538762477835E-013
          23          20 -0.72223793575005102     
          23          21   6.0476042404168630E-013
          23          22  -2.0139880526494725E-012
          23          23   2.3691120822107736     
          23          24  0.37859197275347756     
          23          25   6.8005692864303597E-014
          23          26  0.37859197275344325     
          23          27  -4.5834869118228672E-014
          23          28   1.4998623800024361E-013
          23          29  0.10299868015990034     
          24           1   2.6752984052489504E-004
          24           2 -0.35819478009654154     
          24           3  -6.4017260120505404E-002
          24           4  0.75603184076270891     
          24           5  -1.7884744958811800     
          24           6  -3.1081399792342693E-015
          24           7   9.8233693912627330E-015
          24           8   3.6238091927546925E-013
          24           9   2.9270637122772780E-014
          24          10   4.0911251675590931E-014
          24          11  -8.8787739894275861E-014
          24          12  -1.5987232282860046E-014
          24          13   4.2439736931603201E-014
          24          14  -1.1494771672373238E-013
          24          15   1.2318622633779295E-014
          24          16  -1.0445954407350125E-014
          24          17  -1.0357521499076803E-014
          24          18  0.10299868016042590     
          24          19  -2.3694175842346322E-014
          24          20  0.37859197275370293     
          24          21   1.6579968577501655E-013
          24          22  -1.7157570561772481E-013
          24          23  0.37859197275347756     
          24          24  0.63776225446968049     
          24          25  -2.2306813953090772E-015
          24          26  0.61234996826530619     
          24          27  -1.4127570020605218E-014
          24          28   1.2631457967006801E-014
          24          29  0.61234996826533072     
          25           1  -4.9409760115279463E-015
          25           2   7.6770257976899163E-014
          25           3   1.2720328276245925E-014
          25           4   1.3651053705799633E-015
          25           5  -3.9559789860723762E-015
          25           6  -8.8502691899101159E-015
          25           7  -1.0502265105652842E-014
          25           8  -1.7516933667394416E-013
          25           9   1.0842363516146891E-014
          25          10  -4.2996415237395386E-016
          25          11  -2.7729230022258975E-014
          25          12  -1.5969220577058661E-014
          25          13   4.2183032429382822E-017
          25          14   3.6976264773618713E-014
          25          15   1.7281655775196429E-016
          25          16   2.2432448835615560E-015
          25          17   6.7669257056892882E-015
          25          18   2.7493500849330699E-014
          25          19 -0.18111954189437268     
          25          20  -1.1435761190353004E-013
          25          21  -1.7121720708200408E-015
          25          22  -4.3732378830015444E-015
          25          23   6.8005692864303597E-014
          25          24  -2.2306813953090772E-015
          25          25   1.6480977021622059E-002
          25          26   1.0219863934304007E-014
          25          27   6.6136332520611403E-017
          25          28   1.2446640940601208E-016
          25          29  -6.2765611512577466E-015
          26           1   2.6752984055362781E-004
          26           2 -0.35819478009631273     
          26           3  -6.4017260120258740E-002
          26           4  0.75603184076261942     
          26           5  -1.7884744958812639     
          26           6  -1.1616779588992416E-014
          26           7  -2.8194784988750529E-015
          26           8   1.7263335143207568E-013
          26           9   2.4358362106594370E-014
          26          10   1.8208530547816673E-014
          26          11  -4.9054398124834695E-014
          26          12  -2.5318391152002475E-015
          26          13  -1.0659872850922229E-015
          26          14  -1.3482149250862316E-013
          26          15   8.1032084849717655E-015
          26          16   4.6417433066207579E-015
          26          17  -1.2826181488751831E-014
          26          18  0.37859197275387396     
          26          19  -1.1136190045288932E-013
          26          20  0.10299868016001711     
          26          21  -4.1974033380050133E-014
          26          22  -7.3736090437606091E-014
          26          23  0.37859197275344325     
          26          24  0.61234996826530619     
          26          25   1.0219863934304007E-014
          26          26  0.63776225446971635     
          26          27   1.5922203267696844E-015
          26          28   3.1971332664491029E-015
          26          29  0.61234996826534971     
          27           1   4.1233938166099746E-015
          27           2   1.6189244012115347E-014
          27           3   2.1318441950806614E-015
          27           4  -2.9128661279261855E-015
          27           5   1.1430010520777637E-014
          27           6   2.4792851564699817E-015
          27           7   7.1325791042733950E-015
          27           8   1.5713240492691753E-013
          27           9   2.7755151430102761E-015
          27          10   4.4412029174854435E-015
          27          11   2.3009225354229011E-017
          27          12   5.3083051834887183E-014
          27          13  -2.0251873818549710E-014
          27          14  -1.3239812721752240E-014
          27          15   8.9129027220608262E-015
          27          16  -4.8548491195424486E-015
          27          17  -3.9471982032293956E-015
          27          18   9.1882054977450807E-014
          27          19   2.3453461395156927E-015
          27          20  -5.3526009497939296E-014
          27          21 -0.18111954189437562     
          27          22  -2.7929047946885419E-016
          27          23  -4.5834869118228672E-014
          27          24  -1.4127570020605218E-014
          27          25   6.6136332520611403E-017
          27          26   1.5922203267696844E-015
          27          27   1.6480977021622701E-002
          27          28   1.6772607606731380E-016
          27          29   1.1993440132206015E-015
          28           1   9.1658139232408810E-016
          28           2  -2.7935588898684036E-014
          28           3  -2.7845701203017635E-015
          28           4  -8.1892950388752028E-015
          28           5   5.7799310135093943E-015
          28           6   6.9447696236344320E-016
          28           7  -1.3402873384006804E-015
          28           8   3.5718449753944943E-014
          28           9   1.8481599440558835E-014
          28          10   1.2550076973332923E-015
          28          11  -4.1266591411109830E-014
          28          12   2.2091999575222594E-015
          28          13   1.7242303773020777E-014
          28          14   1.4495878977781712E-014
          28          15   4.2522992125920850E-016
          28          16   8.4955759469729907E-015
          28          17  -2.2053401299757974E-015
          28          18  -1.2015572332527369E-013
          28          19   4.2535419630371008E-015
          28          20  -1.9420391566138407E-014
          28          21  -2.2551405185709703E-015
          28          22 -0.18111954189435991     
          28          23   1.4998623800024361E-013
          28          24   1.2631457967006801E-014
          28          25   1.2446640940601208E-016
          28          26   3.1971332664491029E-015
          28          27   1.6772607606731380E-016
          28          28   1.6480977021620484E-002
          28          29  -1.5805101532665669E-014
          29           1   2.6752984052833841E-004
          29           2 -0.35819478009650785     
          29           3  -6.4017260120457831E-002
          29           4  0.75603184076265917     
          29           5  -1.7884744958813357     
          29           6   8.5746827698504503E-015
          29           7   2.1854753451585671E-014
          29           8   5.3317483439708710E-013
          29           9   3.8721642644723452E-014
          29          10   2.1757025443616078E-014
          29          11  -7.5747966447702399E-014
          29          12  -8.4602196276747987E-015
          29          13  -4.1378341253526861E-014
          29          14  -7.1815224055616403E-014
          29          15   4.4207986909453068E-015
          29          16   8.7626691554299594E-015
          29          17  -9.9308558584887040E-015
          29          18  0.37859197275405954     
          29          19   4.9001294193086997E-014
          29          20  0.37859197275368156     
          29          21  -3.6457611141347697E-014
          29          22   1.7594167682852433E-013
          29          23  0.10299868015990034     
          29          24  0.61234996826533072     
          29          25  -6.2765611512577466E-015
          29          26  0.61234996826534971     
          29          27   1.1993440132206015E-015
          29          28  -1.5805101532665669E-014
          29          29  0.63776225446978463     
