           1           1   2.0270500268223604     
           1           2  -6.1319602674566966E-002
           1           3 -0.11130129738312006     
           1           4  -5.4240267107750409E-010
           1           5  -1.1302659965254008E-009
           1           6  -1.0067981563123152E-009
           1           7  -6.5613947803906158E-010
           1           8  -1.6485038862497939E-009
           1           9  -1.2994162851356633E-009
           2           1  -6.1319602674566966E-002
           2           2  0.18680569294582261     
           2           3  0.26839375878353228     
           2           4  -2.6935424342528245E-011
           2           5   2.9951325110209283E-010
           2           6   5.2816232010105925E-011
           2           7  -1.0870391301297371E-010
           2           8   1.6088191223644516E-009
           2           9   3.2591246135544877E-010
           3           1 -0.11130129738312006     
           3           2  0.26839375878353228     
           3           3  0.38589712635633266     
           3           4  -3.2336531029931287E-011
           3           5   4.4223801637016452E-010
           3           6   8.7307660851113765E-011
           3           7  -1.4821929387974102E-010
           3           8   2.3244826150586885E-009
           3           9   4.8201222337393803E-010
           4           1  -5.4240267107750409E-010
           4           2  -2.6935424342528245E-011
           4           3  -3.2336531029931287E-011
           4           4   1.5530159933353437E-019
           4           5   2.4027344851209283E-019
           4           6   2.6417154177912371E-019
           4           7   2.0572334857407913E-019
           4           8   7.5729854945005261E-020
           4           9   2.8055474336571418E-019
           5           1  -1.1302659965254008E-009
           5           2   2.9951325110209283E-010
           5           3   4.4223801637016452E-010
           5           4   2.4027344851209283E-019
           5           5   1.0108705462085971E-018
           5           6   5.9347855870992753E-019
           5           7   1.8149160030519070E-019
           5           8   3.1555181345987648E-018
           5           9   1.1357318947578558E-018
           6           1  -1.0067981563123152E-009
           6           2   5.2816232010105925E-011
           6           3   8.7307660851113765E-011
           6           4   2.6417154177912371E-019
           6           5   5.9347855870992753E-019
           6           6   5.0277707401865676E-019
           6           7   3.1039022621338588E-019
           6           8   1.0071941253845604E-018
           6           9   6.8007646417857380E-019
           7           1  -6.5613947803906158E-010
           7           2  -1.0870391301297371E-010
           7           3  -1.4821929387974102E-010
           7           4   2.0572334857407913E-019
           7           5   1.8149160030519070E-019
           7           6   3.1039022621338588E-019
           7           7   3.0183752210966911E-019
           7           8  -5.5011024070957729E-019
           7           9   2.2147932605619729E-019
           8           1  -1.6485038862497939E-009
           8           2   1.6088191223644516E-009
           8           3   2.3244826150586885E-009
           8           4   7.5729854945005261E-020
           8           5   3.1555181345987648E-018
           8           6   1.0071941253845604E-018
           8           7  -5.5011024070957729E-019
           8           8   1.4481275468234527E-017
           8           9   3.4724272205667502E-018
           9           1  -1.2994162851356633E-009
           9           2   3.2591246135544877E-010
           9           3   4.8201222337393803E-010
           9           4   2.8055474336571418E-019
           9           5   1.1357318947578558E-018
           9           6   6.8007646417857380E-019
           9           7   2.2147932605619729E-019
           9           8   3.4724272205667502E-018
           9           9   1.2771650219009668E-018
