           1           1   2.1896411873435726     
           1           2  0.69405199302515763     
           1           3  -5.0746051760299238E-012
           1           4  -3.7988250693390185E-012
           1           5   7.0287254975545099E-012
           1           6 -0.16297657873336879     
           1           7   1.6438234467018169E-011
           1           8   1.4065332265493044E-011
           1           9  -2.3564151332662974E-011
           1          10   1.0283829636180165E-002
           1          11  -1.4231272873183752E-011
           1          12  -4.0402945469344510E-012
           1          13  -1.0834540005751616E-012
           1          14  -1.5408280605934931E-002
           1          15  -3.3462836912899396E-011
           1          16   4.7453625732142653E-011
           1          17  -2.3989624541849257E-011
           1          18   2.7526392217769140E-002
           1          19  -2.2263893821697866E-005
           1          20   2.7526399422678122E-002
           1          21   1.4394319478264969E-005
           1          22  -1.8729456484924352E-006
           1          23   2.7526424757490252E-002
           1          24   5.9092987909252770E-003
           1          25  -1.4305748373240419E-005
           1          26   5.9093048509040623E-003
           1          27   9.2489602962167640E-006
           1          28  -1.2018226776559432E-006
           1          29   5.9093235635781591E-003
           1          30   1.6357184746689762E-012
           1          31   1.8386167716788988E-013
           1          32   6.4749269192853973E-012
           1          33  -2.2284756000506159E-011
           1          34  -3.9706975733241400E-012
           1          35   7.0375378224677871E-014
           1          36  -1.4439868250475108E-012
           1          37  -1.4177232530412998E-011
           1          38   2.9255796373254515E-012
           1          39   3.4522092017067689E-011
           2           1  0.69405199302515763     
           2           2   2.5307974959365653     
           2           3  -1.9703947819225433E-011
           2           4  -6.3124967768093766E-012
           2           5   9.7115101607947286E-012
           2           6 -0.88703522382417399     
           2           7   6.4601940014063541E-011
           2           8   3.4656067305470159E-011
           2           9  -4.9836770807313882E-011
           2          10   3.3614115524885323E-002
           2          11  -5.0471353184041832E-011
           2          12  -1.3066542887677055E-011
           2          13  -8.4544665905429011E-012
           2          14  -5.5053575608733502E-002
           2          15  -1.1757220279392891E-010
           2          16   1.6725522934131173E-010
           2          17  -8.3330845881221474E-011
           2          18   1.6338442420814385E-002
           2          19  -9.3780392655490804E-005
           2          20   1.6338475179596353E-002
           2          21   6.0631673377732144E-005
           2          22  -7.8857442676699416E-006
           2          23   1.6338584756762493E-002
           2          24   1.3626097003504711E-002
           2          25  -6.1285256236147867E-005
           2          26   1.3626124402520857E-002
           2          27   3.9622040959737143E-005
           2          28  -5.1472155796560875E-006
           2          29   1.3626206012301151E-002
           2          30   7.1962775461573404E-012
           2          31   7.2234005984440608E-013
           2          32   2.2008283041276666E-011
           2          33  -8.6921114470824437E-011
           2          34  -1.3288988908813255E-011
           2          35   2.7152134462036971E-013
           2          36  -4.4443190449045998E-012
           2          37  -5.4367889846330197E-011
           2          38   8.9475648275101065E-012
           2          39   1.3179163337713953E-010
           3           1  -5.0746051760299238E-012
           3           2  -1.9703947819225433E-011
           3           3   2.2405980491994244     
           3           4  -1.6151745738178940E-006
           3           5   1.0442001723866065E-006
           3           6   1.0875205127355928E-010
           3           7 -0.72501349557983552     
           3           8   4.4475768130888665E-006
           3           9  -2.8753725240047543E-006
           3          10  -6.0278403236783022E-011
           3          11  -9.5885256335502961E-003
           3          12  -5.4621074142372401E-006
           3          13   3.5308895899851923E-006
           3          14   2.2714506179630634E-011
           3          15   2.6635894194716589E-003
           3          16   1.3634978827250412E-006
           3          17  -8.8142794745910011E-007
           3          18   4.2549672048754976E-010
           3          19  -1.9680917098420058E-010
           3          20  -1.1653873945347148E-009
           3          21   2.5637688192508587E-010
           3          22   6.4439292571157921E-012
           3          23   7.9959151447273104E-010
           3          24   5.2405974297456271E-010
           3          25  -8.7939753765670482E-011
           3          26  -7.6896734865529018E-010
           3          27  -1.3812135473229318E-011
           3          28   7.5274042503866516E-012
           3          29   3.2119586118514850E-010
           3          30  -1.0690577442508229E-002
           3          31   1.3179107800008270E-006
           3          32  -4.5327042427401945E-003
           3          33  -2.1561678910711337E-006
           3          34  -8.5291614542773336E-007
           3          35   4.0896292676348660E-008
           3          36   1.7055467318968446E-007
           3          37  -4.5327067661418991E-003
           3          38  -2.6391097466055899E-007
           3          39   1.3948061419662998E-006
           4           1  -3.7988250693390185E-012
           4           2  -6.3124967768093766E-012
           4           3  -1.6151745738178940E-006
           4           4   2.2405980495449951     
           4           5  -1.3516554153348246E-007
           4           6   2.2678166552534920E-010
           4           7   4.4475748516573551E-006
           4           8 -0.72501349650081459     
           4           9   3.7260828409158276E-007
           4          10   8.1458331374325666E-011
           4          11  -5.4621123459885560E-006
           4          12  -9.5885244844548245E-003
           4          13  -4.5374297625623295E-007
           4          14   8.8643504801955246E-011
           4          15   1.3634979302744034E-006
           4          16   2.6635891250200825E-003
           4          17   1.1341308088343567E-007
           4          18   2.7223858379265218E-010
           4          19   3.5731895263608190E-011
           4          20   1.0972687220152715E-009
           4          21  -9.1720865161760027E-013
           4          22   2.2783935391731129E-010
           4          23  -1.1597210038330728E-009
           4          24   2.2405316855458884E-010
           4          25   1.6861920106504902E-010
           4          26   5.4979717969690650E-010
           4          27  -1.5025822702620782E-012
           4          28  -7.0765617356306551E-012
           4          29  -6.7393866992575994E-010
           4          30  -2.2663035453812574E-006
           4          31  -4.5327055507594534E-003
           4          32   1.4656664371837370E-006
           4          33  -1.0690574734747217E-002
           4          34  -2.2811999027310806E-008
           4          35  -3.5089841177334252E-007
           4          36   1.2457616226738434E-007
           4          37  -2.6393654087968026E-007
           4          38  -4.5327090897353869E-003
           4          39  -1.9187528664225336E-007
           5           1   7.0287254975545099E-012
           5           2   9.7115101607947286E-012
           5           3   1.0442001723866065E-006
           5           4  -1.3516554153348246E-007
           5           5   2.2405980508366743     
           5           6  -3.7113759699067256E-010
           5           7  -2.8753738560764478E-006
           5           8   3.7260551555312743E-007
           5           9 -0.72501349999367981     
           5          10  -1.4709180282452208E-010
           5          11   3.5308904004547435E-006
           5          12  -4.5375795912558557E-007
           5          13  -9.5885201113964889E-003
           5          14  -2.5167760876691784E-010
           5          15  -8.8142530345973278E-007
           5          16   1.1341805128789418E-007
           5          17   2.6635878911526558E-003
           5          18   1.4370871280742242E-009
           5          19  -1.1569774214343928E-011
           5          20  -6.2693306474680118E-010
           5          21   9.6765506216344484E-011
           5          22  -2.3797777079566481E-010
           5          23  -1.1563932648379164E-009
           5          24   8.9814201879865330E-010
           5          25  -3.9671912227736564E-012
           5          26  -6.5643618686863081E-010
           5          27  -1.1114326248879666E-010
           5          28   4.4189058873454392E-011
           5          29  -3.8563492225537839E-010
           5          30   1.4657369188753023E-006
           5          31  -2.2817778837599887E-008
           5          32   1.7058269545748855E-007
           5          33  -1.9170865161460728E-007
           5          34  -4.5327084121370223E-003
           5          35   5.4309880870870681E-007
           5          36  -4.5327097012787497E-003
           5          37  -9.4811147707939949E-007
           5          38   1.2432459051975823E-007
           5          39  -1.0690571466455100E-002
           6           1 -0.16297657873336879     
           6           2 -0.88703522382417399     
           6           3   1.0875205127355928E-010
           6           4   2.2678166552534920E-010
           6           5  -3.7113759699067256E-010
           6           6   2.2415074760374925     
           6           7  -3.0746626777192807E-010
           6           8  -5.3448454930151267E-010
           6           9   8.4988631319159879E-010
           6          10  -8.7154322483274246E-002
           6          11   1.5790171940455272E-010
           6          12   3.9147707948199595E-011
           6          13   7.0996343816882430E-012
           6          14  0.17979477657091900     
           6          15   3.7093031984626043E-010
           6          16  -5.2231889425229485E-010
           6          17   2.6673228342458165E-010
           6          18  -2.7644019912515326E-002
           6          19   2.8898498010336836E-004
           6          20  -2.7644112532301097E-002
           6          21  -1.8683878947764197E-004
           6          22   2.4320169580182766E-005
           6          23  -2.7644441583506575E-002
           6          24  -2.6549962348254096E-002
           6          25   1.9513473277314684E-004
           6          26  -2.6550043281128779E-002
           6          27  -1.2615879290884358E-004
           6          28   1.6396120507509211E-005
           6          29  -2.6550295518030342E-002
           6          30  -2.6528477058374805E-011
           6          31  -6.7605117659342944E-012
           6          32  -8.2969579186675776E-011
           6          33   2.5038033301179484E-010
           6          34   6.7958596199115021E-011
           6          35  -8.0638616200853382E-013
           6          36   4.0603917469689527E-011
           6          37   1.5368166809245009E-010
           6          38  -4.7180144224780410E-011
           6          39  -3.7008996125379347E-010
           7           1   1.6438234467018169E-011
           7           2   6.4601940014063541E-011
           7           3 -0.72501349557983552     
           7           4   4.4475748516573551E-006
           7           5  -2.8753738560764478E-006
           7           6  -3.0746626777192807E-010
           7           7   2.1856546080741737     
           7           8  -1.2209217186643632E-005
           7           9   7.8934378871676850E-006
           7          10   1.5063312873181700E-010
           7          11   2.5070408009427850E-002
           7          12   1.6533896885679361E-005
           7          13  -1.0688092674580651E-005
           7          14  -1.6648798679297540E-011
           7          15  -6.4596925323886310E-003
           7          16  -4.1438727817674996E-006
           7          17   2.6787972316959281E-006
           7          18  -1.2022299534447576E-009
           7          19   5.2971438686256850E-010
           7          20   2.4433588286110708E-009
           7          21  -6.8292407627287857E-010
           7          22  -1.7882133380361738E-011
           7          23  -1.4090637886269979E-009
           7          24  -1.4892238527433368E-009
           7          25   1.7834097658483166E-010
           7          26   1.5116590554469066E-009
           7          27   1.4024012932393994E-010
           7          28  -2.7725804170038567E-011
           7          29  -2.7060735578188778E-010
           7          30   2.4837950859209576E-002
           7          31  -4.0033126816427701E-006
           7          32   1.0318765675068240E-002
           7          33   7.0358380913732186E-006
           7          34   2.5911199923350813E-006
           7          35  -1.2497809673323198E-007
           7          36  -6.1039098592626518E-007
           7          37   1.0318774829713282E-002
           7          38   9.4443267481091669E-007
           7          39  -4.5513905762045956E-006
           8           1   1.4065332265493044E-011
           8           2   3.4656067305470159E-011
           8           3   4.4475768130888665E-006
           8           4 -0.72501349650081459     
           8           5   3.7260551555312743E-007
           8           6  -5.3448454930151267E-010
           8           7  -1.2209217186643632E-005
           8           8   2.1856546104284642     
           8           9  -1.0241338621634093E-006
           8          10  -2.5764516814674953E-010
           8          11   1.6533937294789921E-005
           8          12   2.5070404354569094E-002
           8          13   1.3736754267921123E-006
           8          14  -2.2998466129357577E-010
           8          15  -4.1438851762247838E-006
           8          16  -6.4596915425300678E-003
           8          17  -3.4470411134060491E-007
           8          18   7.1263425356074164E-011
           8          19  -3.7517563409945398E-011
           8          20  -2.0678139965144641E-009
           8          21   2.2157246684722691E-012
           8          22  -6.1180608584843059E-010
           8          23   1.5569795562778174E-009
           8          24  -1.7462794492280639E-011
           8          25  -4.6264672245835433E-010
           8          26  -8.2090801094330047E-010
           8          27   4.6428915609681466E-012
           8          28   1.1315885746697190E-010
           8          29   5.6325927704926423E-010
           8          30   7.3860812769604123E-006
           8          31   1.0318769281601425E-002
           8          32  -4.4732142735966443E-006
           8          33   2.4837942488202428E-002
           8          34   8.1858826004886900E-008
           8          35   1.0834393569166240E-006
           8          36  -3.8156587193488662E-007
           8          37   9.4449919800516084E-007
           8          38   1.0318782543284404E-002
           8          39   6.2488600259847333E-007
           9           1  -2.3564151332662974E-011
           9           2  -4.9836770807313882E-011
           9           3  -2.8753725240047543E-006
           9           4   3.7260828409158276E-007
           9           5 -0.72501349999367981     
           9           6   8.4988631319159879E-010
           9           7   7.8934378871676850E-006
           9           8  -1.0241338621634093E-006
           9           9   2.1856546197037439     
           9          10   4.4433296465363676E-010
           9          11  -1.0688096416858055E-005
           9          12   1.3737309151052329E-006
           9          13   2.5070390876649182E-002
           9          14   7.3504561866534097E-010
           9          15   2.6787921632406668E-006
           9          16  -3.4472662600019554E-007
           9          17  -6.4596876662831784E-003
           9          18  -3.0355350138886351E-009
           9          19   2.7939628099306888E-011
           9          20   2.5683066017684364E-009
           9          21  -3.7621443398954201E-010
           9          22   6.9358436087061688E-010
           9          23   1.1447237122974484E-009
           9          24  -1.6756749242240909E-009
           9          25   1.2410595666112566E-011
           9          26   2.5728898895229016E-009
           9          27   3.2771336654516387E-010
           9          28  -2.0820059141174435E-010
           9          29  -5.3376607272123415E-010
           9          30  -4.7768400350592442E-006
           9          31   8.1872056803402146E-008
           9          32  -6.1048061520473634E-007
           9          33   6.2432579730066915E-007
           9          34   1.0318778808197374E-002
           9          35  -1.6770057852981974E-006
           9          36   1.0318783743235520E-002
           9          37   2.8937053173273914E-006
           9          38  -3.8072652446502923E-007
           9          39   2.4837932250236214E-002
          10           1   1.0283829636180165E-002
          10           2   3.3614115524885323E-002
          10           3  -6.0278403236783022E-011
          10           4   8.1458331374325666E-011
          10           5  -1.4709180282452208E-010
          10           6  -8.7154322483274246E-002
          10           7   1.5063312873181700E-010
          10           8  -2.5764516814674953E-010
          10           9   4.4433296465363676E-010
          10          10   7.5510900799817940E-002
          10          11  -1.8336828598213379E-010
          10          12  -8.7820124257294989E-011
          10          13   1.2813573015302600E-010
          10          14 -0.22781333748099819     
          10          15  -4.5567390908350062E-010
          10          16   6.3338496287240226E-010
          10          17  -3.5793129491607514E-010
          10          18   5.3710544399756819E-003
          10          19  -4.4303060969384621E-004
          10          20   5.3711870926899854E-003
          10          21   2.8638369657632215E-004
          10          22  -3.6756352512341310E-005
          10          23   5.3716890060917883E-003
          10          24   9.0907497607131873E-003
          10          25  -3.2144229670465945E-004
          10          26   9.0908594808013065E-003
          10          27   2.0778113851439869E-004
          10          28  -2.6609026364331144E-005
          10          29   9.0912444758293968E-003
          10          30   2.5698156659509478E-011
          10          31  -7.5805400750513050E-012
          10          32   1.1577997889390121E-010
          10          33  -1.2153753791791601E-010
          10          34  -9.1743409083807957E-011
          10          35   6.8806403561175664E-014
          10          36  -5.6331946404217626E-011
          10          37  -9.5082910824947738E-011
          10          38   8.0874190605455473E-011
          10          39   2.3418446666042565E-010
          11           1  -1.4231272873183752E-011
          11           2  -5.0471353184041832E-011
          11           3  -9.5885256335502961E-003
          11           4  -5.4621123459885560E-006
          11           5   3.5308904004547435E-006
          11           6   1.5790171940455272E-010
          11           7   2.5070408009427850E-002
          11           8   1.6533937294789921E-005
          11           9  -1.0688096416858055E-005
          11          10  -1.8336828598213379E-010
          11          11   3.0277891435585196E-004
          11          12   2.7122780495940918E-007
          11          13  -1.7533107569159211E-007
          11          14   5.6636540609992303E-010
          11          15  -7.7012039710101134E-005
          11          16  -7.2461944606428301E-008
          11          17   4.6842018715970298E-008
          11          18   1.6461336770854482E-009
          11          19  -9.1218482670624079E-010
          11          20  -1.3562008845317803E-008
          11          21   1.1782343501287998E-009
          11          22  -5.8065947376601488E-012
          11          23   1.1876023167215222E-008
          11          24   1.2690087214531109E-009
          11          25  -6.8519285013022011E-010
          11          26  -1.0626036221928689E-008
          11          27   8.9294204071208361E-010
          11          28  -4.4960754502703662E-012
          11          29   9.2875135074856229E-009
          11          30   4.1047482037977776E-004
          11          31   2.3344799137616641E-007
          11          32   3.7439909935813254E-005
          11          33  -2.6499136785578939E-007
          11          34  -1.5100643556982385E-007
          11          35   4.6985779758485371E-009
          11          36  -3.2649160285806099E-007
          11          37   3.7439266156260936E-005
          11          38   5.0499360860385385E-007
          11          39   1.7141001360028883E-007
          12           1  -4.0402945469344510E-012
          12           2  -1.3066542887677055E-011
          12           3  -5.4621074142372401E-006
          12           4  -9.5885244844548245E-003
          12           5  -4.5375795912558557E-007
          12           6   3.9147707948199595E-011
          12           7   1.6533896885679361E-005
          12           8   2.5070404354569094E-002
          12           9   1.3737309151052329E-006
          12          10  -8.7820124257294989E-011
          12          11   2.7122780495940918E-007
          12          12   3.0277872627092997E-004
          12          13   2.2487230777449295E-008
          12          14   2.5233160061895014E-010
          12          15  -7.2461972266173362E-008
          12          16  -7.7011989366653882E-005
          12          17  -6.0079347379104764E-009
          12          18   2.1316816001451445E-009
          12          19   5.9039533791520497E-010
          12          20   1.3267030695015025E-008
          12          21  -1.3274156369255493E-011
          12          22   1.0931133249276250E-009
          12          23  -1.5419104119929956E-008
          12          24   1.6604841114974816E-009
          12          25   4.3524992532989100E-010
          12          26   1.0383514756620665E-008
          12          27  -1.0459362125658061E-011
          12          28   8.2690191002423715E-010
          12          29  -1.2074770059494190E-008
          12          30  -2.0102096983827897E-007
          12          31   3.7439784982109457E-005
          12          32   1.4762638385059235E-007
          12          33   4.1047495120051915E-004
          12          34   4.2612589235433414E-008
          12          35  -2.7017284303464225E-008
          12          36   1.3953407845675557E-008
          12          37   5.0499020843740102E-007
          12          38   3.7438989089549619E-005
          12          39  -1.8527854052597489E-008
          13           1  -1.0834540005751616E-012
          13           2  -8.4544665905429011E-012
          13           3   3.5308895899851923E-006
          13           4  -4.5374297625623295E-007
          13           5  -9.5885201113964889E-003
          13           6   7.0996343816882430E-012
          13           7  -1.0688092674580651E-005
          13           8   1.3736754267921123E-006
          13           9   2.5070390876649182E-002
          13          10   1.2813573015302600E-010
          13          11  -1.7533107569159211E-007
          13          12   2.2487230777449295E-008
          13          13   3.0277837972947157E-004
          13          14  -3.6487104145289915E-010
          13          15   4.6841951296255740E-008
          13          16  -6.0080461552495932E-009
          13          17  -7.7011888499103865E-005
          13          18   1.1986529228592982E-008
          13          19  -2.1295011281203790E-011
          13          20   7.2799478251574704E-009
          13          21  -3.5394793266744839E-010
          13          22  -6.4586489707334348E-010
          13          23  -1.9237945406759024E-008
          13          24   9.3934968246134851E-009
          13          25  -1.7273478946987423E-011
          13          26   5.7102203229278562E-009
          13          27  -2.5674815302161793E-010
          13          28  -4.9393677141368810E-010
          13          29  -1.5060740176373367E-008
          13          30   1.2963890550291198E-007
          13          31   4.2612853365052151E-008
          13          32  -3.2648590315454595E-007
          13          33  -1.8504257637784030E-008
          13          34   3.7439119391148096E-005
          13          35   4.1641302943940682E-008
          13          36   3.7438801692292700E-005
          13          37  -9.4970294371082769E-008
          13          38   1.3921524982853176E-008
          13          39   4.1047523370779855E-004
          14           1  -1.5408280605934931E-002
          14           2  -5.5053575608733502E-002
          14           3   2.2714506179630634E-011
          14           4   8.8643504801955246E-011
          14           5  -2.5167760876691784E-010
          14           6  0.17979477657091900     
          14           7  -1.6648798679297540E-011
          14           8  -2.2998466129357577E-010
          14           9   7.3504561866534097E-010
          14          10 -0.22781333748099819     
          14          11   5.6636540609992303E-010
          14          12   2.5233160061895014E-010
          14          13  -3.6487104145289915E-010
          14          14  0.69064779949772981     
          14          15   1.3789694652325937E-009
          14          16  -1.9160280417539476E-009
          14          17   1.0789571051373517E-009
          14          18  -1.5262786471794569E-002
          14          19   2.3603494236984672E-004
          14          20  -1.5262731068273567E-002
          14          21  -1.5256537074375299E-004
          14          22   1.9448414359814341E-005
          14          23  -1.5262851761246530E-002
          14          24  -2.6774003280849792E-002
          14          25   1.4445150206484866E-004
          14          26  -2.6773972492151080E-002
          14          27  -9.3353351180703562E-005
          14          28   1.1740077315858357E-005
          14          29  -2.6774060281224418E-002
          14          30  -5.5915502079648020E-011
          14          31   2.5319016382708026E-011
          14          32  -3.6017806897502766E-010
          14          33   3.3975113496915317E-010
          14          34   2.6924026320464298E-010
          14          35  -5.2520169833538353E-013
          14          36   1.6191224298944122E-010
          14          37   2.7670535476066683E-010
          14          38  -2.4389606420101901E-010
          14          39  -6.4906157145530651E-010
          15           1  -3.3462836912899396E-011
          15           2  -1.1757220279392891E-010
          15           3   2.6635894194716589E-003
          15           4   1.3634979302744034E-006
          15           5  -8.8142530345973278E-007
          15           6   3.7093031984626043E-010
          15           7  -6.4596925323886310E-003
          15           8  -4.1438851762247838E-006
          15           9   2.6787921632406668E-006
          15          10  -4.5567390908350062E-010
          15          11  -7.7012039710101134E-005
          15          12  -7.2461972266173362E-008
          15          13   4.6841951296255740E-008
          15          14   1.3789694652325937E-009
          15          15   1.9691565086855925E-005
          15          16   1.9392704727372373E-008
          15          17  -1.2536122505238642E-008
          15          18   3.8315547552404823E-009
          15          19   6.5517678557282385E-011
          15          20  -8.7822500746792611E-009
          15          21  -1.3370838484909487E-010
          15          22   7.9811521389890925E-012
          15          23   4.8592876823932578E-009
          15          24   2.9686788478093633E-009
          15          25   4.9951968907554358E-011
          15          26  -6.8966762400073884E-009
          15          27  -1.0197461889687426E-010
          15          28   6.0470450924614343E-012
          15          29   3.7680667770471211E-009
          15          30  -9.6283565504121272E-005
          15          31  -7.0368706636754019E-008
          15          32  -1.6145298233496549E-005
          15          33   6.7993559217391967E-008
          15          34   4.5500931102430059E-008
          15          35  -7.5691359400865011E-010
          15          36   7.9839399073353618E-008
          15          37  -1.6145136950864883E-005
          15          38  -1.2350519659524053E-007
          15          39  -4.3963723638210934E-008
          16           1   4.7453625732142653E-011
          16           2   1.6725522934131173E-010
          16           3   1.3634978827250412E-006
          16           4   2.6635891250200825E-003
          16           5   1.1341805128789418E-007
          16           6  -5.2231889425229485E-010
          16           7  -4.1438727817674996E-006
          16           8  -6.4596915425300678E-003
          16           9  -3.4472662600019554E-007
          16          10   6.3338496287240226E-010
          16          11  -7.2461944606428301E-008
          16          12  -7.7011989366653882E-005
          16          13  -6.0080461552495932E-009
          16          14  -1.9160280417539476E-009
          16          15   1.9392704727372373E-008
          16          16   1.9691551596330377E-005
          16          17   1.6076887610654720E-009
          16          18  -4.1851506574740872E-009
          16          19   6.7617171089485352E-011
          16          20  -5.8280580248654119E-009
          16          21   5.3193204624009159E-012
          16          22  -1.7753053822683065E-010
          16          23   1.0142403995300172E-008
          16          24  -3.2317694389264766E-009
          16          25   5.3075425499085944E-011
          16          26  -4.5199979082380417E-009
          16          27   4.1984392211649988E-012
          16          28  -1.3494055447627309E-010
          16          29   7.9759902051634499E-009
          16          30   5.6206862891922620E-008
          16          31  -1.6145256668914342E-005
          16          32  -5.4556096144284684E-008
          16          33  -9.6283608198502574E-005
          16          34  -1.0315594251886688E-008
          16          35   3.8747770220872328E-009
          16          36  -4.8032393212599747E-009
          16          37  -1.2350431024833617E-007
          16          38  -1.6145059287321989E-005
          16          39   4.9270532456282442E-009
          17           1  -2.3989624541849257E-011
          17           2  -8.3330845881221474E-011
          17           3  -8.8142794745910011E-007
          17           4   1.1341308088343567E-007
          17           5   2.6635878911526558E-003
          17           6   2.6673228342458165E-010
          17           7   2.6787972316959281E-006
          17           8  -3.4470411134060491E-007
          17           9  -6.4596876662831784E-003
          17          10  -3.5793129491607514E-010
          17          11   4.6842018715970298E-008
          17          12  -6.0079347379104764E-009
          17          13  -7.7011888499103865E-005
          17          14   1.0789571051373517E-009
          17          15  -1.2536122505238642E-008
          17          16   1.6076887610654720E-009
          17          17   1.9691522688127093E-005
          17          18  -3.8215981085411784E-010
          17          19  -3.6800314058182196E-012
          17          20   4.9428516296479207E-009
          17          21   1.6055796059455840E-010
          17          22  -6.4846473367101645E-011
          17          23  -4.6339576378857952E-009
          17          24  -3.2465820154644258E-010
          17          25  -3.1194180842930573E-012
          17          26   3.8405912032599302E-009
          17          27   1.1806648314440974E-010
          17          28  -4.6307180498130556E-011
          17          29  -3.6421147069706239E-009
          17          30  -3.6269623006866872E-008
          17          31  -1.0315649659981967E-008
          17          32   7.9837977873060522E-008
          17          33   4.9235402225633834E-009
          17          34  -1.6145086352315756E-005
          17          35  -5.9625111641633743E-009
          17          36  -1.6145006366649621E-005
          17          37   3.5179793070252838E-008
          17          38  -4.7982630349012155E-009
          17          39  -9.6283669022243149E-005
          18           1   2.7526392217769140E-002
          18           2   1.6338442420814385E-002
          18           3   4.2549672048754976E-010
          18           4   2.7223858379265218E-010
          18           5   1.4370871280742242E-009
          18           6  -2.7644019912515326E-002
          18           7  -1.2022299534447576E-009
          18           8   7.1263425356074164E-011
          18           9  -3.0355350138886351E-009
          18          10   5.3710544399756819E-003
          18          11   1.6461336770854482E-009
          18          12   2.1316816001451445E-009
          18          13   1.1986529228592982E-008
          18          14  -1.5262786471794569E-002
          18          15   3.8315547552404823E-009
          18          16  -4.1851506574740872E-009
          18          17  -3.8215981085411784E-010
          18          18  0.44666870705253359     
          18          19   1.9815166769814280E-005
          18          20 -0.22199082516589608     
          18          21  -1.2776859233795118E-005
          18          22   7.1270357034020824E-007
          18          23 -0.22199080787151304     
          18          24  0.34948981179431360     
          18          25   3.2748438488376446E-006
          18          26 -0.17347319491859395     
          18          27  -2.1032496844140033E-006
          18          28   3.2098568290761783E-006
          18          29 -0.17347321445574868     
          18          30   4.0086936544438712E-010
          18          31  -7.8400300917521082E-010
          18          32  -8.7991990673071319E-010
          18          33  -3.0409772185453621E-011
          18          34  -1.4606709353269131E-012
          18          35   6.9135795505109305E-010
          18          36  -6.3481144976239408E-010
          18          37   6.8699049792739824E-010
          18          38  -5.8567082849428022E-010
          18          39  -6.1855256621813693E-010
          19           1  -2.2263893821697866E-005
          19           2  -9.3780392655490804E-005
          19           3  -1.9680917098420058E-010
          19           4   3.5731895263608190E-011
          19           5  -1.1569774214343928E-011
          19           6   2.8898498010336836E-004
          19           7   5.2971438686256850E-010
          19           8  -3.7517563409945398E-011
          19           9   2.7939628099306888E-011
          19          10  -4.4303060969384621E-004
          19          11  -9.1218482670624079E-010
          19          12   5.9039533791520497E-010
          19          13  -2.1295011281203790E-011
          19          14   2.3603494236984672E-004
          19          15   6.5517678557282385E-011
          19          16   6.7617171089485352E-011
          19          17  -3.6800314058182196E-012
          19          18   1.9815166769814280E-005
          19          19  0.46109830794538265     
          19          20   2.4918476427609028E-005
          19          21  -6.9909357632606406E-007
          19          22   8.3556247722278702E-006
          19          23   9.1701040899271839E-006
          19          24   3.2601595469328070E-005
          19          25  0.34593510427782753     
          19          26   3.1616864527273951E-005
          19          27   4.3907560505166327E-007
          19          28  -1.6211928664555028E-006
          19          29   3.0893632462674020E-005
          19          30  -6.1299133527011963E-011
          19          31   3.6530237176690894E-011
          19          32  -8.5043932381987618E-011
          19          33   3.6015469961161987E-011
          19          34  -5.7268179522412528E-013
          19          35   1.3602827488621527E-010
          19          36  -1.5566966044666110E-012
          19          37  -3.7917001216943319E-011
          19          38  -2.2179067109453249E-011
          19          39   3.0688825364520373E-012
          20           1   2.7526399422678122E-002
          20           2   1.6338475179596353E-002
          20           3  -1.1653873945347148E-009
          20           4   1.0972687220152715E-009
          20           5  -6.2693306474680118E-010
          20           6  -2.7644112532301097E-002
          20           7   2.4433588286110708E-009
          20           8  -2.0678139965144641E-009
          20           9   2.5683066017684364E-009
          20          10   5.3711870926899854E-003
          20          11  -1.3562008845317803E-008
          20          12   1.3267030695015025E-008
          20          13   7.2799478251574704E-009
          20          14  -1.5262731068273567E-002
          20          15  -8.7822500746792611E-009
          20          16  -5.8280580248654119E-009
          20          17   4.9428516296479207E-009
          20          18 -0.22199082516589608     
          20          19   2.4918476427609028E-005
          20          20  0.44666866497054436     
          20          21  -5.9116183671295737E-006
          20          22   1.9144040475092453E-006
          20          23 -0.22199079351679268     
          20          24 -0.17347320879887368     
          20          25   2.2880607261831990E-006
          20          26  0.34948977810610704     
          20          27  -2.4245444233278197E-005
          20          28   2.1043299506679964E-007
          20          29 -0.17347322850274957     
          20          30  -1.0536402473965036E-009
          20          31  -6.8930622886193485E-010
          20          32   6.2861381360719980E-010
          20          33  -6.6119095138474808E-010
          20          34  -1.4926703093292714E-009
          20          35   1.1430310971318255E-009
          20          36  -1.4134234318731855E-009
          20          37  -9.2110976976769299E-011
          20          38  -1.0600105498396462E-009
          20          39  -1.5304941831127792E-009
          21           1   1.4394319478264969E-005
          21           2   6.0631673377732144E-005
          21           3   2.5637688192508587E-010
          21           4  -9.1720865161760027E-013
          21           5   9.6765506216344484E-011
          21           6  -1.8683878947764197E-004
          21           7  -6.8292407627287857E-010
          21           8   2.2157246684722691E-012
          21           9  -3.7621443398954201E-010
          21          10   2.8638369657632215E-004
          21          11   1.1782343501287998E-009
          21          12  -1.3274156369255493E-011
          21          13  -3.5394793266744839E-010
          21          14  -1.5256537074375299E-004
          21          15  -1.3370838484909487E-010
          21          16   5.3193204624009159E-012
          21          17   1.6055796059455840E-010
          21          18  -1.2776859233795118E-005
          21          19  -6.9909357632606406E-007
          21          20  -5.9116183671295737E-006
          21          21  0.46109872140968283     
          21          22  -1.2968995728595532E-005
          21          23  -1.6164105095284651E-005
          21          24  -2.1063146327992215E-005
          21          25   4.3913480250555139E-007
          21          26  -1.9975906028224353E-005
          21          27  0.34593528374297189     
          21          28   2.4812968804436873E-006
          21          29  -2.0459537794036804E-005
          21          30  -1.9937820772589406E-011
          21          31  -2.4942176575654713E-013
          21          32  -9.4319684328750952E-012
          21          33  -3.1916753509439190E-012
          21          34  -7.6072052084811653E-011
          21          35  -2.6670045917472349E-011
          21          36   1.8702623960233428E-011
          21          37   2.7498377196320923E-010
          21          38   4.8694733910774594E-012
          21          39  -9.0721194356660301E-011
          22           1  -1.8729456484924352E-006
          22           2  -7.8857442676699416E-006
          22           3   6.4439292571157921E-012
          22           4   2.2783935391731129E-010
          22           5  -2.3797777079566481E-010
          22           6   2.4320169580182766E-005
          22           7  -1.7882133380361738E-011
          22           8  -6.1180608584843059E-010
          22           9   6.9358436087061688E-010
          22          10  -3.6756352512341310E-005
          22          11  -5.8065947376601488E-012
          22          12   1.0931133249276250E-009
          22          13  -6.4586489707334348E-010
          22          14   1.9448414359814341E-005
          22          15   7.9811521389890925E-012
          22          16  -1.7753053822683065E-010
          22          17  -6.4846473367101645E-011
          22          18   7.1270357034020824E-007
          22          19   8.3556247722278702E-006
          22          20   1.9144040475092453E-006
          22          21  -1.2968995728595532E-005
          22          22  0.46109900575538521     
          22          23   1.9317612448351824E-006
          22          24   2.7184125518624197E-006
          22          25  -1.6218555841727495E-006
          22          26   2.6674241527256714E-006
          22          27   2.4817212999196179E-006
          22          28  0.34593541189934862     
          22          29   2.6781182608684684E-006
          22          30  -2.2409055553643263E-012
          22          31   1.9769979410776969E-011
          22          32  -1.8188474850341021E-012
          22          33   8.2994544625761114E-012
          22          34  -1.9591741357225490E-011
          22          35  -3.5530647283384715E-011
          22          36  -5.9286053740091573E-011
          22          37   4.6300722656741961E-012
          22          38   2.6794013205440455E-010
          22          39  -1.5087070417586763E-011
          23           1   2.7526424757490252E-002
          23           2   1.6338584756762493E-002
          23           3   7.9959151447273104E-010
          23           4  -1.1597210038330728E-009
          23           5  -1.1563932648379164E-009
          23           6  -2.7644441583506575E-002
          23           7  -1.4090637886269979E-009
          23           8   1.5569795562778174E-009
          23           9   1.1447237122974484E-009
          23          10   5.3716890060917883E-003
          23          11   1.1876023167215222E-008
          23          12  -1.5419104119929956E-008
          23          13  -1.9237945406759024E-008
          23          14  -1.5262851761246530E-002
          23          15   4.8592876823932578E-009
          23          16   1.0142403995300172E-008
          23          17  -4.6339576378857952E-009
          23          18 -0.22199080787151304     
          23          19   9.1701040899271839E-006
          23          20 -0.22199079351679268     
          23          21  -1.6164105095284651E-005
          23          22   1.9317612448351824E-006
          23          23  0.44666857243737240     
          23          24 -0.17347325010822023     
          23          25   3.7506396025016521E-005
          23          26 -0.17347325151718157     
          23          27  -1.4989099524241524E-006
          23          28   2.2433403628359163E-007
          23          29  0.34948971611003565     
          23          30   6.5855289561834319E-010
          23          31   1.4630691988431399E-009
          23          32   2.7131790664166305E-010
          23          33   6.6795042897833455E-010
          23          34   1.4894627378894372E-009
          23          35  -1.8343109198991357E-009
          23          36   2.0504949315933466E-009
          23          37  -6.1946898009179506E-010
          23          38   1.6522598896307044E-009
          23          39   2.1940931784011198E-009
          24           1   5.9092987909252770E-003
          24           2   1.3626097003504711E-002
          24           3   5.2405974297456271E-010
          24           4   2.2405316855458884E-010
          24           5   8.9814201879865330E-010
          24           6  -2.6549962348254096E-002
          24           7  -1.4892238527433368E-009
          24           8  -1.7462794492280639E-011
          24           9  -1.6756749242240909E-009
          24          10   9.0907497607131873E-003
          24          11   1.2690087214531109E-009
          24          12   1.6604841114974816E-009
          24          13   9.3934968246134851E-009
          24          14  -2.6774003280849792E-002
          24          15   2.9686788478093633E-009
          24          16  -3.2317694389264766E-009
          24          17  -3.2465820154644258E-010
          24          18  0.34948981179431360     
          24          19   3.2601595469328070E-005
          24          20 -0.17347320879887368     
          24          21  -2.1063146327992215E-005
          24          22   2.7184125518624197E-006
          24          23 -0.17347325010822023     
          24          24  0.27389877418628106     
          24          25   1.6095319078993425E-005
          24          26 -0.13511403480436374     
          24          27  -1.0404307059962693E-005
          24          28   4.1924172644407966E-006
          24          29 -0.13511409276229353     
          24          30   3.0940938073408676E-010
          24          31  -6.1124887780103258E-010
          24          32  -6.8366442313933534E-010
          24          33  -3.6228902274594450E-011
          24          34  -1.9602863107062026E-011
          24          35   5.4074642568579954E-010
          24          36  -5.1262944466619222E-010
          24          37   5.2814932244410566E-010
          24          38  -4.5035894223300495E-010
          24          39  -4.3739853373303387E-010
          25           1  -1.4305748373240419E-005
          25           2  -6.1285256236147867E-005
          25           3  -8.7939753765670482E-011
          25           4   1.6861920106504902E-010
          25           5  -3.9671912227736564E-012
          25           6   1.9513473277314684E-004
          25           7   1.7834097658483166E-010
          25           8  -4.6264672245835433E-010
          25           9   1.2410595666112566E-011
          25          10  -3.2144229670465945E-004
          25          11  -6.8519285013022011E-010
          25          12   4.3524992532989100E-010
          25          13  -1.7273478946987423E-011
          25          14   1.4445150206484866E-004
          25          15   4.9951968907554358E-011
          25          16   5.3075425499085944E-011
          25          17  -3.1194180842930573E-012
          25          18   3.2748438488376446E-006
          25          19  0.34593510427782753     
          25          20   2.2880607261831990E-006
          25          21   4.3913480250555139E-007
          25          22  -1.6218555841727495E-006
          25          23   3.7506396025016521E-005
          25          24   1.6095319078993425E-005
          25          25  0.25953488886817572     
          25          26   1.1590308029272569E-005
          25          27   1.0519454377905473E-006
          25          28  -7.1360386878688959E-006
          25          29   4.7832876091903517E-005
          25          30  -4.1146198049724661E-011
          25          31   3.4526364814940644E-011
          25          32  -6.9559539811103985E-011
          25          33   8.3099894741512880E-012
          25          34  -5.9764946802675887E-013
          25          35   1.0193529615208483E-010
          25          36  -1.3003668681049133E-012
          25          37  -3.4316653636266019E-011
          25          38  -9.4851618045979155E-012
          25          39   2.7240675664171012E-012
          26           1   5.9093048509040623E-003
          26           2   1.3626124402520857E-002
          26           3  -7.6896734865529018E-010
          26           4   5.4979717969690650E-010
          26           5  -6.5643618686863081E-010
          26           6  -2.6550043281128779E-002
          26           7   1.5116590554469066E-009
          26           8  -8.2090801094330047E-010
          26           9   2.5728898895229016E-009
          26          10   9.0908594808013065E-003
          26          11  -1.0626036221928689E-008
          26          12   1.0383514756620665E-008
          26          13   5.7102203229278562E-009
          26          14  -2.6773972492151080E-002
          26          15  -6.8966762400073884E-009
          26          16  -4.5199979082380417E-009
          26          17   3.8405912032599302E-009
          26          18 -0.17347319491859395     
          26          19   3.1616864527273951E-005
          26          20  0.34948977810610704     
          26          21  -1.9975906028224353E-005
          26          22   2.6674241527256714E-006
          26          23 -0.17347325151718157     
          26          24 -0.13511403480436374     
          26          25   1.1590308029272569E-005
          26          26  0.27389874768059025     
          26          27  -3.0934515531563442E-005
          26          28   1.1031464647565534E-006
          26          29 -0.13511411355409728     
          26          30  -8.4684292601086883E-010
          26          31  -5.5577455290709911E-010
          26          32   5.1022917299963921E-010
          26          33  -4.8509343820413500E-010
          26          34  -1.1827009906285660E-009
          26          35   8.9398760166754854E-010
          26          36  -1.1183853001452904E-009
          26          37  -6.7059556413190637E-011
          26          38  -8.3996558988194597E-010
          26          39  -1.1580136047470629E-009
          27           1   9.2489602962167640E-006
          27           2   3.9622040959737143E-005
          27           3  -1.3812135473229318E-011
          27           4  -1.5025822702620782E-012
          27           5  -1.1114326248879666E-010
          27           6  -1.2615879290884358E-004
          27           7   1.4024012932393994E-010
          27           8   4.6428915609681466E-012
          27           9   3.2771336654516387E-010
          27          10   2.0778113851439869E-004
          27          11   8.9294204071208361E-010
          27          12  -1.0459362125658061E-011
          27          13  -2.5674815302161793E-010
          27          14  -9.3353351180703562E-005
          27          15  -1.0197461889687426E-010
          27          16   4.1984392211649988E-012
          27          17   1.1806648314440974E-010
          27          18  -2.1032496844140033E-006
          27          19   4.3907560505166327E-007
          27          20  -2.4245444233278197E-005
          27          21  0.34593528374297189     
          27          22   2.4817212999196179E-006
          27          23  -1.4989099524241524E-006
          27          24  -1.0404307059962693E-005
          27          25   1.0519454377905473E-006
          27          26  -3.0934515531563442E-005
          27          27  0.25953492350477492     
          27          28   1.1023152021569428E-005
          27          29  -7.4912778813531681E-006
          27          30   5.7407505015715087E-014
          27          31  -3.7698431256637235E-013
          27          32  -9.0227854577033735E-012
          27          33  -1.9674913764694760E-012
          27          34  -6.6782519732704451E-011
          27          35  -2.0055748919021039E-011
          27          36   4.3070569323722931E-012
          27          37   2.0443386061717079E-010
          27          38   3.4887334723686922E-012
          27          39  -4.1853197722735354E-011
          28           1  -1.2018226776559432E-006
          28           2  -5.1472155796560875E-006
          28           3   7.5274042503866516E-012
          28           4  -7.0765617356306551E-012
          28           5   4.4189058873454392E-011
          28           6   1.6396120507509211E-005
          28           7  -2.7725804170038567E-011
          28           8   1.1315885746697190E-010
          28           9  -2.0820059141174435E-010
          28          10  -2.6609026364331144E-005
          28          11  -4.4960754502703662E-012
          28          12   8.2690191002423715E-010
          28          13  -4.9393677141368810E-010
          28          14   1.1740077315858357E-005
          28          15   6.0470450924614343E-012
          28          16  -1.3494055447627309E-010
          28          17  -4.6307180498130556E-011
          28          18   3.2098568290761783E-006
          28          19  -1.6211928664555028E-006
          28          20   2.1043299506679964E-007
          28          21   2.4812968804436873E-006
          28          22  0.34593541189934862     
          28          23   2.2433403628359163E-007
          28          24   4.1924172644407966E-006
          28          25  -7.1360386878688959E-006
          28          26   1.1031464647565534E-006
          28          27   1.1023152021569428E-005
          28          28  0.25953495439432583     
          28          29   1.1118580215579003E-006
          28          30  -2.1408459137036267E-012
          28          31   1.6110380304129712E-011
          28          32  -1.2304172535219557E-012
          28          33   1.4860692391215930E-011
          28          34  -1.1882916550281707E-011
          28          35  -2.6660065212788216E-011
          28          36  -4.1664125940177166E-011
          28          37   3.6118245997702604E-012
          28          38   2.0230259933829448E-010
          28          39  -2.9074918189777351E-011
          29           1   5.9093235635781591E-003
          29           2   1.3626206012301151E-002
          29           3   3.2119586118514850E-010
          29           4  -6.7393866992575994E-010
          29           5  -3.8563492225537839E-010
          29           6  -2.6550295518030342E-002
          29           7  -2.7060735578188778E-010
          29           8   5.6325927704926423E-010
          29           9  -5.3376607272123415E-010
          29          10   9.0912444758293968E-003
          29          11   9.2875135074856229E-009
          29          12  -1.2074770059494190E-008
          29          13  -1.5060740176373367E-008
          29          14  -2.6774060281224418E-002
          29          15   3.7680667770471211E-009
          29          16   7.9759902051634499E-009
          29          17  -3.6421147069706239E-009
          29          18 -0.17347321445574868     
          29          19   3.0893632462674020E-005
          29          20 -0.17347322850274957     
          29          21  -2.0459537794036804E-005
          29          22   2.6781182608684684E-006
          29          23  0.34948971611003565     
          29          24 -0.13511409276229353     
          29          25   4.7832876091903517E-005
          29          26 -0.13511411355409728     
          29          27  -7.4912778813531681E-006
          29          28   1.1118580215579003E-006
          29          29  0.27389870775034564     
          29          30   5.4210114178667148E-010
          29          31   1.1547057477680818E-009
          29          32   2.1317668210154991E-010
          29          33   4.8617467828730946E-010
          29          34   1.1870691290327814E-009
          29          35  -1.4346245925945555E-009
          29          36   1.6281622903253526E-009
          29          37  -4.9735274315653233E-010
          29          38   1.3084899275195767E-009
          29          39   1.6611800851989344E-009
          30           1   1.6357184746689762E-012
          30           2   7.1962775461573404E-012
          30           3  -1.0690577442508229E-002
          30           4  -2.2663035453812574E-006
          30           5   1.4657369188753023E-006
          30           6  -2.6528477058374805E-011
          30           7   2.4837950859209576E-002
          30           8   7.3860812769604123E-006
          30           9  -4.7768400350592442E-006
          30          10   2.5698156659509478E-011
          30          11   4.1047482037977776E-004
          30          12  -2.0102096983827897E-007
          30          13   1.2963890550291198E-007
          30          14  -5.5915502079648020E-011
          30          15  -9.6283565504121272E-005
          30          16   5.6206862891922620E-008
          30          17  -3.6269623006866872E-008
          30          18   4.0086936544438712E-010
          30          19  -6.1299133527011963E-011
          30          20  -1.0536402473965036E-009
          30          21  -1.9937820772589406E-011
          30          22  -2.2409055553643263E-012
          30          23   6.5855289561834319E-010
          30          24   3.0940938073408676E-010
          30          25  -4.1146198049724661E-011
          30          26  -8.4684292601086883E-010
          30          27   5.7407505015715087E-014
          30          28  -2.1408459137036267E-012
          30          29   5.4210114178667148E-010
          30          30   1.3558218433974967E-003
          30          31  -9.4781737999804441E-007
          30          32  -5.8559040617095959E-004
          30          33  -3.9340782080129148E-007
          30          34   6.1258039855475820E-007
          30          35   4.8810532195232878E-008
          30          36  -6.2177223572810136E-007
          30          37  -5.8559134819708260E-004
          30          38   9.6208806787025741E-007
          30          39   2.5418409434512510E-007
          31           1   1.8386167716788988E-013
          31           2   7.2234005984440608E-013
          31           3   1.3179107800008270E-006
          31           4  -4.5327055507594534E-003
          31           5  -2.2817778837599887E-008
          31           6  -6.7605117659342944E-012
          31           7  -4.0033126816427701E-006
          31           8   1.0318769281601425E-002
          31           9   8.1872056803402146E-008
          31          10  -7.5805400750513050E-012
          31          11   2.3344799137616641E-007
          31          12   3.7439784982109457E-005
          31          13   4.2612853365052151E-008
          31          14   2.5319016382708026E-011
          31          15  -7.0368706636754019E-008
          31          16  -1.6145256668914342E-005
          31          17  -1.0315649659981967E-008
          31          18  -7.8400300917521082E-010
          31          19   3.6530237176690894E-011
          31          20  -6.8930622886193485E-010
          31          21  -2.4942176575654713E-013
          31          22   1.9769979410776969E-011
          31          23   1.4630691988431399E-009
          31          24  -6.1124887780103258E-010
          31          25   3.4526364814940644E-011
          31          26  -5.5577455290709911E-010
          31          27  -3.7698431256637235E-013
          31          28   1.6110380304129712E-011
          31          29   1.1547057477680818E-009
          31          30  -9.4781737999804441E-007
          31          31   5.1264016986142036E-004
          31          32   1.6689806446213856E-006
          31          33  -5.8558873586823934E-004
          31          34  -1.1359306823033029E-007
          31          35   2.2886285771620896E-007
          31          36   2.0676140393141234E-008
          31          37   1.8422123532593360E-008
          31          38   5.1263954416442300E-004
          31          39   1.0538818558909355E-007
          32           1   6.4749269192853973E-012
          32           2   2.2008283041276666E-011
          32           3  -4.5327042427401945E-003
          32           4   1.4656664371837370E-006
          32           5   1.7058269545748855E-007
          32           6  -8.2969579186675776E-011
          32           7   1.0318765675068240E-002
          32           8  -4.4732142735966443E-006
          32           9  -6.1048061520473634E-007
          32          10   1.1577997889390121E-010
          32          11   3.7439909935813254E-005
          32          12   1.4762638385059235E-007
          32          13  -3.2648590315454595E-007
          32          14  -3.6017806897502766E-010
          32          15  -1.6145298233496549E-005
          32          16  -5.4556096144284684E-008
          32          17   7.9837977873060522E-008
          32          18  -8.7991990673071319E-010
          32          19  -8.5043932381987618E-011
          32          20   6.2861381360719980E-010
          32          21  -9.4319684328750952E-012
          32          22  -1.8188474850341021E-012
          32          23   2.7131790664166305E-010
          32          24  -6.8366442313933534E-010
          32          25  -6.9559539811103985E-011
          32          26   5.1022917299963921E-010
          32          27  -9.0227854577033735E-012
          32          28  -1.2304172535219557E-012
          32          29   2.1317668210154991E-010
          32          30  -5.8559040617095959E-004
          32          31   1.6689806446213856E-006
          32          32   5.1264315535151737E-004
          32          33  -1.3085306378249979E-006
          32          34  -1.0372629505917282E-008
          32          35  -3.3382225871719600E-008
          32          36   7.6305120995497786E-007
          32          37   5.1263904179652659E-004
          32          38   4.7280317330601047E-007
          32          39  -8.4308664776695252E-007
          33           1  -2.2284756000506159E-011
          33           2  -8.6921114470824437E-011
          33           3  -2.1561678910711337E-006
          33           4  -1.0690574734747217E-002
          33           5  -1.9170865161460728E-007
          33           6   2.5038033301179484E-010
          33           7   7.0358380913732186E-006
          33           8   2.4837942488202428E-002
          33           9   6.2432579730066915E-007
          33          10  -1.2153753791791601E-010
          33          11  -2.6499136785578939E-007
          33          12   4.1047495120051915E-004
          33          13  -1.8504257637784030E-008
          33          14   3.3975113496915317E-010
          33          15   6.7993559217391967E-008
          33          16  -9.6283608198502574E-005
          33          17   4.9235402225633834E-009
          33          18  -3.0409772185453621E-011
          33          19   3.6015469961161987E-011
          33          20  -6.6119095138474808E-010
          33          21  -3.1916753509439190E-012
          33          22   8.2994544625761114E-012
          33          23   6.6795042897833455E-010
          33          24  -3.6228902274594450E-011
          33          25   8.3099894741512880E-012
          33          26  -4.8509343820413500E-010
          33          27  -1.9674913764694760E-012
          33          28   1.4860692391215930E-011
          33          29   4.8617467828730946E-010
          33          30  -3.9340782080129148E-007
          33          31  -5.8558873586823934E-004
          33          32  -1.3085306378249979E-006
          33          33   1.3558205720310115E-003
          33          34   1.0521080908867650E-007
          33          35  -3.2791257906404052E-007
          33          36  -1.0523385444797216E-007
          33          37   1.3007600803481813E-006
          33          38  -5.8559099620341109E-004
          33          39  -3.1927210030591534E-008
          34           1  -3.9706975733241400E-012
          34           2  -1.3288988908813255E-011
          34           3  -8.5291614542773336E-007
          34           4  -2.2811999027310806E-008
          34           5  -4.5327084121370223E-003
          34           6   6.7958596199115021E-011
          34           7   2.5911199923350813E-006
          34           8   8.1858826004886900E-008
          34           9   1.0318778808197374E-002
          34          10  -9.1743409083807957E-011
          34          11  -1.5100643556982385E-007
          34          12   4.2612589235433414E-008
          34          13   3.7439119391148096E-005
          34          14   2.6924026320464298E-010
          34          15   4.5500931102430059E-008
          34          16  -1.0315594251886688E-008
          34          17  -1.6145086352315756E-005
          34          18  -1.4606709353269131E-012
          34          19  -5.7268179522412528E-013
          34          20  -1.4926703093292714E-009
          34          21  -7.6072052084811653E-011
          34          22  -1.9591741357225490E-011
          34          23   1.4894627378894372E-009
          34          24  -1.9602863107062026E-011
          34          25  -5.9764946802675887E-013
          34          26  -1.1827009906285660E-009
          34          27  -6.6782519732704451E-011
          34          28  -1.1882916550281707E-011
          34          29   1.1870691290327814E-009
          34          30   6.1258039855475820E-007
          34          31  -1.1359306823033029E-007
          34          32  -1.0372629505917282E-008
          34          33   1.0521080908867650E-007
          34          34   5.1264011330219594E-004
          34          35  -3.5345869374179235E-007
          34          36   5.1263974150690618E-004
          34          37  -1.0802400205752933E-006
          34          38   2.0913812821367638E-008
          34          39  -5.8558942677234941E-004
          35           1   7.0375378224677871E-014
          35           2   2.7152134462036971E-013
          35           3   4.0896292676348660E-008
          35           4  -3.5089841177334252E-007
          35           5   5.4309880870870681E-007
          35           6  -8.0638616200853382E-013
          35           7  -1.2497809673323198E-007
          35           8   1.0834393569166240E-006
          35           9  -1.6770057852981974E-006
          35          10   6.8806403561175664E-014
          35          11   4.6985779758485371E-009
          35          12  -2.7017284303464225E-008
          35          13   4.1641302943940682E-008
          35          14  -5.2520169833538353E-013
          35          15  -7.5691359400865011E-010
          35          16   3.8747770220872328E-009
          35          17  -5.9625111641633743E-009
          35          18   6.9135795505109305E-010
          35          19   1.3602827488621527E-010
          35          20   1.1430310971318255E-009
          35          21  -2.6670045917472349E-011
          35          22  -3.5530647283384715E-011
          35          23  -1.8343109198991357E-009
          35          24   5.4074642568579954E-010
          35          25   1.0193529615208483E-010
          35          26   8.9398760166754854E-010
          35          27  -2.0055748919021039E-011
          35          28  -2.6660065212788216E-011
          35          29  -1.4346245925945555E-009
          35          30   4.8810532195232878E-008
          35          31   2.2886285771620896E-007
          35          32  -3.3382225871719600E-008
          35          33  -3.2791257906404052E-007
          35          34  -3.5345869374179235E-007
          35          35   3.7008680339730582E-010
          35          36  -3.5344977958254201E-007
          35          37  -3.3381399420619612E-008
          35          38   2.2884920212989997E-007
          35          39   5.0632713979715955E-007
          36           1  -1.4439868250475108E-012
          36           2  -4.4443190449045998E-012
          36           3   1.7055467318968446E-007
          36           4   1.2457616226738434E-007
          36           5  -4.5327097012787497E-003
          36           6   4.0603917469689527E-011
          36           7  -6.1039098592626518E-007
          36           8  -3.8156587193488662E-007
          36           9   1.0318783743235520E-002
          36          10  -5.6331946404217626E-011
          36          11  -3.2649160285806099E-007
          36          12   1.3953407845675557E-008
          36          13   3.7438801692292700E-005
          36          14   1.6191224298944122E-010
          36          15   7.9839399073353618E-008
          36          16  -4.8032393212599747E-009
          36          17  -1.6145006366649621E-005
          36          18  -6.3481144976239408E-010
          36          19  -1.5566966044666110E-012
          36          20  -1.4134234318731855E-009
          36          21   1.8702623960233428E-011
          36          22  -5.9286053740091573E-011
          36          23   2.0504949315933466E-009
          36          24  -5.1262944466619222E-010
          36          25  -1.3003668681049133E-012
          36          26  -1.1183853001452904E-009
          36          27   4.3070569323722931E-012
          36          28  -4.1664125940177166E-011
          36          29   1.6281622903253526E-009
          36          30  -6.2177223572810136E-007
          36          31   2.0676140393141234E-008
          36          32   7.6305120995497786E-007
          36          33  -1.0523385444797216E-007
          36          34   5.1263974150690618E-004
          36          35  -3.5344977958254201E-007
          36          36   5.1264075498134358E-004
          36          37  -3.0730673279989299E-007
          36          38   1.5310127875160938E-007
          36          39  -5.8559022629541327E-004
          37           1  -1.4177232530412998E-011
          37           2  -5.4367889846330197E-011
          37           3  -4.5327067661418991E-003
          37           4  -2.6393654087968026E-007
          37           5  -9.4811147707939949E-007
          37           6   1.5368166809245009E-010
          37           7   1.0318774829713282E-002
          37           8   9.4449919800516084E-007
          37           9   2.8937053173273914E-006
          37          10  -9.5082910824947738E-011
          37          11   3.7439266156260936E-005
          37          12   5.0499020843740102E-007
          37          13  -9.4970294371082769E-008
          37          14   2.7670535476066683E-010
          37          15  -1.6145136950864883E-005
          37          16  -1.2350431024833617E-007
          37          17   3.5179793070252838E-008
          37          18   6.8699049792739824E-010
          37          19  -3.7917001216943319E-011
          37          20  -9.2110976976769299E-011
          37          21   2.7498377196320923E-010
          37          22   4.6300722656741961E-012
          37          23  -6.1946898009179506E-010
          37          24   5.2814932244410566E-010
          37          25  -3.4316653636266019E-011
          37          26  -6.7059556413190637E-011
          37          27   2.0443386061717079E-010
          37          28   3.6118245997702604E-012
          37          29  -4.9735274315653233E-010
          37          30  -5.8559134819708260E-004
          37          31   1.8422123532593360E-008
          37          32   5.1263904179652659E-004
          37          33   1.3007600803481813E-006
          37          34  -1.0802400205752933E-006
          37          35  -3.3381399420619612E-008
          37          36  -3.0730673279989299E-007
          37          37   5.1264356024271649E-004
          37          38  -1.1780794430984850E-006
          37          39   8.4822580006971365E-007
          38           1   2.9255796373254515E-012
          38           2   8.9475648275101065E-012
          38           3  -2.6391097466055899E-007
          38           4  -4.5327090897353869E-003
          38           5   1.2432459051975823E-007
          38           6  -4.7180144224780410E-011
          38           7   9.4443267481091669E-007
          38           8   1.0318782543284404E-002
          38           9  -3.8072652446502923E-007
          38          10   8.0874190605455473E-011
          38          11   5.0499360860385385E-007
          38          12   3.7438989089549619E-005
          38          13   1.3921524982853176E-008
          38          14  -2.4389606420101901E-010
          38          15  -1.2350519659524053E-007
          38          16  -1.6145059287321989E-005
          38          17  -4.7982630349012155E-009
          38          18  -5.8567082849428022E-010
          38          19  -2.2179067109453249E-011
          38          20  -1.0600105498396462E-009
          38          21   4.8694733910774594E-012
          38          22   2.6794013205440455E-010
          38          23   1.6522598896307044E-009
          38          24  -4.5035894223300495E-010
          38          25  -9.4851618045979155E-012
          38          26  -8.3996558988194597E-010
          38          27   3.4887334723686922E-012
          38          28   2.0230259933829448E-010
          38          29   1.3084899275195767E-009
          38          30   9.6208806787025741E-007
          38          31   5.1263954416442300E-004
          38          32   4.7280317330601047E-007
          38          33  -5.8559099620341109E-004
          38          34   2.0913812821367638E-008
          38          35   2.2884920212989997E-007
          38          36   1.5310127875160938E-007
          38          37  -1.1780794430984850E-006
          38          38   5.1264218001146754E-004
          38          39  -1.0540250780554314E-007
          39           1   3.4522092017067689E-011
          39           2   1.3179163337713953E-010
          39           3   1.3948061419662998E-006
          39           4  -1.9187528664225336E-007
          39           5  -1.0690571466455100E-002
          39           6  -3.7008996125379347E-010
          39           7  -4.5513905762045956E-006
          39           8   6.2488600259847333E-007
          39           9   2.4837932250236214E-002
          39          10   2.3418446666042565E-010
          39          11   1.7141001360028883E-007
          39          12  -1.8527854052597489E-008
          39          13   4.1047523370779855E-004
          39          14  -6.4906157145530651E-010
          39          15  -4.3963723638210934E-008
          39          16   4.9270532456282442E-009
          39          17  -9.6283669022243149E-005
          39          18  -6.1855256621813693E-010
          39          19   3.0688825364520373E-012
          39          20  -1.5304941831127792E-009
          39          21  -9.0721194356660301E-011
          39          22  -1.5087070417586763E-011
          39          23   2.1940931784011198E-009
          39          24  -4.3739853373303387E-010
          39          25   2.7240675664171012E-012
          39          26  -1.1580136047470629E-009
          39          27  -4.1853197722735354E-011
          39          28  -2.9074918189777351E-011
          39          29   1.6611800851989344E-009
          39          30   2.5418409434512510E-007
          39          31   1.0538818558909355E-007
          39          32  -8.4308664776695252E-007
          39          33  -3.1927210030591534E-008
          39          34  -5.8558942677234941E-004
          39          35   5.0632713979715955E-007
          39          36  -5.8559022629541327E-004
          39          37   8.4822580006971365E-007
          39          38  -1.0540250780554314E-007
          39          39   1.3558208133194760E-003
