           1           1   2.5733711600973432     
           1           2   8.2447246500323832     
           1           3   17.975250383153018     
           1           4   12.160322298297510     
           1           5   4.1295794554432863     
           1           6   2.4420397806034142     
           1           7  -6.4796851856733714E-013
           1           8   5.9767695262791766E-013
           1           9  -1.9799232427738578E-012
           1          10  -3.7573748041887545E-011
           1          11   2.7235085668944588E-011
           1          12  -8.8703127545932913E-011
           1          13  -6.5016016291916431E-013
           1          14  -3.4761921302925188E-012
           1          15   4.0865659775061841E-012
           1          16   2.2157404304986006E-012
           1          17   2.3402344536733659E-012
           1          18  -4.8378929493714281E-013
           1          19   1.2756356233289997E-012
           1          20  -1.4824047708182798E-012
           1          21   3.7950741216051295E-012
           1          22  -9.4659681206413424     
           1          23  -2.2585520600512255E-014
           1          24  -9.4659681206414135     
           1          25   1.3035048820563774E-013
           1          26   2.1648843602255705E-013
           1          27  -9.4659681206415058     
           1          28  -5.2705431380997609     
           1          29   2.2421860171587572E-014
           1          30  -5.2705431380995460     
           1          31  -2.2799499410997863E-014
           1          32   5.9567931867626135E-014
           1          33  -5.2705431380996766     
           1          34  -1.9111256648877832     
           1          35  -7.2463755710704448E-015
           1          36  -1.9111256648874932     
           1          37  -5.1575523141314483E-014
           1          38  -1.3520765521276958E-013
           1          39  -1.9111256648876127     
           2           1   8.2447246500323832     
           2           2   119.65426354648449     
           2           3   252.49293476934213     
           2           4   159.66198177135610     
           2           5   77.718271079910039     
           2           6   43.083423013674782     
           2           7   2.0891331970878872E-011
           2           8  -6.7752288319189742E-012
           2           9   3.5956468833017827E-011
           2          10   4.0430182226215242E-012
           2          11  -5.9522344841146573E-012
           2          12   1.2489518976545734E-011
           2          13  -2.6754377414225301E-011
           2          14   1.2841779801609681E-011
           2          15  -4.4896522035277021E-011
           2          16   2.7933360936757446E-011
           2          17  -1.3443469374798007E-011
           2          18   4.6506745170666900E-011
           2          19  -4.1888838110515991E-012
           2          20   1.8081042549103674E-012
           2          21  -6.8461084694874698E-012
           2          22  -134.98242923408256     
           2          23  -5.1432473067876583E-013
           2          24  -134.98242923408284     
           2          25  -1.4030540053609978E-013
           2          26  -5.4781532230489098E-013
           2          27  -134.98242923408230     
           2          28  -77.386653220039364     
           2          29   3.6030173827401922E-014
           2          30  -77.386653220039591     
           2          31  -3.0803783917236657E-013
           2          32   5.3228243878549686E-013
           2          33  -77.386653220039875     
           2          34  -32.144531686543750     
           2          35  -6.1585971216165210E-014
           2          36  -32.144531686543424     
           2          37   8.0490461719664076E-014
           2          38  -2.8047391429099764E-013
           2          39  -32.144531686544020     
           3           1   17.975250383153018     
           3           2   252.49293476934213     
           3           3   548.82512593306035     
           3           4   364.17396722340902     
           3           5   122.27864132507844     
           3           6   73.281209726324363     
           3           7   4.5480726915401940E-012
           3           8  -2.2086754880319123E-012
           3           9   8.5850737622851661E-012
           3          10  -4.5979992364232196E-012
           3          11   4.1150893654282723E-012
           3          12  -1.1090545087397269E-011
           3          13  -1.1441229185963907E-011
           3          14   8.7673570357045130E-012
           3          15  -1.0550973938245647E-011
           3          16   1.2624135993893395E-011
           3          17  -9.5833210539827682E-012
           3          18   1.1030508325442414E-011
           3          19  -2.5599614266916473E-012
           3          20   8.4308612170092672E-013
           3          21  -1.1758592327186975E-012
           3          22  -285.75463339300649     
           3          23   6.4181646528714803E-014
           3          24  -285.75463339300495     
           3          25   8.2515019629904560E-013
           3          26  -7.6474885686153512E-014
           3          27  -285.75463339300381     
           3          28  -157.36201938501014     
           3          29  -3.4095838814796517E-013
           3          30  -157.36201938501102     
           3          31  -3.3528985294973030E-013
           3          32   4.8564627420091861E-013
           3          33  -157.36201938501111     
           3          34  -57.204732472818286     
           3          35   3.9177177833297309E-013
           3          36  -57.204732472817071     
           3          37   1.7849889425845108E-013
           3          38  -6.0244868941437520E-013
           3          39  -57.204732472818819     
           4           1   12.160322298297510     
           4           2   159.66198177135610     
           4           3   364.17396722340902     
           4           4   313.21859384132171     
           4           5  -73.254054939189174     
           4           6  -19.447335920468095     
           4           7   6.3875254634684849E-012
           4           8  -2.3326953147955430E-012
           4           9   1.0641007930178182E-011
           4          10  -8.3171089014421006E-013
           4          11   1.4202556642424276E-013
           4          12  -7.7733122714329603E-013
           4          13  -1.0749624859863877E-011
           4          14   8.3713278376598014E-012
           4          15  -1.4397096416415878E-011
           4          16   1.1536659551441235E-011
           4          17  -8.8754953807365857E-012
           4          18   1.4895118861753296E-011
           4          19  -1.9097285454250415E-012
           4          20   9.6873220284854559E-013
           4          21  -1.9049984123166813E-012
           4          22  -168.91008266008856     
           4          23  -4.4615182663339516E-014
           4          24  -168.91008266008774     
           4          25   4.9492079843500794E-013
           4          26   4.5548803242308182E-014
           4          27  -168.91008266008745     
           4          28  -73.290501643559509     
           4          29  -1.4924935645014956E-013
           4          30  -73.290501643559793     
           4          31  -4.8679805370145910E-014
           4          32   1.6680621984659932E-013
           4          33  -73.290501643559892     
           4          34   3.7528313854355555     
           4          35   2.2894657906126424E-013
           4          36   3.7528313854364521     
           4          37   5.0866560981697035E-014
           4          38  -3.0749696397329229E-013
           4          39   3.7528313854352495     
           5           1   4.1295794554432863     
           5           2   77.718271079910039     
           5           3   122.27864132507844     
           5           4  -73.254054939189174     
           5           5   368.08894322516886     
           5           6   166.44628478278494     
           5           7   4.8038048364801697E-012
           5           8   1.0908071517286135E-012
           5           9   7.1875890971017885E-012
           5          10  -3.7119756911671288E-012
           5          11   2.5340292201357757E-013
           5          12  -7.6988754629708110E-012
           5          13  -3.7979287934399479E-012
           5          14   3.0975683892467163E-014
           5          15  -1.1789466403868543E-012
           5          16   3.5456578698765395E-012
           5          17  -1.8343532838489468E-013
           5          18   6.5149617326531725E-013
           5          19  -1.2591413714690287E-012
           5          20   2.9252906794205617E-015
           5          21  -1.0007552521082806E-012
           5          22  -110.48803665490740     
           5          23  -6.9037477826446318E-013
           5          24  -110.48803665490863     
           5          25  -7.2781473744248148E-013
           5          26  -1.1045650670020751E-012
           5          27  -110.48803665490755     
           5          28  -104.93596822059718     
           5          29   1.0083013277533029E-013
           5          30  -104.93596822059754     
           5          31  -6.5311464674713273E-013
           5          32   9.7065476529828984E-013
           5          33  -104.93596822059791     
           5          34  -104.87874228586594     
           5          35  -2.6574998587225229E-013
           5          36  -104.87874228586617     
           5          37   1.4212323721512852E-013
           5          38  -3.6390162363672448E-013
           5          39  -104.87874228586615     
           6           1   2.4420397806034142     
           6           2   43.083423013674782     
           6           3   73.281209726324363     
           6           4  -19.447335920468095     
           6           5   166.44628478278494     
           6           6   75.905438304594284     
           6           7   3.5204494297684067E-011
           6           8  -1.4054127332049874E-011
           6           9   6.4267048315218191E-011
           6          10  -1.0617198375544149E-011
           6          11   4.0444955982227938E-012
           6          12  -2.0821358878603259E-011
           6          13  -4.7509552812981191E-011
           6          14   1.6970949432991568E-011
           6          15  -8.1253154141902112E-011
           6          16   5.0587938801796897E-011
           6          17  -1.8313315828796678E-011
           6          18   8.6672208040535008E-011
           6          19  -6.2915378600652468E-012
           6          20   2.1096278511514885E-012
           6          21  -1.0474888824749368E-011
           6          22  -58.753964918975527     
           6          23  -1.2656622308101742E-013
           6          24  -58.753964918976308     
           6          25  -6.2830728173448714E-013
           6          26  -4.7603158902079624E-013
           6          27  -58.753964918975981     
           6          28  -51.763349639508014     
           6          29  -2.9193461425785326E-015
           6          30  -51.763349639508164     
           6          31  -2.3125910366708482E-013
           6          32   4.3492272279537105E-013
           6          33  -51.763349639508291     
           6          34  -48.215728063038839     
           6          35  -8.5014900917136236E-014
           6          36  -48.215728063038910     
           6          37   4.8107939359343423E-014
           6          38  -1.8135924663650462E-013
           6          39  -48.215728063038981     
           7           1  -6.4796851856733714E-013
           7           2   2.0891331970878872E-011
           7           3   4.5480726915401940E-012
           7           4   6.3875254634684849E-012
           7           5   4.8038048364801697E-012
           7           6   3.5204494297684067E-011
           7           7   1.9960874950885885     
           7           8   1.1268405913228495E-012
           7           9  -4.3056298543869524E-012
           7          10  -1.0659421935551965E-003
           7          11   5.3601359462082532E-012
           7          12  -3.7078257131283539E-011
           7          13  0.10974282927520899     
           7          14   4.8186003798191832E-012
           7          15   2.1229164259832095E-012
           7          16  -2.3942180325927247E-002
           7          17  -1.1395055038443696E-011
           7          18  -9.6936347837506917E-013
           7          19   6.7820669772687362E-003
           7          20   1.1511629323391654E-012
           7          21   5.0121408759484609E-012
           7          22  -1.1967593859332091E-011
           7          23  -6.8076554865701879E-012
           7          24  -1.0881312114623678E-011
           7          25  -2.7565534816121607E-012
           7          26  -2.6707681267560455E-012
           7          27  -8.5829149816429965E-012
           7          28  -6.1363521797588567E-012
           7          29   6.2298068355189278E-012
           7          30  -9.1297404158567814E-012
           7          31  -4.2908025927731089E-012
           7          32  -2.4511716332639403E-012
           7          33  -6.4445987918853997E-012
           7          34  -1.5638872420764643E-011
           7          35  -6.4081177461223060E-012
           7          36  -1.2477558026828929E-011
           7          37  -2.1507507866372994E-012
           7          38  -2.9658196493795780E-012
           7          39  -1.4097004351489257E-011
           8           1   5.9767695262791766E-013
           8           2  -6.7752288319189742E-012
           8           3  -2.2086754880319123E-012
           8           4  -2.3326953147955430E-012
           8           5   1.0908071517286135E-012
           8           6  -1.4054127332049874E-011
           8           7   1.1268405913228495E-012
           8           8   1.9960874950906433     
           8           9   2.1485402432880475E-012
           8          10   3.3240632468790869E-012
           8          11  -1.0659421742512248E-003
           8          12   2.9666998024871917E-012
           8          13  -2.2992684145518644E-012
           8          14  0.10974282926800907     
           8          15  -2.1007501294347309E-014
           8          16   3.5958076793908557E-012
           8          17  -2.3942180313344795E-002
           8          18  -8.9185603346649778E-014
           8          19  -3.6871413040817881E-012
           8          20   6.7820669675020288E-003
           8          21  -1.4446586288352421E-012
           8          22   4.3961345348423858E-012
           8          23   3.1398764927488844E-012
           8          24   3.6011309042022178E-012
           8          25   6.8381652094907927E-013
           8          26   1.0644281087881856E-012
           8          27   3.0559501060314530E-012
           8          28   1.0674354473692752E-012
           8          29  -1.8980456034177324E-012
           8          30   2.6902140416715094E-012
           8          31   1.4852757792669170E-012
           8          32   8.1820661046346302E-013
           8          33   2.0381225253038140E-012
           8          34   5.7431443981690262E-012
           8          35   2.1394761490206940E-012
           8          36   4.5178473020848956E-012
           8          37   9.7082939420240687E-013
           8          38   1.3415821674015186E-012
           8          39   5.2167523200653499E-012
           9           1  -1.9799232427738578E-012
           9           2   3.5956468833017827E-011
           9           3   8.5850737622851661E-012
           9           4   1.0641007930178182E-011
           9           5   7.1875890971017885E-012
           9           6   6.4267048315218191E-011
           9           7  -4.3056298543869524E-012
           9           8   2.1485402432880475E-012
           9           9   1.9960874950852638     
           9          10  -3.2165957397633459E-011
           9          11   1.4908144163605169E-011
           9          12  -1.0659422228392057E-003
           9          13   8.4583381965148032E-012
           9          14   9.0246352058013491E-012
           9          15  0.10974282927064351     
           9          16  -1.3860489145311434E-011
           9          17  -2.0688433605143234E-011
           9          18  -2.3942180316841845E-002
           9          19   1.6720724631269427E-011
           9          20   1.7838460743271052E-012
           9          21   6.7820669757163582E-003
           9          22  -2.0740119807665045E-011
           9          23  -1.3066216201792329E-011
           9          24  -1.9289681878736650E-011
           9          25  -4.2393118976569268E-012
           9          26  -4.9228958126186907E-012
           9          27  -1.5897983930583866E-011
           9          28  -1.0179305544753869E-011
           9          29   1.0834384192405909E-011
           9          30  -1.5690411400728502E-011
           9          31  -7.6712105229904143E-012
           9          32  -4.1386997542391944E-012
           9          33  -1.1470280961393095E-011
           9          34  -2.8193182093829045E-011
           9          35  -1.1188941613484568E-011
           9          36  -2.2461654885151311E-011
           9          37  -4.0205665224635017E-012
           9          38  -5.6974376928790617E-012
           9          39  -2.5263564685652508E-011
          10           1  -3.7573748041887545E-011
          10           2   4.0430182226215242E-012
          10           3  -4.5979992364232196E-012
          10           4  -8.3171089014421006E-013
          10           5  -3.7119756911671288E-012
          10           6  -1.0617198375544149E-011
          10           7  -1.0659421935551965E-003
          10           8   3.3240632468790869E-012
          10           9  -3.2165957397633459E-011
          10          10   2.1167017470521095     
          10          11   4.1522341115298437E-014
          10          12   5.7833182687434751E-012
          10          13   1.5366795893332776     
          10          14  -4.7799542102167933E-012
          10          15   1.3017975586379159E-011
          10          16  -1.5476894237097096     
          10          17   6.8067773639711172E-012
          10          18  -1.3962220268822057E-011
          10          19  0.21505028992597530     
          10          20  -7.9509315797755338E-013
          10          21   7.2076372648006621E-013
          10          22   1.4213964751925794E-012
          10          23  -5.3934601117801113E-013
          10          24   4.0985923053646273E-012
          10          25  -3.1077842821772224E-012
          10          26   4.2775347054084330E-013
          10          27   3.7606067217081659E-012
          10          28   3.2874861024097738E-012
          10          29  -1.4167673544729052E-012
          10          30   3.5381608261078069E-012
          10          31   1.5671503215363486E-012
          10          32   5.3239193307048510E-013
          10          33   3.2676481638081824E-012
          10          34   3.8589522860262250E-012
          10          35   1.9712522010528868E-012
          10          36   3.1360288850833156E-012
          10          37   1.2006134268741381E-012
          10          38   1.1149370730490295E-012
          10          39   4.2607469310970084E-012
          11           1   2.7235085668944588E-011
          11           2  -5.9522344841146573E-012
          11           3   4.1150893654282723E-012
          11           4   1.4202556642424276E-013
          11           5   2.5340292201357757E-013
          11           6   4.0444955982227938E-012
          11           7   5.3601359462082532E-012
          11           8  -1.0659421742512248E-003
          11           9   1.4908144163605169E-011
          11          10   4.1522341115298437E-014
          11          11   2.1167017470466618     
          11          12   1.1121104037537798E-012
          11          13   6.9206862463081854E-012
          11          14   1.5366795893257075     
          11          15   1.0902279079527541E-011
          11          16  -7.9128925634162420E-012
          11          17  -1.5476894237030594     
          11          18  -1.2166601059971248E-011
          11          19   1.9750659441269571E-012
          11          20  0.21505028992730083     
          11          21   2.0443854942268106E-012
          11          22  -7.0156257136084935E-013
          11          23   2.2245912127686663E-012
          11          24  -1.0098476597302938E-012
          11          25   1.9628489820130191E-012
          11          26   5.8096053947054888E-013
          11          27  -1.7681333655094777E-012
          11          28  -1.1583136834279476E-012
          11          29   1.2854980036538005E-013
          11          30  -1.3347573791013848E-012
          11          31  -9.9106385437536278E-013
          11          32  -3.0914024519325081E-013
          11          33  -9.9038042439724111E-013
          11          34  -1.0620353423883047E-012
          11          35  -6.4814314493341364E-013
          11          36  -6.4098425234281904E-013
          11          37  -2.2978932658820115E-013
          11          38  -8.3409993478945738E-013
          11          39  -1.0884770823611168E-012
          12           1  -8.8703127545932913E-011
          12           2   1.2489518976545734E-011
          12           3  -1.1090545087397269E-011
          12           4  -7.7733122714329603E-013
          12           5  -7.6988754629708110E-012
          12           6  -2.0821358878603259E-011
          12           7  -3.7078257131283539E-011
          12           8   2.9666998024871917E-012
          12           9  -1.0659422228392057E-003
          12          10   5.7833182687434751E-012
          12          11   1.1121104037537798E-012
          12          12   2.1167017470515908     
          12          13  -4.6236348083686045E-012
          12          14  -1.7850165789821814E-012
          12          15   1.5366795893235334     
          12          16   6.6721628222573867E-012
          12          17   4.3881009936664376E-012
          12          18  -1.5476894236998833     
          12          19  -4.8998929913517275E-012
          12          20  -1.7290335829377444E-013
          12          21  0.21505028992523717     
          12          22   4.0939029470716593E-012
          12          23  -3.0596969011887690E-012
          12          24   7.3091765983038240E-012
          12          25  -7.0584849125051263E-012
          12          26  -8.5424011658287583E-015
          12          27   6.7570846972024202E-012
          12          28   6.3164144270464411E-012
          12          29  -1.8317841261920206E-012
          12          30   6.9558689242541546E-012
          12          31   3.2035583443990082E-012
          12          32   1.2993764528382764E-012
          12          33   6.4652418949110422E-012
          12          34   7.6904333133499514E-012
          12          35   3.2681219963798081E-012
          12          36   6.1367038203912433E-012
          12          37   1.7867998207711659E-012
          12          38   2.3089665258895803E-012
          12          39   7.6550396186929201E-012
          13           1  -6.5016016291916431E-013
          13           2  -2.6754377414225301E-011
          13           3  -1.1441229185963907E-011
          13           4  -1.0749624859863877E-011
          13           5  -3.7979287934399479E-012
          13           6  -4.7509552812981191E-011
          13           7  0.10974282927520899     
          13           8  -2.2992684145518644E-012
          13           9   8.4583381965148032E-012
          13          10   1.5366795893332776     
          13          11   6.9206862463081854E-012
          13          12  -4.6236348083686045E-012
          13          13   18.475928059762627     
          13          14  -5.1683102242387139E-012
          13          15  -7.7238770934563026E-012
          13          16  -19.183403740697397     
          13          17   1.2879808330983744E-011
          13          18   8.9304119654670226E-012
          13          19   2.2242963160501952     
          13          20  -1.8118492817201399E-012
          13          21  -5.3040974390401838E-012
          13          22   1.8884386645988440E-011
          13          23   1.0370270686347709E-011
          13          24   1.5274994717865977E-011
          13          25   5.5584789633322271E-012
          13          26   3.0191023987715638E-012
          13          27   1.2643253438387027E-011
          13          28   7.9276460607361244E-012
          13          29  -8.3042057544262945E-012
          13          30   1.2068364274312762E-011
          13          31   5.3015219351011848E-012
          13          32   3.2866041568447258E-012
          13          33   8.5621331573759818E-012
          13          34   2.1082482201181089E-011
          13          35   8.3186609993564238E-012
          13          36   1.6706855102750760E-011
          13          37   2.6851074510457524E-012
          13          38   3.9429094818103322E-012
          13          39   1.8333979503360372E-011
          14           1  -3.4761921302925188E-012
          14           2   1.2841779801609681E-011
          14           3   8.7673570357045130E-012
          14           4   8.3713278376598014E-012
          14           5   3.0975683892467163E-014
          14           6   1.6970949432991568E-011
          14           7   4.8186003798191832E-012
          14           8  0.10974282926800907     
          14           9   9.0246352058013491E-012
          14          10  -4.7799542102167933E-012
          14          11   1.5366795893257075     
          14          12  -1.7850165789821814E-012
          14          13  -5.1683102242387139E-012
          14          14   18.475928059778575     
          14          15  -1.4310830298577903E-011
          14          16   4.0970560277783172E-012
          14          17  -19.183403740721374     
          14          18   1.5608181414004086E-011
          14          19   3.7141192898989033E-012
          14          20   2.2242963160630591     
          14          21  -3.3590491499451497E-013
          14          22  -8.6104361896570625E-012
          14          23  -6.0575013970602154E-012
          14          24  -8.1109166810381422E-012
          14          25  -2.1146422689190476E-012
          14          26  -2.0243895621905393E-012
          14          27  -6.5723642888349182E-012
          14          28  -3.0537445468831157E-012
          14          29   2.6124924873819807E-012
          14          30  -5.7393950533327163E-012
          14          31  -1.4097779073883745E-012
          14          32  -9.5700920024612149E-013
          14          33  -4.9446493126123232E-012
          14          34  -8.0501210645712480E-012
          14          35  -2.8227725115227915E-012
          14          36  -5.7470678254790975E-012
          14          37  -1.4496570792706174E-012
          14          38  -1.4904759814542001E-012
          14          39  -6.4240127169836822E-012
          15           1   4.0865659775061841E-012
          15           2  -4.4896522035277021E-011
          15           3  -1.0550973938245647E-011
          15           4  -1.4397096416415878E-011
          15           5  -1.1789466403868543E-012
          15           6  -8.1253154141902112E-011
          15           7   2.1229164259832095E-012
          15           8  -2.1007501294347309E-014
          15           9  0.10974282927064351     
          15          10   1.3017975586379159E-011
          15          11   1.0902279079527541E-011
          15          12   1.5366795893235334     
          15          13  -7.7238770934563026E-012
          15          14  -1.4310830298577903E-011
          15          15   18.475928059778834     
          15          16   1.5667855901555283E-011
          15          17   2.8286539777166929E-011
          15          18  -19.183403740718148     
          15          19  -2.0112349286004289E-011
          15          20  -3.8233374799499921E-012
          15          21   2.2242963160554550     
          15          22   2.8371234196324200E-011
          15          23   2.1034160957543875E-011
          15          24   2.2192749498625220E-011
          15          25   1.0134119215330001E-011
          15          26   6.4647748323782884E-012
          15          27   1.6975831616182412E-011
          15          28   1.0179496768052226E-011
          15          29  -1.4810055599980107E-011
          15          30   1.8063860725817880E-011
          15          31   9.0092363514669725E-012
          15          32   5.3423201692341710E-012
          15          33   1.2293654135559919E-011
          15          34   3.4547961603005263E-011
          15          35   1.4756630411085134E-011
          15          36   2.7584921286488687E-011
          15          37   5.4540885046671495E-012
          15          38   7.1576515204400683E-012
          15          39   3.1169278712730072E-011
          16           1   2.2157404304986006E-012
          16           2   2.7933360936757446E-011
          16           3   1.2624135993893395E-011
          16           4   1.1536659551441235E-011
          16           5   3.5456578698765395E-012
          16           6   5.0587938801796897E-011
          16           7  -2.3942180325927247E-002
          16           8   3.5958076793908557E-012
          16           9  -1.3860489145311434E-011
          16          10  -1.5476894237097096     
          16          11  -7.9128925634162420E-012
          16          12   6.6721628222573867E-012
          16          13  -19.183403740697397     
          16          14   4.0970560277783172E-012
          16          15   1.5667855901555283E-011
          16          16   19.923202036603261     
          16          17  -1.2289169681883744E-011
          16          18  -1.7289114584414730E-011
          16          19  -2.3090296416714242     
          16          20   1.7357296155944864E-012
          16          21   6.6877822724183718E-012
          16          22  -2.0315607443690534E-011
          16          23  -1.1246731805750216E-011
          16          24  -1.6464391871308972E-011
          16          25  -5.8192481662648681E-012
          16          26  -3.1779939533908429E-012
          16          27  -1.3226437619710398E-011
          16          28  -8.2599230927137246E-012
          16          29   8.9127261232429075E-012
          16          30  -1.2694598705023409E-011
          16          31  -5.7022820396849198E-012
          16          32  -3.5312012006882321E-012
          16          33  -9.0036830415135175E-012
          16          34  -2.2433384309959040E-011
          16          35  -8.9063802817100213E-012
          16          36  -1.7755908671882721E-011
          16          37  -2.8521656376983839E-012
          16          38  -4.2054793069957043E-012
          16          39  -1.9470458703025809E-011
          17           1   2.3402344536733659E-012
          17           2  -1.3443469374798007E-011
          17           3  -9.5833210539827682E-012
          17           4  -8.8754953807365857E-012
          17           5  -1.8343532838489468E-013
          17           6  -1.8313315828796678E-011
          17           7  -1.1395055038443696E-011
          17           8  -2.3942180313344795E-002
          17           9  -2.0688433605143234E-011
          17          10   6.8067773639711172E-012
          17          11  -1.5476894237030594     
          17          12   4.3881009936664376E-012
          17          13   1.2879808330983744E-011
          17          14  -19.183403740721374     
          17          15   2.8286539777166929E-011
          17          16  -1.2289169681883744E-011
          17          17   19.923202036636241     
          17          18  -3.0679070395234636E-011
          17          19  -3.0514271664999801E-012
          17          20  -2.3090296416860809     
          17          21   1.9712426135856235E-012
          17          22   9.8063986274777589E-012
          17          23   6.6807795784344958E-012
          17          24   8.5650269074972300E-012
          17          25   1.7412374467765609E-012
          17          26   2.0719734808332802E-012
          17          27   6.8638753939789820E-012
          17          28   3.2020590889027053E-012
          17          29  -2.8338063819038699E-012
          17          30   6.1875564656179211E-012
          17          31   1.6066554492623796E-012
          17          32   1.0427263168918192E-012
          17          33   5.3496796054178380E-012
          17          34   8.7126936959148577E-012
          17          35   3.0293767730908489E-012
          17          36   6.2297658541629282E-012
          17          37   1.5141217005261923E-012
          17          38   1.5854987223342066E-012
          17          39   6.9514550512282896E-012
          18           1  -4.8378929493714281E-013
          18           2   4.6506745170666900E-011
          18           3   1.1030508325442414E-011
          18           4   1.4895118861753296E-011
          18           5   6.5149617326531725E-013
          18           6   8.6672208040535008E-011
          18           7  -9.6936347837506917E-013
          18           8  -8.9185603346649778E-014
          18           9  -2.3942180316841845E-002
          18          10  -1.3962220268822057E-011
          18          11  -1.2166601059971248E-011
          18          12  -1.5476894236998833     
          18          13   8.9304119654670226E-012
          18          14   1.5608181414004086E-011
          18          15  -19.183403740718148     
          18          16  -1.7289114584414730E-011
          18          17  -3.0679070395234636E-011
          18          18   19.923202036629352     
          18          19   2.1646226477932528E-011
          18          20   4.0747613616642029E-012
          18          21  -2.3090296416773963     
          18          22  -2.9746646734898240E-011
          18          23  -2.2344021625645293E-011
          18          24  -2.3284633698298269E-011
          18          25  -1.1211696885286069E-011
          18          26  -6.8541666331034278E-012
          18          27  -1.8185957704063202E-011
          18          28  -1.0510234713414405E-011
          18          29   1.5819073588443765E-011
          18          30  -1.8928372542973591E-011
          18          31  -9.5895627773166160E-012
          18          32  -5.7319489056364965E-012
          18          33  -1.2660682502907754E-011
          18          34  -3.6816781643378707E-011
          18          35  -1.5769454511739508E-011
          18          36  -2.9356419853384612E-011
          18          37  -5.8323039651897086E-012
          18          38  -7.6439054206101917E-012
          18          39  -3.3204655169255297E-011
          19           1   1.2756356233289997E-012
          19           2  -4.1888838110515991E-012
          19           3  -2.5599614266916473E-012
          19           4  -1.9097285454250415E-012
          19           5  -1.2591413714690287E-012
          19           6  -6.2915378600652468E-012
          19           7   6.7820669772687362E-003
          19           8  -3.6871413040817881E-012
          19           9   1.6720724631269427E-011
          19          10  0.21505028992597530     
          19          11   1.9750659441269571E-012
          19          12  -4.8998929913517275E-012
          19          13   2.2242963160501952     
          19          14   3.7141192898989033E-012
          19          15  -2.0112349286004289E-011
          19          16  -2.3090296416714242     
          19          17  -3.0514271664999801E-012
          19          18   2.1646226477932528E-011
          19          19  0.26825434133560722     
          19          20   3.2329954685584654E-013
          19          21  -3.0658930255667808E-012
          19          22   3.0688841760317747E-012
          19          23   1.4144557214478069E-012
          19          24   2.8100828856804544E-012
          19          25   4.8086599457295450E-013
          19          26   4.1412722297915499E-013
          19          27   1.9480943507333224E-012
          19          28   1.4434573033198911E-012
          19          29  -1.0601634270092946E-012
          19          30   1.9259237897080444E-012
          19          31   6.9454699428203918E-013
          19          32   4.0025236089960927E-013
          19          33   1.5918674863161082E-012
          19          34   2.8738761701985086E-012
          19          35   1.0511571026540915E-012
          19          36   2.3398186104483696E-012
          19          37   3.3611731510915459E-013
          19          38   4.9836587199340574E-013
          19          39   2.5231762763960672E-012
          20           1  -1.4824047708182798E-012
          20           2   1.8081042549103674E-012
          20           3   8.4308612170092672E-013
          20           4   9.6873220284854559E-013
          20           5   2.9252906794205617E-015
          20           6   2.1096278511514885E-012
          20           7   1.1511629323391654E-012
          20           8   6.7820669675020288E-003
          20           9   1.7838460743271052E-012
          20          10  -7.9509315797755338E-013
          20          11  0.21505028992730083     
          20          12  -1.7290335829377444E-013
          20          13  -1.8118492817201399E-012
          20          14   2.2242963160630591     
          20          15  -3.8233374799499921E-012
          20          16   1.7357296155944864E-012
          20          17  -2.3090296416860809     
          20          18   4.0747613616642029E-012
          20          19   3.2329954685584654E-013
          20          20  0.26825434133857251     
          20          21  -2.7768976354474655E-013
          20          22  -1.5586562874697005E-012
          20          23  -9.4084972559990407E-013
          20          24  -6.7234327123846141E-013
          20          25   4.5451504473371811E-013
          20          26  -1.7931334409496822E-013
          20          27  -3.8886307792952848E-013
          20          28  -2.6863171783563460E-013
          20          29   3.6278352922802607E-013
          20          30  -7.4522754389764673E-013
          20          31  -3.0951521316099823E-013
          20          32  -1.3140874758151345E-013
          20          33  -6.6301232821698381E-013
          20          34  -1.0192934886429592E-012
          20          35  -3.6760953924490173E-013
          20          36  -6.8428125604585936E-013
          20          37  -1.3797662612433955E-013
          20          38  -1.9096929264317881E-013
          20          39  -7.6721320892815501E-013
          21           1   3.7950741216051295E-012
          21           2  -6.8461084694874698E-012
          21           3  -1.1758592327186975E-012
          21           4  -1.9049984123166813E-012
          21           5  -1.0007552521082806E-012
          21           6  -1.0474888824749368E-011
          21           7   5.0121408759484609E-012
          21           8  -1.4446586288352421E-012
          21           9   6.7820669757163582E-003
          21          10   7.2076372648006621E-013
          21          11   2.0443854942268106E-012
          21          12  0.21505028992523717     
          21          13  -5.3040974390401838E-012
          21          14  -3.3590491499451497E-013
          21          15   2.2242963160554550     
          21          16   6.6877822724183718E-012
          21          17   1.9712426135856235E-012
          21          18  -2.3090296416773963     
          21          19  -3.0658930255667808E-012
          21          20  -2.7768976354474655E-013
          21          21  0.26825434133664705     
          21          22   3.2465074442884279E-012
          21          23   2.2244228339627466E-012
          21          24   2.9374604901778152E-012
          21          25   1.6429605669913316E-012
          21          26   9.4204461528934484E-013
          21          27   2.8363903772762447E-012
          21          28   1.7225575123100781E-012
          21          29  -1.7766856448555155E-012
          21          30   2.6201887152293002E-012
          21          31   1.0510350511187431E-012
          21          32   6.4109854344732190E-013
          21          33   1.8151101526062284E-012
          21          34   4.4873375696355762E-012
          21          35   1.8259794342971170E-012
          21          36   3.6394901465274364E-012
          21          37   7.2161668691000395E-013
          21          38   9.1512632946310980E-013
          21          39   4.1311005313316959E-012
          22           1  -9.4659681206413424     
          22           2  -134.98242923408256     
          22           3  -285.75463339300649     
          22           4  -168.91008266008856     
          22           5  -110.48803665490740     
          22           6  -58.753964918975527     
          22           7  -1.1967593859332091E-011
          22           8   4.3961345348423858E-012
          22           9  -2.0740119807665045E-011
          22          10   1.4213964751925794E-012
          22          11  -7.0156257136084935E-013
          22          12   4.0939029470716593E-012
          22          13   1.8884386645988440E-011
          22          14  -8.6104361896570625E-012
          22          15   2.8371234196324200E-011
          22          16  -2.0315607443690534E-011
          22          17   9.8063986274777589E-012
          22          18  -2.9746646734898240E-011
          22          19   3.0688841760317747E-012
          22          20  -1.5586562874697005E-012
          22          21   3.2465074442884279E-012
          22          22   156.14759279625582     
          22          23  0.31235559165823013     
          22          24   155.04945924298167     
          22          25 -0.89138258151883631     
          22          26 -0.12127340008763011     
          22          27   154.91615390647337     
          22          28   91.554528307531669     
          22          29  -5.6079767514250062E-002
          22          30   91.751685253050880     
          22          31  0.16003724368287536     
          22          32   2.1773210610287638E-002
          22          33   91.775618656132096     
          22          34   42.495037697539168     
          22          35   1.8987290743088858E-002
          22          36   42.428284991303912     
          22          37  -5.4184847944844981E-002
          22          38  -7.3718971846458582E-003
          22          39   42.420181703739189     
          23           1  -2.2585520600512255E-014
          23           2  -5.1432473067876583E-013
          23           3   6.4181646528714803E-014
          23           4  -4.4615182663339516E-014
          23           5  -6.9037477826446318E-013
          23           6  -1.2656622308101742E-013
          23           7  -6.8076554865701879E-012
          23           8   3.1398764927488844E-012
          23           9  -1.3066216201792329E-011
          23          10  -5.3934601117801113E-013
          23          11   2.2245912127686663E-012
          23          12  -3.0596969011887690E-012
          23          13   1.0370270686347709E-011
          23          14  -6.0575013970602154E-012
          23          15   2.1034160957543875E-011
          23          16  -1.1246731805750216E-011
          23          17   6.6807795784344958E-012
          23          18  -2.2344021625645293E-011
          23          19   1.4144557214478069E-012
          23          20  -9.4084972559990407E-013
          23          21   2.2244228339627466E-012
          23          22  0.31235559165823013     
          23          23  0.32829753794308647     
          23          24  0.24442214755857847     
          23          25 -0.42592270862467801     
          23          26  0.18759807516056418     
          23          27 -0.55677773921620721     
          23          28  -5.6079767513828226E-002
          23          29  -5.8941956203256270E-002
          23          30  -4.3883117755519042E-002
          23          31   7.6469405756154241E-002
          23          32  -3.3681024838566692E-002
          23          33   9.9962885270108923E-002
          23          34   1.8987290743188043E-002
          23          35   1.9956360537984164E-002
          23          36   1.4857791900438748E-002
          23          37  -2.5890742854458842E-002
          23          38   1.1403603108304260E-002
          23          39  -3.3845082643276916E-002
          24           1  -9.4659681206414135     
          24           2  -134.98242923408284     
          24           3  -285.75463339300495     
          24           4  -168.91008266008774     
          24           5  -110.48803665490863     
          24           6  -58.753964918976308     
          24           7  -1.0881312114623678E-011
          24           8   3.6011309042022178E-012
          24           9  -1.9289681878736650E-011
          24          10   4.0985923053646273E-012
          24          11  -1.0098476597302938E-012
          24          12   7.3091765983038240E-012
          24          13   1.5274994717865977E-011
          24          14  -8.1109166810381422E-012
          24          15   2.2192749498625220E-011
          24          16  -1.6464391871308972E-011
          24          17   8.5650269074972300E-012
          24          18  -2.3284633698298269E-011
          24          19   2.8100828856804544E-012
          24          20  -6.7234327123846141E-013
          24          21   2.9374604901778152E-012
          24          22   155.04945924298167     
          24          23  0.24442214755857847     
          24          24   156.27721780051351     
          24          25  0.25387058171272203     
          24          26  0.10116622876613743     
          24          27   154.78652890221451     
          24          28   91.751685253050709     
          24          29  -4.3883117755570973E-002
          24          30   91.531255664759072     
          24          31  -4.5579472822932461E-002
          24          32  -1.8163204825329876E-002
          24          33   91.798891298905431     
          24          34   42.428284991304793     
          24          35   1.4857791900165477E-002
          24          36   42.502917267199962     
          24          37   1.5432137841669191E-002
          24          38   6.1496341041038646E-003
          24          39   42.412302134078757     
          25           1   1.3035048820563774E-013
          25           2  -1.4030540053609978E-013
          25           3   8.2515019629904560E-013
          25           4   4.9492079843500794E-013
          25           5  -7.2781473744248148E-013
          25           6  -6.2830728173448714E-013
          25           7  -2.7565534816121607E-012
          25           8   6.8381652094907927E-013
          25           9  -4.2393118976569268E-012
          25          10  -3.1077842821772224E-012
          25          11   1.9628489820130191E-012
          25          12  -7.0584849125051263E-012
          25          13   5.5584789633322271E-012
          25          14  -2.1146422689190476E-012
          25          15   1.0134119215330001E-011
          25          16  -5.8192481662648681E-012
          25          17   1.7412374467765609E-012
          25          18  -1.1211696885286069E-011
          25          19   4.8086599457295450E-013
          25          20   4.5451504473371811E-013
          25          21   1.6429605669913316E-012
          25          22 -0.89138258151883631     
          25          23 -0.42592270862467801     
          25          24  0.25387058171272203     
          25          25   1.0465818201160932     
          25          26   1.9386795457539137E-002
          25          27  0.63751199980549189     
          25          28  0.16003724368232131     
          25          29   7.6469405756291409E-002
          25          30  -4.5579472822927437E-002
          25          31 -0.18790143901435738     
          25          32  -3.4806707840955506E-003
          25          33 -0.11445777085905325     
          25          34  -5.4184847944189235E-002
          25          35  -2.5890742854479499E-002
          25          36   1.5432137841969220E-002
          25          37   6.3619009346253988E-002
          25          38   1.1784732905196276E-003
          25          39   3.8752710103205211E-002
          26           1   2.1648843602255705E-013
          26           2  -5.4781532230489098E-013
          26           3  -7.6474885686153512E-014
          26           4   4.5548803242308182E-014
          26           5  -1.1045650670020751E-012
          26           6  -4.7603158902079624E-013
          26           7  -2.6707681267560455E-012
          26           8   1.0644281087881856E-012
          26           9  -4.9228958126186907E-012
          26          10   4.2775347054084330E-013
          26          11   5.8096053947054888E-013
          26          12  -8.5424011658287583E-015
          26          13   3.0191023987715638E-012
          26          14  -2.0243895621905393E-012
          26          15   6.4647748323782884E-012
          26          16  -3.1779939533908429E-012
          26          17   2.0719734808332802E-012
          26          18  -6.8541666331034278E-012
          26          19   4.1412722297915499E-013
          26          20  -1.7931334409496822E-013
          26          21   9.4204461528934484E-013
          26          22 -0.12127340008763011     
          26          23  0.18759807516056418     
          26          24  0.10116622876613743     
          26          25   1.9386795457539137E-002
          26          26   2.0702673279741175     
          26          27   2.0107171322398920E-002
          26          28   2.1773210610950031E-002
          26          29  -3.3681024838582457E-002
          26          30  -1.8163204824429922E-002
          26          31  -3.4806707840366342E-003
          26          32 -0.37169211483838371     
          26          33  -3.6100057854517500E-003
          26          34  -7.3718971847446481E-003
          26          35   1.1403603108284921E-002
          26          36   6.1496341041175984E-003
          26          37   1.1784732905942654E-003
          26          38  0.12584621092753695     
          26          39   1.2222630816040485E-003
          27           1  -9.4659681206415058     
          27           2  -134.98242923408230     
          27           3  -285.75463339300381     
          27           4  -168.91008266008745     
          27           5  -110.48803665490755     
          27           6  -58.753964918975981     
          27           7  -8.5829149816429965E-012
          27           8   3.0559501060314530E-012
          27           9  -1.5897983930583866E-011
          27          10   3.7606067217081659E-012
          27          11  -1.7681333655094777E-012
          27          12   6.7570846972024202E-012
          27          13   1.2643253438387027E-011
          27          14  -6.5723642888349182E-012
          27          15   1.6975831616182412E-011
          27          16  -1.3226437619710398E-011
          27          17   6.8638753939789820E-012
          27          18  -1.8185957704063202E-011
          27          19   1.9480943507333224E-012
          27          20  -3.8886307792952848E-013
          27          21   2.8363903772762447E-012
          27          22   154.91615390647337     
          27          23 -0.55677773921620721     
          27          24   154.78652890221451     
          27          25  0.63751199980549189     
          27          26   2.0107171322398920E-002
          27          27   156.41052313701977     
          27          28   91.775618656131115     
          27          29   9.9962885270128879E-002
          27          30   91.798891298904849     
          27          31 -0.11445777085907363     
          27          32  -3.6100057862848232E-003
          27          33   91.507322261677785     
          27          34   42.420181703739146     
          27          35  -3.3845082643541566E-002
          27          36   42.412302134077663     
          27          37   3.8752710102865927E-002
          27          38   1.2222630815868774E-003
          27          39   42.511020554766013     
          28           1  -5.2705431380997609     
          28           2  -77.386653220039364     
          28           3  -157.36201938501014     
          28           4  -73.290501643559509     
          28           5  -104.93596822059718     
          28           6  -51.763349639508014     
          28           7  -6.1363521797588567E-012
          28           8   1.0674354473692752E-012
          28           9  -1.0179305544753869E-011
          28          10   3.2874861024097738E-012
          28          11  -1.1583136834279476E-012
          28          12   6.3164144270464411E-012
          28          13   7.9276460607361244E-012
          28          14  -3.0537445468831157E-012
          28          15   1.0179496768052226E-011
          28          16  -8.2599230927137246E-012
          28          17   3.2020590889027053E-012
          28          18  -1.0510234713414405E-011
          28          19   1.4434573033198911E-012
          28          20  -2.6863171783563460E-013
          28          21   1.7225575123100781E-012
          28          22   91.554528307531669     
          28          23  -5.6079767513828226E-002
          28          24   91.751685253050709     
          28          25  0.16003724368232131     
          28          26   2.1773210610950031E-002
          28          27   91.775618656131115     
          28          28   59.637640231781475     
          28          29   1.0068461741819617E-002
          28          30   59.602243024356049     
          28          31  -2.8732802161794531E-002
          28          32  -3.9091235176025949E-003
          28          33   59.597946063724009     
          28          34   35.288762539967820     
          28          35  -3.4089444179351970E-003
          28          36   35.300747202149296     
          28          37   9.7282512516509417E-003
          28          38   1.3235373125444387E-003
          28          39   35.302202051990406     
          29           1   2.2421860171587572E-014
          29           2   3.6030173827401922E-014
          29           3  -3.4095838814796517E-013
          29           4  -1.4924935645014956E-013
          29           5   1.0083013277533029E-013
          29           6  -2.9193461425785326E-015
          29           7   6.2298068355189278E-012
          29           8  -1.8980456034177324E-012
          29           9   1.0834384192405909E-011
          29          10  -1.4167673544729052E-012
          29          11   1.2854980036538005E-013
          29          12  -1.8317841261920206E-012
          29          13  -8.3042057544262945E-012
          29          14   2.6124924873819807E-012
          29          15  -1.4810055599980107E-011
          29          16   8.9127261232429075E-012
          29          17  -2.8338063819038699E-012
          29          18   1.5819073588443765E-011
          29          19  -1.0601634270092946E-012
          29          20   3.6278352922802607E-013
          29          21  -1.7766856448555155E-012
          29          22  -5.6079767514250062E-002
          29          23  -5.8941956203256270E-002
          29          24  -4.3883117755570973E-002
          29          25   7.6469405756291409E-002
          29          26  -3.3681024838582457E-002
          29          27   9.9962885270128879E-002
          29          28   1.0068461741819617E-002
          29          29   1.0582334009671610E-002
          29          30   7.8786969315273337E-003
          29          31  -1.3729181136154704E-002
          29          32   6.0470313099201100E-003
          29          33  -1.7947158673312084E-002
          29          34  -3.4089444179537676E-003
          29          35  -3.5829294857830192E-003
          29          36  -2.6675415385413559E-003
          29          37   4.6483779347253687E-003
          29          38  -2.0473826248558020E-003
          29          39   6.0764859564910820E-003
          30           1  -5.2705431380995460     
          30           2  -77.386653220039591     
          30           3  -157.36201938501102     
          30           4  -73.290501643559793     
          30           5  -104.93596822059754     
          30           6  -51.763349639508164     
          30           7  -9.1297404158567814E-012
          30           8   2.6902140416715094E-012
          30           9  -1.5690411400728502E-011
          30          10   3.5381608261078069E-012
          30          11  -1.3347573791013848E-012
          30          12   6.9558689242541546E-012
          30          13   1.2068364274312762E-011
          30          14  -5.7393950533327163E-012
          30          15   1.8063860725817880E-011
          30          16  -1.2694598705023409E-011
          30          17   6.1875564656179211E-012
          30          18  -1.8928372542973591E-011
          30          19   1.9259237897080444E-012
          30          20  -7.4522754389764673E-013
          30          21   2.6201887152293002E-012
          30          22   91.751685253050880     
          30          23  -4.3883117755519042E-002
          30          24   91.531255664759072     
          30          25  -4.5579472822927437E-002
          30          26  -1.8163204824429922E-002
          30          27   91.798891298904849     
          30          28   59.602243024356049     
          30          29   7.8786969315273337E-003
          30          30   59.641818560683419     
          30          31   8.1832575041909297E-003
          30          32   3.2609894971302460E-003
          30          33   59.593767734822720     
          30          34   35.300747202149616     
          30          35  -2.6675415385140171E-003
          30          36   35.287347856041791     
          30          37  -2.7706585876588787E-003
          30          38  -1.1040943718484356E-003
          30          39   35.303616735916464     
          31           1  -2.2799499410997863E-014
          31           2  -3.0803783917236657E-013
          31           3  -3.3528985294973030E-013
          31           4  -4.8679805370145910E-014
          31           5  -6.5311464674713273E-013
          31           6  -2.3125910366708482E-013
          31           7  -4.2908025927731089E-012
          31           8   1.4852757792669170E-012
          31           9  -7.6712105229904143E-012
          31          10   1.5671503215363486E-012
          31          11  -9.9106385437536278E-013
          31          12   3.2035583443990082E-012
          31          13   5.3015219351011848E-012
          31          14  -1.4097779073883745E-012
          31          15   9.0092363514669725E-012
          31          16  -5.7022820396849198E-012
          31          17   1.6066554492623796E-012
          31          18  -9.5895627773166160E-012
          31          19   6.9454699428203918E-013
          31          20  -3.0951521316099823E-013
          31          21   1.0510350511187431E-012
          31          22  0.16003724368287536     
          31          23   7.6469405756154241E-002
          31          24  -4.5579472822932461E-002
          31          25 -0.18790143901435738     
          31          26  -3.4806707840366342E-003
          31          27 -0.11445777085907363     
          31          28  -2.8732802161794531E-002
          31          29  -1.3729181136154704E-002
          31          30   8.1832575041909297E-003
          31          31   3.3735490245521180E-002
          31          32   6.2491344346133205E-004
          31          33   2.0549544658325085E-002
          31          34   9.7282512518617487E-003
          31          35   4.6483779347207396E-003
          31          36  -2.7706585874181871E-003
          31          37  -1.1422043814503631E-002
          31          38  -2.1158099909100980E-004
          31          39  -6.9575926639530578E-003
          32           1   5.9567931867626135E-014
          32           2   5.3228243878549686E-013
          32           3   4.8564627420091861E-013
          32           4   1.6680621984659932E-013
          32           5   9.7065476529828984E-013
          32           6   4.3492272279537105E-013
          32           7  -2.4511716332639403E-012
          32           8   8.1820661046346302E-013
          32           9  -4.1386997542391944E-012
          32          10   5.3239193307048510E-013
          32          11  -3.0914024519325081E-013
          32          12   1.2993764528382764E-012
          32          13   3.2866041568447258E-012
          32          14  -9.5700920024612149E-013
          32          15   5.3423201692341710E-012
          32          16  -3.5312012006882321E-012
          32          17   1.0427263168918192E-012
          32          18  -5.7319489056364965E-012
          32          19   4.0025236089960927E-013
          32          20  -1.3140874758151345E-013
          32          21   6.4109854344732190E-013
          32          22   2.1773210610287638E-002
          32          23  -3.3681024838566692E-002
          32          24  -1.8163204825329876E-002
          32          25  -3.4806707840955506E-003
          32          26 -0.37169211483838371     
          32          27  -3.6100057862848232E-003
          32          28  -3.9091235176025949E-003
          32          29   6.0470313099201100E-003
          32          30   3.2609894971302460E-003
          32          31   6.2491344346133205E-004
          32          32   6.6732941377297086E-002
          32          33   6.4813401930666420E-004
          32          34   1.3235373120536026E-003
          32          35  -2.0473826248513715E-003
          32          36  -1.1040943723739144E-003
          32          37  -2.1158099910799198E-004
          32          38  -2.2594204937691181E-002
          32          39  -2.1944294055046328E-004
          33           1  -5.2705431380996766     
          33           2  -77.386653220039875     
          33           3  -157.36201938501111     
          33           4  -73.290501643559892     
          33           5  -104.93596822059791     
          33           6  -51.763349639508291     
          33           7  -6.4445987918853997E-012
          33           8   2.0381225253038140E-012
          33           9  -1.1470280961393095E-011
          33          10   3.2676481638081824E-012
          33          11  -9.9038042439724111E-013
          33          12   6.4652418949110422E-012
          33          13   8.5621331573759818E-012
          33          14  -4.9446493126123232E-012
          33          15   1.2293654135559919E-011
          33          16  -9.0036830415135175E-012
          33          17   5.3496796054178380E-012
          33          18  -1.2660682502907754E-011
          33          19   1.5918674863161082E-012
          33          20  -6.6301232821698381E-013
          33          21   1.8151101526062284E-012
          33          22   91.775618656132096     
          33          23   9.9962885270108923E-002
          33          24   91.798891298905431     
          33          25 -0.11445777085905325     
          33          26  -3.6100057854517500E-003
          33          27   91.507322261677785     
          33          28   59.597946063724009     
          33          29  -1.7947158673312084E-002
          33          30   59.593767734822720     
          33          31   2.0549544658325085E-002
          33          32   6.4813401930666420E-004
          33          33   59.646115521315963     
          33          34   35.302202051990420     
          33          35   6.0764859565125050E-003
          33          36   35.303616735916179     
          33          37  -6.9575926641857648E-003
          33          38  -2.1944294002843251E-004
          33          39   35.285893006201533     
          34           1  -1.9111256648877832     
          34           2  -32.144531686543750     
          34           3  -57.204732472818286     
          34           4   3.7528313854355555     
          34           5  -104.87874228586594     
          34           6  -48.215728063038839     
          34           7  -1.5638872420764643E-011
          34           8   5.7431443981690262E-012
          34           9  -2.8193182093829045E-011
          34          10   3.8589522860262250E-012
          34          11  -1.0620353423883047E-012
          34          12   7.6904333133499514E-012
          34          13   2.1082482201181089E-011
          34          14  -8.0501210645712480E-012
          34          15   3.4547961603005263E-011
          34          16  -2.2433384309959040E-011
          34          17   8.7126936959148577E-012
          34          18  -3.6816781643378707E-011
          34          19   2.8738761701985086E-012
          34          20  -1.0192934886429592E-012
          34          21   4.4873375696355762E-012
          34          22   42.495037697539168     
          34          23   1.8987290743188043E-002
          34          24   42.428284991304793     
          34          25  -5.4184847944189235E-002
          34          26  -7.3718971847446481E-003
          34          27   42.420181703739146     
          34          28   35.288762539967820     
          34          29  -3.4089444179537676E-003
          34          30   35.300747202149616     
          34          31   9.7282512518617487E-003
          34          32   1.3235373120536026E-003
          34          33   35.302202051990420     
          34          34   30.870201011519921     
          34          35   1.1541884294975703E-003
          34          36   30.866143286686402     
          34          37  -3.2937571450104824E-003
          34          38  -4.4811861506302716E-004
          34          39   30.865650708736563     
          35           1  -7.2463755710704448E-015
          35           2  -6.1585971216165210E-014
          35           3   3.9177177833297309E-013
          35           4   2.2894657906126424E-013
          35           5  -2.6574998587225229E-013
          35           6  -8.5014900917136236E-014
          35           7  -6.4081177461223060E-012
          35           8   2.1394761490206940E-012
          35           9  -1.1188941613484568E-011
          35          10   1.9712522010528868E-012
          35          11  -6.4814314493341364E-013
          35          12   3.2681219963798081E-012
          35          13   8.3186609993564238E-012
          35          14  -2.8227725115227915E-012
          35          15   1.4756630411085134E-011
          35          16  -8.9063802817100213E-012
          35          17   3.0293767730908489E-012
          35          18  -1.5769454511739508E-011
          35          19   1.0511571026540915E-012
          35          20  -3.6760953924490173E-013
          35          21   1.8259794342971170E-012
          35          22   1.8987290743088858E-002
          35          23   1.9956360537984164E-002
          35          24   1.4857791900165477E-002
          35          25  -2.5890742854479499E-002
          35          26   1.1403603108284921E-002
          35          27  -3.3845082643541566E-002
          35          28  -3.4089444179351970E-003
          35          29  -3.5829294857830192E-003
          35          30  -2.6675415385140171E-003
          35          31   4.6483779347207396E-003
          35          32  -2.0473826248513715E-003
          35          33   6.0764859565125050E-003
          35          34   1.1541884294975703E-003
          35          35   1.2130956827067431E-003
          35          36   9.0316684625542040E-004
          35          37  -1.5738314768911276E-003
          35          38   6.9319561909259291E-004
          35          39  -2.0573552755946034E-003
          36           1  -1.9111256648874932     
          36           2  -32.144531686543424     
          36           3  -57.204732472817071     
          36           4   3.7528313854364521     
          36           5  -104.87874228586617     
          36           6  -48.215728063038910     
          36           7  -1.2477558026828929E-011
          36           8   4.5178473020848956E-012
          36           9  -2.2461654885151311E-011
          36          10   3.1360288850833156E-012
          36          11  -6.4098425234281904E-013
          36          12   6.1367038203912433E-012
          36          13   1.6706855102750760E-011
          36          14  -5.7470678254790975E-012
          36          15   2.7584921286488687E-011
          36          16  -1.7755908671882721E-011
          36          17   6.2297658541629282E-012
          36          18  -2.9356419853384612E-011
          36          19   2.3398186104483696E-012
          36          20  -6.8428125604585936E-013
          36          21   3.6394901465274364E-012
          36          22   42.428284991303912     
          36          23   1.4857791900438748E-002
          36          24   42.502917267199962     
          36          25   1.5432137841969220E-002
          36          26   6.1496341041175984E-003
          36          27   42.412302134077663     
          36          28   35.300747202149296     
          36          29  -2.6675415385413559E-003
          36          30   35.287347856041791     
          36          31  -2.7706585874181871E-003
          36          32  -1.1040943723739144E-003
          36          33   35.303616735916179     
          36          34   30.866143286686402     
          36          35   9.0316684625542040E-004
          36          36   30.870679990235494     
          36          37   9.3807985450456311E-004
          36          38   3.7382039524863538E-004
          36          39   30.865171730021050     
          37           1  -5.1575523141314483E-014
          37           2   8.0490461719664076E-014
          37           3   1.7849889425845108E-013
          37           4   5.0866560981697035E-014
          37           5   1.4212323721512852E-013
          37           6   4.8107939359343423E-014
          37           7  -2.1507507866372994E-012
          37           8   9.7082939420240687E-013
          37           9  -4.0205665224635017E-012
          37          10   1.2006134268741381E-012
          37          11  -2.2978932658820115E-013
          37          12   1.7867998207711659E-012
          37          13   2.6851074510457524E-012
          37          14  -1.4496570792706174E-012
          37          15   5.4540885046671495E-012
          37          16  -2.8521656376983839E-012
          37          17   1.5141217005261923E-012
          37          18  -5.8323039651897086E-012
          37          19   3.3611731510915459E-013
          37          20  -1.3797662612433955E-013
          37          21   7.2161668691000395E-013
          37          22  -5.4184847944844981E-002
          37          23  -2.5890742854458842E-002
          37          24   1.5432137841669191E-002
          37          25   6.3619009346253988E-002
          37          26   1.1784732905942654E-003
          37          27   3.8752710102865927E-002
          37          28   9.7282512516509417E-003
          37          29   4.6483779347253687E-003
          37          30  -2.7706585876588787E-003
          37          31  -1.1422043814503631E-002
          37          32  -2.1158099910799198E-004
          37          33  -6.9575926641857648E-003
          37          34  -3.2937571450104824E-003
          37          35  -1.5738314768911276E-003
          37          36   9.3807985450456311E-004
          37          37   3.8672354826016298E-003
          37          38   7.1636351639334190E-005
          37          39   2.3556772903974297E-003
          38           1  -1.3520765521276958E-013
          38           2  -2.8047391429099764E-013
          38           3  -6.0244868941437520E-013
          38           4  -3.0749696397329229E-013
          38           5  -3.6390162363672448E-013
          38           6  -1.8135924663650462E-013
          38           7  -2.9658196493795780E-012
          38           8   1.3415821674015186E-012
          38           9  -5.6974376928790617E-012
          38          10   1.1149370730490295E-012
          38          11  -8.3409993478945738E-013
          38          12   2.3089665258895803E-012
          38          13   3.9429094818103322E-012
          38          14  -1.4904759814542001E-012
          38          15   7.1576515204400683E-012
          38          16  -4.2054793069957043E-012
          38          17   1.5854987223342066E-012
          38          18  -7.6439054206101917E-012
          38          19   4.9836587199340574E-013
          38          20  -1.9096929264317881E-013
          38          21   9.1512632946310980E-013
          38          22  -7.3718971846458582E-003
          38          23   1.1403603108304260E-002
          38          24   6.1496341041038646E-003
          38          25   1.1784732905196276E-003
          38          26  0.12584621092753695     
          38          27   1.2222630815868774E-003
          38          28   1.3235373125444387E-003
          38          29  -2.0473826248558020E-003
          38          30  -1.1040943718484356E-003
          38          31  -2.1158099909100980E-004
          38          32  -2.2594204937691181E-002
          38          33  -2.1944294002843251E-004
          38          34  -4.4811861506302716E-004
          38          35   6.9319561909259291E-004
          38          36   3.7382039524863538E-004
          38          37   7.1636351639334190E-005
          38          38   7.6498665611053488E-003
          38          39   7.4298220192815952E-005
          39           1  -1.9111256648876127     
          39           2  -32.144531686544020     
          39           3  -57.204732472818819     
          39           4   3.7528313854352495     
          39           5  -104.87874228586615     
          39           6  -48.215728063038981     
          39           7  -1.4097004351489257E-011
          39           8   5.2167523200653499E-012
          39           9  -2.5263564685652508E-011
          39          10   4.2607469310970084E-012
          39          11  -1.0884770823611168E-012
          39          12   7.6550396186929201E-012
          39          13   1.8333979503360372E-011
          39          14  -6.4240127169836822E-012
          39          15   3.1169278712730072E-011
          39          16  -1.9470458703025809E-011
          39          17   6.9514550512282896E-012
          39          18  -3.3204655169255297E-011
          39          19   2.5231762763960672E-012
          39          20  -7.6721320892815501E-013
          39          21   4.1311005313316959E-012
          39          22   42.420181703739189     
          39          23  -3.3845082643276916E-002
          39          24   42.412302134078757     
          39          25   3.8752710103205211E-002
          39          26   1.2222630816040485E-003
          39          27   42.511020554766013     
          39          28   35.302202051990406     
          39          29   6.0764859564910820E-003
          39          30   35.303616735916464     
          39          31  -6.9575926639530578E-003
          39          32  -2.1944294055046328E-004
          39          33   35.285893006201533     
          39          34   30.865650708736563     
          39          35  -2.0573552755946034E-003
          39          36   30.865171730021050     
          39          37   2.3556772903974297E-003
          39          38   7.4298220192815952E-005
          39          39   30.871172568185557     
