           1           1   2.0001281097102286     
           1           2   7.1105809854487363E-004
           1           3   3.5793918295966309E-003
           1           4  -8.7646621324901394E-005
           1           5   1.6942930118931058E-003
           1           6   6.1343541760100999E-005
           1           7  -9.9642369886438220E-015
           1           8  -3.1614410202875012E-014
           1           9  -3.0328750565240535E-014
           1          10   2.8674127492036804E-013
           1          11   9.6354842192860171E-015
           1          12   2.0782555601284044E-013
           1          13   1.4288852929533742E-013
           1          14   1.1934554245433275E-012
           1          15   6.3740754001467359E-013
           1          16  -1.8706669364114910E-014
           1          17  -6.2066014831725113E-014
           1          18  -4.5435798052653139E-014
           1          19   1.4452588225530333E-014
           1          20   1.0327224328455686E-014
           1          21   5.9650959051745108E-015
           1          22  -1.0254092511190538E-003
           1          23   6.7627565758432326E-005
           1          24  -1.1345935531527746E-003
           1          25  -1.5301941046407653E-004
           1          26  -6.6553545915668815E-005
           1          27  -1.0296523761103835E-003
           1          28  -8.8708864109237750E-004
           1          29  -1.1312602032914683E-005
           1          30  -8.6882451174587140E-004
           1          31   2.5596777650653833E-005
           1          32   1.1132942266912235E-005
           1          33  -8.8637886002811356E-004
           1          34  -2.5409144171594400E-004
           1          35  -6.9962741899417064E-006
           1          36  -2.4279599816290262E-004
           1          37   1.5830316985850050E-005
           1          38   6.8851637040349683E-006
           1          39  -2.5365247798949850E-004
           2           1   7.1105809854487363E-004
           2           2   1.9951568476617778     
           2           3   1.3796203107990660E-002
           2           4  -9.4560451045424196E-003
           2           5   7.8892610835737190E-003
           2           6  -8.6170586979241143E-004
           2           7  -7.4579801777204079E-014
           2           8  -4.4885200418437521E-013
           2           9  -3.7168006647968379E-013
           2          10   2.0632181657794988E-012
           2          11   2.0627687579361560E-013
           2          12   1.6304064409764360E-012
           2          13   1.7809669131863055E-013
           2          14   1.1203174607601382E-011
           2          15   4.9546077480043213E-012
           2          16   7.1647862961166349E-014
           2          17  -6.7669005447234206E-013
           2          18  -3.1055616586977064E-013
           2          19   4.3893032679471949E-014
           2          20   1.4439963841207867E-013
           2          21   5.0608786642135853E-014
           2          22   1.9795463271231406E-003
           2          23   4.8632832933457541E-004
           2          24   1.1943721311492587E-003
           2          25  -1.1004044518869609E-003
           2          26  -4.7860475785649814E-004
           2          27   1.9490328500259748E-003
           2          28  -3.3180671843683895E-003
           2          29  -8.0127313180934921E-005
           2          30  -3.1887021091804614E-003
           2          31   1.8130232103044216E-004
           2          32   7.8854780084931019E-005
           2          33  -3.3130397933585831E-003
           2          34  -1.0181726064736882E-004
           2          35  -5.6419022214122573E-005
           2          36  -1.0729081020784034E-005
           2          37   1.2765809125911905E-004
           2          38   5.5523010537535048E-005
           2          39  -9.8277391062217596E-005
           3           1   3.5793918295966309E-003
           3           2   1.3796203107990660E-002
           3           3   2.0939717304986738     
           3           4   3.1246933534685776E-002
           3           5  -5.3037271724728288E-002
           3           6  -1.2780665251897503E-002
           3           7  -1.6459907287746017E-013
           3           8  -6.0312138882490025E-013
           3           9  -5.3418968581225407E-013
           3          10   5.6007694120391883E-012
           3          11   4.3533165081994285E-013
           3          12   4.5663885465840287E-012
           3          13   1.7077238722675421E-012
           3          14   3.2979721771042940E-011
           3          15   1.4983495440545005E-011
           3          16   1.2255134723748051E-012
           3          17  -2.4575231051007474E-012
           3          18  -1.0402674887284841E-012
           3          19   3.4719406402206295E-014
           3          20   5.3230532144290850E-013
           3          21   8.6646927811081735E-014
           3          22  -1.3329155380752578E-002
           3          23   9.3441614293340977E-004
           3          24  -1.4837764659246504E-002
           3          25  -2.1142828914620096E-003
           3          26  -9.1957630993076439E-004
           3          27  -1.3387783034484218E-002
           3          28  -6.5543361790555942E-003
           3          29  -2.0352375702743669E-004
           3          30  -6.2257482836439622E-003
           3          31   4.6050874910599017E-004
           3          32   2.0029151731102416E-004
           3          33  -6.5415665839182319E-003
           3          34   1.3074507125142045E-002
           3          35  -7.3394798331516517E-005
           3          36   1.3193002599793602E-002
           3          37   1.6606881437250716E-004
           3          38   7.2229188237388393E-005
           3          39   1.3079112096111836E-002
           4           1  -8.7646621324901394E-005
           4           2  -9.4560451045424196E-003
           4           3   3.1246933534685776E-002
           4           4   1.9430528963020630     
           4           5   2.2113760186039118E-002
           4           6   7.4342580766072835E-002
           4           7  -1.6745031389235657E-013
           4           8  -6.8741351635500659E-013
           4           9  -3.3305288044653755E-013
           4          10   5.1935198679361948E-012
           4          11  -5.1684586075005317E-012
           4          12   4.1024970992048737E-012
           4          13   3.1628719203552711E-011
           4          14  -2.5129996031071365E-011
           4          15   1.6586395169354365E-011
           4          16   7.1658745918161556E-014
           4          17   3.8419891122016304E-011
           4          18   3.9592918664489865E-012
           4          19  -6.0900770723596057E-012
           4          20   8.4432453908159491E-012
           4          21  -4.5423372239376737E-012
           4          22   2.6609277949047345E-003
           4          23  -2.5683111014305196E-003
           4          24   6.8074509463858009E-003
           4          25   5.8112614680879589E-003
           4          26   2.5275227716435103E-003
           4          27   2.8220700761328048E-003
           4          28  -2.5356088902170589E-003
           4          29   5.1747523948474615E-004
           4          30  -3.3710695254180190E-003
           4          31  -1.1708796972988537E-003
           4          32  -5.0925696622563382E-004
           4          33  -2.5680767624822534E-003
           4          34  -2.7324411399786565E-002
           4          35   5.7246601913167163E-003
           4          36  -3.6566841634035611E-002
           4          37  -1.2953063794733178E-002
           4          38  -5.6337447061714360E-003
           4          39  -2.7683590834817681E-002
           5           1   1.6942930118931058E-003
           5           2   7.8892610835737190E-003
           5           3  -5.3037271724728288E-002
           5           4   2.2113760186039118E-002
           5           5   4.1276086865363187E-003
           5           6   1.9007067344411544E-003
           5           7   2.0277903313079151E-013
           5           8  -7.4404773991198299E-013
           5           9  -4.0272497853180895E-013
           5          10  -1.8007018761435482E-011
           5          11   9.1574237362262034E-013
           5          12  -1.2006019781077199E-011
           5          13   9.6728260115909345E-011
           5          14  -1.5633243246550109E-010
           5          15   2.1094093924318880E-011
           5          16  -6.2098900545029410E-012
           5          17   8.3056896291090881E-012
           5          18  -1.2098391477172949E-012
           5          19   1.3682348786553153E-012
           5          20  -2.2444069900391763E-012
           5          21   3.5377069583450929E-013
           5          22  -1.9898889558508798E-003
           5          23  -4.3613938642205743E-003
           5          24   5.0515553781645848E-003
           5          25   9.8684302345055444E-003
           5          26   4.2921288703249233E-003
           5          27  -1.7162440931623197E-003
           5          28  -2.6131237000002886E-004
           5          29   7.7172443903243410E-004
           5          30  -1.5072569319406126E-003
           5          31  -1.7461640458527445E-003
           5          32  -7.5946838919346545E-004
           5          33  -3.0973229398269350E-004
           5          34  -8.9960668469370988E-004
           5          35   3.3029297931497323E-004
           5          36  -1.4328627593668134E-003
           5          37  -7.4734671824527388E-004
           5          38  -3.2504747058037157E-004
           5          39  -9.2033009413562878E-004
           6           1   6.1343541760100999E-005
           6           2  -8.6170586979241143E-004
           6           3  -1.2780665251897503E-002
           6           4   7.4342580766072835E-002
           6           5   1.9007067344411544E-003
           6           6   3.1405072790345054E-003
           6           7  -8.1252788277231784E-014
           6           8   1.8498645307044841E-014
           6           9  -9.2342892669314725E-014
           6          10  -4.3916163510943241E-012
           6          11   1.4984825502321051E-012
           6          12  -2.8173769796460830E-012
           6          13  -2.5430095129407928E-010
           6          14   2.1210223984481962E-010
           6          15  -1.4297627434197675E-010
           6          16   1.4263315068279813E-011
           6          17  -1.1635064002603239E-011
           6          18   9.0931010745052607E-012
           6          19  -4.2039298026622163E-012
           6          20   2.9212124659373988E-012
           6          21  -1.5589187016227986E-012
           6          22  -3.0841687450848163E-004
           6          23  -1.0173205122702398E-003
           6          24   1.3340410180557852E-003
           6          25   2.3018688077514971E-003
           6          26   1.0011640466297766E-003
           6          27  -2.4458760017465612E-004
           6          28  -1.5680994944956722E-004
           6          29   2.5034889859710591E-004
           6          30  -5.6099676842133960E-004
           6          31  -5.6645898047854692E-004
           6          32  -2.4637301045325369E-004
           6          33  -1.7251747290705503E-004
           6          34  -1.1986120499204169E-003
           6          35   3.0098272677593488E-004
           6          36  -1.6845468933666566E-003
           6          37  -6.8102705175102551E-004
           6          38  -2.9620270626667863E-004
           6          39  -1.2174964571706544E-003
           7           1  -9.9642369886438220E-015
           7           2  -7.4579801777204079E-014
           7           3  -1.6459907287746017E-013
           7           4  -1.6745031389235657E-013
           7           5   2.0277903313079151E-013
           7           6  -8.1252788277231784E-014
           7           7   1.9999996283173105     
           7           8   2.3677485820673958E-007
           7           9  -5.3619577279228197E-007
           7          10  -2.0954019592056753E-005
           7          11  -9.8216677882761835E-006
           7          12   2.2223273161723337E-005
           7          13   3.2795018781846350E-004
           7          14  -7.8233554955028649E-005
           7          15   1.7701736381233889E-004
           7          16   3.9112803731001981E-005
           7          17  -1.1613325342673988E-005
           7          18   2.6277218195488566E-005
           7          19  -1.2204594648266488E-004
           7          20  -1.0822556043471642E-007
           7          21   2.4487967479092563E-007
           7          22  -2.9374394641205572E-014
           7          23  -1.0054476456559718E-013
           7          24   2.2469720302964029E-014
           7          25  -2.2380933692524471E-014
           7          26   4.0412006159808193E-014
           7          27   1.6837487025195002E-013
           7          28   5.9737554437436225E-015
           7          29  -1.6712131278634850E-015
           7          30   4.5782516612409795E-015
           7          31  -1.3862486056553900E-014
           7          32  -7.7216655289456818E-015
           7          33   1.3277429528373238E-014
           7          34   1.6373638235294955E-014
           7          35  -3.7721225839564125E-015
           7          36  -1.7709292297294623E-014
           7          37  -2.3787180070758184E-014
           7          38   1.8923405723329430E-014
           7          39   7.2007450253566482E-015
           8           1  -3.1614410202875012E-014
           8           2  -4.4885200418437521E-013
           8           3  -6.0312138882490025E-013
           8           4  -6.8741351635500659E-013
           8           5  -7.4404773991198299E-013
           8           6   1.8498645307044841E-014
           8           7   2.3677485820673958E-007
           8           8   1.9999991863997604     
           8           9  -2.3302750808429437E-007
           8          10  -9.8216677779802846E-006
           8          11  -2.6439047899459805E-006
           8          12   9.6656861704780451E-006
           8          13  -7.8233555150102708E-005
           8          14   4.7379765382974526E-004
           8          15   7.6991101192604625E-005
           8          16  -1.1613324984451871E-005
           8          17   6.0763031597109926E-005
           8          18   1.1428889027170376E-005
           8          19  -1.0822562228792435E-007
           8          20  -1.2184418637471484E-004
           8          21   1.0650683849951839E-007
           8          22   3.1580517070698799E-013
           8          23  -1.1726654514822585E-013
           8          24   2.8578677176895114E-013
           8          25  -7.4726075725375109E-015
           8          26   9.1419761072873616E-015
           8          27   5.7995218804259405E-013
           8          28   3.6855672787502679E-013
           8          29   1.3161152839685576E-014
           8          30   2.8794995703464718E-013
           8          31  -8.6398705672169674E-014
           8          32  -1.3089871055934658E-013
           8          33   2.4930964769832797E-013
           8          34   4.9704678075187686E-014
           8          35  -2.9588764285757434E-014
           8          36   1.1134806350005620E-013
           8          37   8.1585675765967037E-014
           8          38  -1.2825625722721189E-014
           8          39   1.7914180735180545E-013
           9           1  -3.0328750565240535E-014
           9           2  -3.7168006647968379E-013
           9           3  -5.3418968581225407E-013
           9           4  -3.3305288044653755E-013
           9           5  -4.0272497853180895E-013
           9           6  -9.2342892669314725E-014
           9           7  -5.3619577279228197E-007
           9           8  -2.3302750808429437E-007
           9           9   1.9999996112084524     
           9          10   2.2223273201592951E-005
           9          11   9.6656861560143985E-006
           9          12  -2.0242451435583279E-005
           9          13   1.7701736662470213E-004
           9          14   7.6991103937273334E-005
           9          15   3.3361810039659874E-004
           9          16   2.6277218125403200E-005
           9          17   1.1428889103040586E-005
           9          18   3.9954177327751194E-005
           9          19   2.4487991081623964E-007
           9          20   1.0650698791015490E-007
           9          21  -1.2203810623209595E-004
           9          22   3.5604044319798469E-013
           9          23   1.2508783013641435E-013
           9          24   3.9689216639022797E-013
           9          25   5.5569270954059488E-014
           9          26  -1.2258267990874211E-013
           9          27   2.0399292771867259E-013
           9          28   2.3625362453213435E-013
           9          29   1.6054766556052545E-014
           9          30   2.2524175569443832E-013
           9          31  -8.7694269488321111E-015
           9          32  -7.2634620453048741E-014
           9          33   1.6403086893416459E-013
           9          34   8.4005565768195523E-014
           9          35  -2.2062484095462696E-014
           9          36   6.3259644417380702E-014
           9          37  -1.0313129539569920E-014
           9          38   1.3638724418258976E-014
           9          39   1.4426055264094122E-013
          10           1   2.8674127492036804E-013
          10           2   2.0632181657794988E-012
          10           3   5.6007694120391883E-012
          10           4   5.1935198679361948E-012
          10           5  -1.8007018761435482E-011
          10           6  -4.3916163510943241E-012
          10           7  -2.0954019592056753E-005
          10           8  -9.8216677779802846E-006
          10           9   2.2223273201592951E-005
          10          10   1.9994449863040908     
          10          11  -3.3538377057785150E-004
          10          12   7.5886555140600089E-004
          10          13   1.3570705073051100E-003
          10          14  -2.4277164825841175E-003
          10          15   5.4931411662329319E-003
          10          16   1.6933184334365797E-003
          10          17   1.4293772058782909E-003
          10          18  -3.2342205863000015E-003
          10          19   1.8403767183768796E-003
          10          20  -1.2901189748734459E-004
          10          21   2.9191240170522645E-004
          10          22   2.3867273521160009E-013
          10          23  -1.1057178563755964E-012
          10          24  -1.1235850945792876E-012
          10          25  -9.7426766736781302E-013
          10          26   1.2699469154942194E-012
          10          27  -6.3322838297166173E-013
          10          28   4.6210746943851361E-012
          10          29  -6.4043587246764622E-013
          10          30   3.6700291032907023E-012
          10          31   9.4728109060243540E-013
          10          32   4.2752754070468716E-013
          10          33   4.8680131532903946E-012
          10          34   4.5610505017644559E-012
          10          35   5.6936309926219446E-014
          10          36   3.5265181231807151E-012
          10          37  -7.0568039310485900E-013
          10          38   4.9730357071886369E-013
          10          39   3.3507439290714288E-012
          11           1   9.6354842192860171E-015
          11           2   2.0627687579361560E-013
          11           3   4.3533165081994285E-013
          11           4  -5.1684586075005317E-012
          11           5   9.1574237362262034E-013
          11           6   1.4984825502321051E-012
          11           7  -9.8216677882761835E-006
          11           8  -2.6439047899459805E-006
          11           9   9.6656861560143985E-006
          11          10  -3.3538377057785150E-004
          11          11   2.0000702279381612     
          11          12   3.3005741297350519E-004
          11          13  -2.4277164695263300E-003
          11          14   5.8829584319456171E-003
          11          15   2.3891610202388149E-003
          11          16   1.4293772050123592E-003
          11          17  -9.7140833247705695E-004
          11          18  -1.4066767180870837E-003
          11          19  -1.2901189722596697E-004
          11          20   2.0808880794014398E-003
          11          21   1.2696300877264961E-004
          11          22  -3.7777456903485141E-013
          11          23  -6.0361664750456430E-015
          11          24  -1.0768567393214744E-012
          11          25  -2.2461197132109824E-013
          11          26  -4.3059794892574869E-013
          11          27   4.8372627635257992E-013
          11          28   2.1368018903941590E-013
          11          29  -2.1588884164743097E-014
          11          30  -2.0595480559877526E-012
          11          31   1.8875741307761109E-013
          11          32  -5.4045635831959258E-014
          11          33  -7.1120931998513370E-014
          11          34  -5.0866786963111444E-013
          11          35  -5.9925294841790056E-014
          11          36   5.7858707741201726E-013
          11          37  -4.6764326361120212E-014
          11          38  -5.3148626232102996E-013
          11          39  -8.6075959829177473E-013
          12           1   2.0782555601284044E-013
          12           2   1.6304064409764360E-012
          12           3   4.5663885465840287E-012
          12           4   4.1024970992048737E-012
          12           5  -1.2006019781077199E-011
          12           6  -2.8173769796460830E-012
          12           7   2.2223273161723337E-005
          12           8   9.6656861704780451E-006
          12           9  -2.0242451435583279E-005
          12          10   7.5886555140600089E-004
          12          11   3.3005741297350519E-004
          12          12   1.9994692844601465     
          12          13   5.4931412008140598E-003
          12          14   2.3891610557526680E-003
          12          15   1.5329554798854885E-003
          12          16  -3.2342205860513423E-003
          12          17  -1.4066767177631809E-003
          12          18   1.5897617384366348E-003
          12          19   2.9191240691682355E-004
          12          20   1.2696301251910748E-004
          12          21   1.8497234756110711E-003
          12          22  -1.3735565469798171E-012
          12          23   1.0050470931170255E-012
          12          24   1.4624059080147430E-013
          12          25  -3.2843081986075938E-013
          12          26  -1.4885475802268210E-012
          12          27  -5.1913988554114996E-013
          12          28   3.2617345814313271E-012
          12          29  -6.8688997856478221E-013
          12          30   9.9879182464590679E-013
          12          31   1.4191060679627417E-012
          12          32   3.5856627871937756E-013
          12          33   2.9260143885401462E-012
          12          34   2.8997509530838470E-012
          12          35   1.8084198610199891E-013
          12          36   2.6501395276077927E-012
          12          37  -8.3106875520161996E-013
          12          38   2.4176847815139387E-013
          12          39   1.8184994798017613E-012
          13           1   1.4288852929533742E-013
          13           2   1.7809669131863055E-013
          13           3   1.7077238722675421E-012
          13           4   3.1628719203552711E-011
          13           5   9.6728260115909345E-011
          13           6  -2.5430095129407928E-010
          13           7   3.2795018781846350E-004
          13           8  -7.8233555150102708E-005
          13           9   1.7701736662470213E-004
          13          10   1.3570705073051100E-003
          13          11  -2.4277164695263300E-003
          13          12   5.4931412008140598E-003
          13          13   1.4942355731645822     
          13          14  0.17131221558164408     
          13          15 -0.38762440855245550     
          13          16  -4.9106752882123281E-002
          13          17   6.6825954364076335E-003
          13          18  -1.5120563884088533E-002
          13          19   5.7607734119551196E-002
          13          20   1.8548248419707085E-002
          13          21  -4.1968717577680684E-002
          13          22  -1.7402599551697975E-011
          13          23   1.6510494532017981E-012
          13          24   1.5360348104430544E-011
          13          25   1.6925123667822237E-012
          13          26  -5.9824225308457534E-012
          13          27   6.7188316039769653E-012
          13          28   3.3999067675745456E-011
          13          29   4.1920556595922729E-012
          13          30  -1.3507085516802201E-011
          13          31   2.1855383950996173E-011
          13          32   1.0474175825765882E-011
          13          33  -6.0251415634048601E-012
          13          34   7.8877609188110151E-011
          13          35  -5.1364656477269914E-012
          13          36  -6.0901304407666993E-012
          13          37  -4.3794837477055253E-011
          13          38   7.2696528339998003E-011
          13          39   4.8507654819681263E-011
          14           1   1.1934554245433275E-012
          14           2   1.1203174607601382E-011
          14           3   3.2979721771042940E-011
          14           4  -2.5129996031071365E-011
          14           5  -1.5633243246550109E-010
          14           6   2.1210223984481962E-010
          14           7  -7.8233554955028649E-005
          14           8   4.7379765382974526E-004
          14           9   7.6991103937273334E-005
          14          10  -2.4277164825841175E-003
          14          11   5.8829584319456171E-003
          14          12   2.3891610557526680E-003
          14          13  0.17131221558164408     
          14          14   1.1748655390743488     
          14          15 -0.16859154043810753     
          14          16   6.6825954981601394E-003
          14          17  -6.1564829436379913E-002
          14          18  -6.5764671623338286E-003
          14          19   1.8548248456852420E-002
          14          20   2.3029028149324785E-002
          14          21  -1.8253677065566815E-002
          14          22   2.1570986326843052E-011
          14          23   9.3634564765671144E-012
          14          24  -3.4019294737610758E-011
          14          25  -3.5641943710226782E-012
          14          26  -2.3356487934404607E-012
          14          27  -6.7132828269452358E-012
          14          28  -1.8574684167481326E-011
          14          29  -3.3695853083019886E-011
          14          30   2.0788385953375030E-011
          14          31  -1.1971816739212181E-011
          14          32   1.4684558325976858E-013
          14          33  -2.2884447721505692E-011
          14          34  -4.8117130236039447E-011
          14          35   3.4076914958040032E-012
          14          36   6.6948662534834423E-011
          14          37   1.8181023172149147E-011
          14          38  -6.5707473621125276E-011
          14          39  -4.9990939744934845E-011
          15           1   6.3740754001467359E-013
          15           2   4.9546077480043213E-012
          15           3   1.4983495440545005E-011
          15           4   1.6586395169354365E-011
          15           5   2.1094093924318880E-011
          15           6  -1.4297627434197675E-010
          15           7   1.7701736381233889E-004
          15           8   7.6991101192604625E-005
          15           9   3.3361810039659874E-004
          15          10   5.4931411662329319E-003
          15          11   2.3891610202388149E-003
          15          12   1.5329554798854885E-003
          15          13 -0.38762440855245550     
          15          14 -0.16859154043810753     
          15          15   1.4818242057525031     
          15          16  -1.5120563648401336E-002
          15          17  -6.5764669045039262E-003
          15          18  -4.9590897463022574E-002
          15          19  -4.1968717004780075E-002
          15          20  -1.8253676640412657E-002
          15          21   5.6263936519413478E-002
          15          22   4.5352817835053157E-012
          15          23  -1.2352116902990282E-013
          15          24  -1.1578139043754693E-012
          15          25   6.5650938730933459E-012
          15          26  -3.6086073331310081E-012
          15          27  -7.2685698267982489E-012
          15          28   1.7417319563875378E-011
          15          29   1.1636468963468635E-011
          15          30  -1.9276841563918137E-012
          15          31  -6.3718005268034810E-012
          15          32   4.0096843394550834E-014
          15          33  -1.3896409534713166E-012
          15          34   4.1581047736664090E-011
          15          35   2.0673836749008629E-011
          15          36   3.2661158153892730E-011
          15          37  -5.6687104744652618E-011
          15          38   3.3399041787036036E-011
          15          39   4.8075377935232880E-011
          16           1  -1.8706669364114910E-014
          16           2   7.1647862961166349E-014
          16           3   1.2255134723748051E-012
          16           4   7.1658745918161556E-014
          16           5  -6.2098900545029410E-012
          16           6   1.4263315068279813E-011
          16           7   3.9112803731001981E-005
          16           8  -1.1613324984451871E-005
          16           9   2.6277218125403200E-005
          16          10   1.6933184334365797E-003
          16          11   1.4293772050123592E-003
          16          12  -3.2342205860513423E-003
          16          13  -4.9106752882123281E-002
          16          14   6.6825954981601394E-003
          16          15  -1.5120563648401336E-002
          16          16   2.4357465484914757E-003
          16          17  -5.8462967537349631E-004
          16          18   1.3228288657558206E-003
          16          19  -1.0843278500006377E-003
          16          20  -8.9672958985026282E-005
          16          21   2.0290104349274105E-004
          16          22   6.0343791278885820E-012
          16          23   6.9457214669758041E-012
          16          24   1.0760329523286886E-012
          16          25   3.7105373326896109E-012
          16          26  -2.8396921099803901E-012
          16          27  -7.4261141307120381E-012
          16          28  -1.6179208530810136E-012
          16          29  -6.1966568005714745E-013
          16          30   1.0935218932910439E-012
          16          31  -6.1227397905128411E-013
          16          32  -2.5106388967713318E-013
          16          33   7.5336229334442340E-014
          16          34  -4.1959338745850648E-012
          16          35  -1.3317988738778534E-014
          16          36   2.7947214393531057E-013
          16          37   2.8524247965405659E-012
          16          38  -3.9554967359034513E-012
          16          39  -3.3449464944732838E-012
          17           1  -6.2066014831725113E-014
          17           2  -6.7669005447234206E-013
          17           3  -2.4575231051007474E-012
          17           4   3.8419891122016304E-011
          17           5   8.3056896291090881E-012
          17           6  -1.1635064002603239E-011
          17           7  -1.1613325342673988E-005
          17           8   6.0763031597109926E-005
          17           9   1.1428889103040586E-005
          17          10   1.4293772058782909E-003
          17          11  -9.7140833247705695E-004
          17          12  -1.4066767177631809E-003
          17          13   6.6825954364076335E-003
          17          14  -6.1564829436379913E-002
          17          15  -6.5764669045039262E-003
          17          16  -5.8462967537349631E-004
          17          17   3.5256466019442014E-003
          17          18   5.7534498129302664E-004
          17          19  -8.9672960010538802E-005
          17          20  -9.1715439564700940E-004
          17          21   8.8248835692604472E-005
          17          22  -6.6424350080321217E-012
          17          23  -1.6893479839579293E-012
          17          24   1.0159871289573373E-011
          17          25   1.0970718463055617E-012
          17          26   2.1570258324950728E-012
          17          27  -2.1987899482942527E-012
          17          28   1.2525291892208942E-012
          17          29   1.3807350762558141E-012
          17          30  -2.9244713920241878E-013
          17          31   1.8575912426003176E-012
          17          32   5.9500047722218574E-013
          17          33   1.3408682144476932E-012
          17          34   2.5127044363787249E-012
          17          35  -4.0418648820515366E-013
          17          36  -4.2922607604582127E-012
          17          37  -8.4700465407228042E-013
          17          38   4.0414476060535510E-012
          17          39   2.2714883259861414E-012
          18           1  -4.5435798052653139E-014
          18           2  -3.1055616586977064E-013
          18           3  -1.0402674887284841E-012
          18           4   3.9592918664489865E-012
          18           5  -1.2098391477172949E-012
          18           6   9.0931010745052607E-012
          18           7   2.6277218195488566E-005
          18           8   1.1428889027170376E-005
          18           9   3.9954177327751194E-005
          18          10  -3.2342205863000015E-003
          18          11  -1.4066767180870837E-003
          18          12   1.5897617384366348E-003
          18          13  -1.5120563884088533E-002
          18          14  -6.5764671623338286E-003
          18          15  -4.9590897463022574E-002
          18          16   1.3228288657558206E-003
          18          17   5.7534498129302664E-004
          18          18   2.4781021645502916E-003
          18          19   2.0290100914682722E-004
          18          20   8.8248810289191727E-005
          18          21  -1.0778311218472363E-003
          18          22  -4.0614630239361872E-012
          18          23   6.1623675776101619E-013
          18          24   4.0669639845817401E-012
          18          25   4.0616270660145049E-012
          18          26   1.9984506923103087E-012
          18          27   2.6084441748781433E-013
          18          28  -1.3224801169846739E-012
          18          29  -3.9851307035612145E-013
          18          30   2.2530982939057513E-013
          18          31   2.7945834860628928E-013
          18          32  -1.6366250951247532E-013
          18          33   3.5985515024376627E-013
          18          34  -2.9006369944283900E-012
          18          35  -9.1190151395363103E-013
          18          36  -1.7628503475844279E-012
          18          37   3.2114797819405335E-012
          18          38  -2.2134489556647568E-012
          18          39  -2.4151276535141135E-012
          19           1   1.4452588225530333E-014
          19           2   4.3893032679471949E-014
          19           3   3.4719406402206295E-014
          19           4  -6.0900770723596057E-012
          19           5   1.3682348786553153E-012
          19           6  -4.2039298026622163E-012
          19           7  -1.2204594648266488E-004
          19           8  -1.0822562228792435E-007
          19           9   2.4487991081623964E-007
          19          10   1.8403767183768796E-003
          19          11  -1.2901189722596697E-004
          19          12   2.9191240691682355E-004
          19          13   5.7607734119551196E-002
          19          14   1.8548248456852420E-002
          19          15  -4.1968717004780075E-002
          19          16  -1.0843278500006377E-003
          19          17  -8.9672960010538802E-005
          19          18   2.0290100914682722E-004
          19          19   3.0258800804766335E-003
          19          20   1.2266457616873731E-003
          19          21  -2.7755046409043563E-003
          19          22   8.7034544967578844E-013
          19          23  -6.4610763275284662E-013
          19          24  -6.4740390145283498E-013
          19          25  -7.9069920630879303E-013
          19          26   1.7152118794066688E-012
          19          27  -2.0103357659829606E-013
          19          28   7.1988122572939645E-013
          19          29  -1.4273234910086728E-013
          19          30  -3.6450029480824489E-013
          19          31   3.1707902267876201E-013
          19          32   3.1591073978144091E-013
          19          33  -3.7892482887994375E-013
          19          34   1.5273863779655909E-012
          19          35  -3.3769666991646432E-013
          19          36  -2.2309800511934527E-013
          19          37  -5.1813112808384270E-013
          19          38   1.2554040686760778E-012
          19          39   2.6123603717846205E-013
          20           1   1.0327224328455686E-014
          20           2   1.4439963841207867E-013
          20           3   5.3230532144290850E-013
          20           4   8.4432453908159491E-012
          20           5  -2.2444069900391763E-012
          20           6   2.9212124659373988E-012
          20           7  -1.0822556043471642E-007
          20           8  -1.2184418637471484E-004
          20           9   1.0650698791015490E-007
          20          10  -1.2901189748734459E-004
          20          11   2.0808880794014398E-003
          20          12   1.2696301251910748E-004
          20          13   1.8548248419707085E-002
          20          14   2.3029028149324785E-002
          20          15  -1.8253676640412657E-002
          20          16  -8.9672958985026282E-005
          20          17  -9.1715439564700940E-004
          20          18   8.8248810289191727E-005
          20          19   1.2266457616873731E-003
          20          20   7.3909685568463097E-004
          20          21  -1.2071649526059741E-003
          20          22  -3.8239015729986591E-013
          20          23   1.1212305135909260E-012
          20          24   7.2064242697981927E-013
          20          25   4.5908707645431351E-013
          20          26  -1.2418431241989302E-012
          20          27  -5.5446003237504597E-013
          20          28  -1.3446708231861081E-013
          20          29  -6.2816655717220497E-013
          20          30   4.0465768764420770E-013
          20          31   8.0386991763388389E-014
          20          32   1.4929437731257075E-013
          20          33  -4.1879995980579956E-013
          20          34  -6.0769732867854115E-013
          20          35  -6.5763160745876153E-014
          20          36   7.2064998715415425E-013
          20          37   2.9417481920388022E-013
          20          38  -7.8600201959334440E-013
          20          39  -9.9883669796311109E-013
          21           1   5.9650959051745108E-015
          21           2   5.0608786642135853E-014
          21           3   8.6646927811081735E-014
          21           4  -4.5423372239376737E-012
          21           5   3.5377069583450929E-013
          21           6  -1.5589187016227986E-012
          21           7   2.4487967479092563E-007
          21           8   1.0650683849951839E-007
          21           9  -1.2203810623209595E-004
          21          10   2.9191240170522645E-004
          21          11   1.2696300877264961E-004
          21          12   1.8497234756110711E-003
          21          13  -4.1968717577680684E-002
          21          14  -1.8253677065566815E-002
          21          15   5.6263936519413478E-002
          21          16   2.0290104349274105E-004
          21          17   8.8248835692604472E-005
          21          18  -1.0778311218472363E-003
          21          19  -2.7755046409043563E-003
          21          20  -1.2071649526059741E-003
          21          21   2.9370111443014187E-003
          21          22   9.0153068662755598E-013
          21          23  -1.1269149863699456E-012
          21          24  -8.6947798981163568E-013
          21          25  -6.2485438361016400E-013
          21          26   1.5887010073632549E-012
          21          27  -1.0651014157640528E-013
          21          28  -8.7081609749146947E-015
          21          29   4.3062461190473427E-013
          21          30  -4.5260322763287000E-014
          21          31  -3.4962795042168695E-013
          21          32  -2.2465990959980574E-013
          21          33   2.4939837471540524E-013
          21          34   2.7420435570215665E-013
          21          35   5.3863523549440376E-013
          21          36   7.0682535664065783E-013
          21          37  -8.6825197102327326E-013
          21          38   2.0707983765996551E-013
          21          39   1.1853854297423879E-012
          22           1  -1.0254092511190538E-003
          22           2   1.9795463271231406E-003
          22           3  -1.3329155380752578E-002
          22           4   2.6609277949047345E-003
          22           5  -1.9898889558508798E-003
          22           6  -3.0841687450848163E-004
          22           7  -2.9374394641205572E-014
          22           8   3.1580517070698799E-013
          22           9   3.5604044319798469E-013
          22          10   2.3867273521160009E-013
          22          11  -3.7777456903485141E-013
          22          12  -1.3735565469798171E-012
          22          13  -1.7402599551697975E-011
          22          14   2.1570986326843052E-011
          22          15   4.5352817835053157E-012
          22          16   6.0343791278885820E-012
          22          17  -6.6424350080321217E-012
          22          18  -4.0614630239361872E-012
          22          19   8.7034544967578844E-013
          22          20  -3.8239015729986591E-013
          22          21   9.0153068662755598E-013
          22          22   1.9881355448301790     
          22          23  -8.4509641860029401E-005
          22          24 -0.99389099897561528     
          22          25   1.9121738141457764E-004
          22          26   1.6682454965134911E-004
          22          27 -0.99415404639388449     
          22          28   2.0641701879197276E-002
          22          29  -1.3728696391610167E-004
          22          30  -8.4712663015983937E-003
          22          31   3.1063619441022217E-004
          22          32  -1.3989638377372193E-004
          22          33  -8.2506784217451848E-003
          22          34   1.3027120058370350E-002
          22          35   1.5721692601693951E-004
          22          36  -5.3775336468870651E-003
          22          37  -3.5573132029161655E-004
          22          38   3.2693275535053602E-004
          22          39  -5.8930390555189983E-003
          23           1   6.7627565758432326E-005
          23           2   4.8632832933457541E-004
          23           3   9.3441614293340977E-004
          23           4  -2.5683111014305196E-003
          23           5  -4.3613938642205743E-003
          23           6  -1.0173205122702398E-003
          23           7  -1.0054476456559718E-013
          23           8  -1.1726654514822585E-013
          23           9   1.2508783013641435E-013
          23          10  -1.1057178563755964E-012
          23          11  -6.0361664750456430E-015
          23          12   1.0050470931170255E-012
          23          13   1.6510494532017981E-012
          23          14   9.3634564765671144E-012
          23          15  -1.2352116902990282E-013
          23          16   6.9457214669758041E-012
          23          17  -1.6893479839579293E-012
          23          18   6.1623675776101619E-013
          23          19  -6.4610763275284662E-013
          23          20   1.1212305135909260E-012
          23          21  -1.1269149863699456E-012
          23          22  -8.4509641860029401E-005
          23          23   1.9881433591490256     
          23          24  -1.4053809290335444E-004
          23          25  -1.2682267468421134E-004
          23          26  -1.4520181612972150E-004
          23          27  -1.7169356553175077E-004
          23          28   2.1487137094463476E-003
          23          29   1.9453126265746939E-002
          23          30   2.3154668980142649E-003
          23          31   3.9247382508967931E-004
          23          32   4.6669462673309774E-004
          23          33   2.4346351366355472E-003
          23          34   1.4764476382815494E-003
          23          35   1.2059957381116242E-002
          23          36   1.5419873380195042E-003
          23          37  -1.8622991527712237E-004
          23          38  -5.9941511034840430E-004
          23          39   9.8956900633795169E-004
          24           1  -1.1345935531527746E-003
          24           2   1.1943721311492587E-003
          24           3  -1.4837764659246504E-002
          24           4   6.8074509463858009E-003
          24           5   5.0515553781645848E-003
          24           6   1.3340410180557852E-003
          24           7   2.2469720302964029E-014
          24           8   2.8578677176895114E-013
          24           9   3.9689216639022797E-013
          24          10  -1.1235850945792876E-012
          24          11  -1.0768567393214744E-012
          24          12   1.4624059080147430E-013
          24          13   1.5360348104430544E-011
          24          14  -3.4019294737610758E-011
          24          15  -1.1578139043754693E-012
          24          16   1.0760329523286886E-012
          24          17   1.0159871289573373E-011
          24          18   4.0669639845817401E-012
          24          19  -6.4740390145283498E-013
          24          20   7.2064242697981927E-013
          24          21  -8.6947798981163568E-013
          24          22 -0.99389099897561528     
          24          23  -1.4053809290335444E-004
          24          24   1.9884988839586293     
          24          25   5.1033702616212913E-004
          24          26   1.3830622253193937E-004
          24          27 -0.99387684901975148     
          24          28  -1.2162000812647063E-002
          24          29   2.9466221688060398E-005
          24          30   1.7125043412688400E-002
          24          31  -6.9895733740218784E-004
          24          32  -2.8998225883137142E-005
          24          33  -1.2181382476829166E-002
          24          34  -7.5074237655123281E-003
          24          35   2.2275663408764814E-004
          24          36   1.0283764864809287E-002
          24          37   6.0338607171841043E-004
          24          38  -2.1921895399680137E-004
          24          39  -7.4906922880040930E-003
          25           1  -1.5301941046407653E-004
          25           2  -1.1004044518869609E-003
          25           3  -2.1142828914620096E-003
          25           4   5.8112614680879589E-003
          25           5   9.8684302345055444E-003
          25           6   2.3018688077514971E-003
          25           7  -2.2380933692524471E-014
          25           8  -7.4726075725375109E-015
          25           9   5.5569270954059488E-014
          25          10  -9.7426766736781302E-013
          25          11  -2.2461197132109824E-013
          25          12  -3.2843081986075938E-013
          25          13   1.6925123667822237E-012
          25          14  -3.5641943710226782E-012
          25          15   6.5650938730933459E-012
          25          16   3.7105373326896109E-012
          25          17   1.0970718463055617E-012
          25          18   4.0616270660145049E-012
          25          19  -7.9069920630879303E-013
          25          20   4.5908707645431351E-013
          25          21  -6.2485438361016400E-013
          25          22   1.9121738141457764E-004
          25          23  -1.2682267468421134E-004
          25          24   5.1033702616212913E-004
          25          25   1.9883742698354929     
          25          26   1.2635506782866557E-004
          25          27   1.9614345961151060E-004
          25          28  -4.8618474893344730E-003
          25          29   3.9247382742651013E-004
          25          30  -5.8714410248067164E-003
          25          31   1.8738539857391868E-002
          25          32  -3.9132444811962872E-004
          25          33  -4.8765108618039187E-003
          25          34  -3.3407257331615576E-003
          25          35  -1.8622991240927449E-004
          25          36  -2.3816083472528006E-003
          25          37   1.2399030655576975E-002
          25          38   1.9217623648319350E-004
          25          39  -3.3464887098176668E-003
          26           1  -6.6553545915668815E-005
          26           2  -4.7860475785649814E-004
          26           3  -9.1957630993076439E-004
          26           4   2.5275227716435103E-003
          26           5   4.2921288703249233E-003
          26           6   1.0011640466297766E-003
          26           7   4.0412006159808193E-014
          26           8   9.1419761072873616E-015
          26           9  -1.2258267990874211E-013
          26          10   1.2699469154942194E-012
          26          11  -4.3059794892574869E-013
          26          12  -1.4885475802268210E-012
          26          13  -5.9824225308457534E-012
          26          14  -2.3356487934404607E-012
          26          15  -3.6086073331310081E-012
          26          16  -2.8396921099803901E-012
          26          17   2.1570258324950728E-012
          26          18   1.9984506923103087E-012
          26          19   1.7152118794066688E-012
          26          20  -1.2418431241989302E-012
          26          21   1.5887010073632549E-012
          26          22   1.6682454965134911E-004
          26          23  -1.4520181612972150E-004
          26          24   1.3830622253193937E-004
          26          25   1.2635506782866557E-004
          26          26   1.9881387108332276     
          26          27   8.5309720446527515E-005
          26          28  -2.3895922003645959E-003
          26          29   4.6669462444496809E-004
          26          30  -2.2786940457226743E-003
          26          31  -3.9132444975891644E-004
          26          32   1.9468069427483307E-002
          26          33  -2.1209667472139610E-003
          26          34  -9.7134673991838350E-004
          26          35  -5.9941510986191780E-004
          26          36  -1.5174984429106629E-003
          26          37   1.9217623727305625E-004
          26          38   1.2040764672845986E-002
          26          39  -1.4555061374367732E-003
          27           1  -1.0296523761103835E-003
          27           2   1.9490328500259748E-003
          27           3  -1.3387783034484218E-002
          27           4   2.8220700761328048E-003
          27           5  -1.7162440931623197E-003
          27           6  -2.4458760017465612E-004
          27           7   1.6837487025195002E-013
          27           8   5.7995218804259405E-013
          27           9   2.0399292771867259E-013
          27          10  -6.3322838297166173E-013
          27          11   4.8372627635257992E-013
          27          12  -5.1913988554114996E-013
          27          13   6.7188316039769653E-012
          27          14  -6.7132828269452358E-012
          27          15  -7.2685698267982489E-012
          27          16  -7.4261141307120381E-012
          27          17  -2.1987899482942527E-012
          27          18   2.6084441748781433E-013
          27          19  -2.0103357659829606E-013
          27          20  -5.5446003237504597E-013
          27          21  -1.0651014157640528E-013
          27          22 -0.99415404639388449     
          27          23  -1.7169356553175077E-004
          27          24 -0.99387684901975148     
          27          25   1.9614345961151060E-004
          27          26   8.5309720446527515E-005
          27          27   1.9881462874495388     
          27          28  -8.3941078485825181E-003
          27          29   1.4863446097341404E-004
          27          30  -8.6340774006354593E-003
          27          31   2.9597283409370310E-004
          27          32   1.2872906941462396E-004
          27          33   2.0515093360705994E-002
          27          34  -5.9758109133372025E-003
          27          35  -3.2966170458566160E-004
          27          36  -5.4435740333874712E-003
          27          37  -3.6149428975710174E-004
          27          38  -1.5722663532393745E-004
          27          39   1.2924460031920717E-002
          28           1  -8.8708864109237750E-004
          28           2  -3.3180671843683895E-003
          28           3  -6.5543361790555942E-003
          28           4  -2.5356088902170589E-003
          28           5  -2.6131237000002886E-004
          28           6  -1.5680994944956722E-004
          28           7   5.9737554437436225E-015
          28           8   3.6855672787502679E-013
          28           9   2.3625362453213435E-013
          28          10   4.6210746943851361E-012
          28          11   2.1368018903941590E-013
          28          12   3.2617345814313271E-012
          28          13   3.3999067675745456E-011
          28          14  -1.8574684167481326E-011
          28          15   1.7417319563875378E-011
          28          16  -1.6179208530810136E-012
          28          17   1.2525291892208942E-012
          28          18  -1.3224801169846739E-012
          28          19   7.1988122572939645E-013
          28          20  -1.3446708231861081E-013
          28          21  -8.7081609749146947E-015
          28          22   2.0641701879197276E-002
          28          23   2.1487137094463476E-003
          28          24  -1.2162000812647063E-002
          28          25  -4.8618474893344730E-003
          28          26  -2.3895922003645959E-003
          28          27  -8.3941078485825181E-003
          28          28   3.2931782322627987E-004
          28          29  -9.1431580358852365E-005
          28          30   1.3991358316741741E-004
          28          31   2.0688023966958105E-004
          28          32   7.2759378687684088E-005
          28          33   2.5187087710456683E-005
          28          34   1.6806877859304968E-004
          28          35  -2.9064263117412110E-005
          28          36   4.0391264991255501E-005
          28          37   6.5763074651068598E-005
          28          38   3.2374872355526010E-005
          28          39  -1.0657215592817785E-005
          29           1  -1.1312602032914683E-005
          29           2  -8.0127313180934921E-005
          29           3  -2.0352375702743669E-004
          29           4   5.1747523948474615E-004
          29           5   7.7172443903243410E-004
          29           6   2.5034889859710591E-004
          29           7  -1.6712131278634850E-015
          29           8   1.3161152839685576E-014
          29           9   1.6054766556052545E-014
          29          10  -6.4043587246764622E-013
          29          11  -2.1588884164743097E-014
          29          12  -6.8688997856478221E-013
          29          13   4.1920556595922729E-012
          29          14  -3.3695853083019886E-011
          29          15   1.1636468963468635E-011
          29          16  -6.1966568005714745E-013
          29          17   1.3807350762558141E-012
          29          18  -3.9851307035612145E-013
          29          19  -1.4273234910086728E-013
          29          20  -6.2816655717220497E-013
          29          21   4.3062461190473427E-013
          29          22  -1.3728696391610167E-004
          29          23   1.9453126265746939E-002
          29          24   2.9466221688060398E-005
          29          25   3.9247382742651013E-004
          29          26   4.6669462444496809E-004
          29          27   1.4863446097341404E-004
          29          28  -9.1431580358852365E-005
          29          29   5.0906181698488707E-004
          29          30  -5.5056435795088282E-004
          29          31  -6.3352249507671082E-004
          29          32  -2.5700675346165819E-004
          29          33  -9.1776370689561359E-005
          29          34  -5.7416407518179379E-005
          29          35   2.2259814215132059E-004
          29          36  -2.2887096634016904E-004
          29          37  -2.4246768725542190E-004
          29          38  -1.0951787593975418E-004
          29          39  -6.7912542708641017E-005
          30           1  -8.6882451174587140E-004
          30           2  -3.1887021091804614E-003
          30           3  -6.2257482836439622E-003
          30           4  -3.3710695254180190E-003
          30           5  -1.5072569319406126E-003
          30           6  -5.6099676842133960E-004
          30           7   4.5782516612409795E-015
          30           8   2.8794995703464718E-013
          30           9   2.2524175569443832E-013
          30          10   3.6700291032907023E-012
          30          11  -2.0595480559877526E-012
          30          12   9.9879182464590679E-013
          30          13  -1.3507085516802201E-011
          30          14   2.0788385953375030E-011
          30          15  -1.9276841563918137E-012
          30          16   1.0935218932910439E-012
          30          17  -2.9244713920241878E-013
          30          18   2.2530982939057513E-013
          30          19  -3.6450029480824489E-013
          30          20   4.0465768764420770E-013
          30          21  -4.5260322763287000E-014
          30          22  -8.4712663015983937E-003
          30          23   2.3154668980142649E-003
          30          24   1.7125043412688400E-002
          30          25  -5.8714410248067164E-003
          30          26  -2.2786940457226743E-003
          30          27  -8.6340774006354593E-003
          30          28   1.3991358316741741E-004
          30          29  -5.5056435795088282E-004
          30          30   1.3658164878458908E-003
          30          31   1.2061575392897381E-003
          30          32   5.4182063723479915E-004
          30          33   1.7335949576927204E-004
          30          34   8.6165633687995279E-005
          30          35  -2.0051882060285122E-004
          30          36   5.8450368706911102E-004
          30          37   4.6238255052548003E-004
          30          38   1.9733430453372809E-004
          30          39   9.8987184012137321E-005
          31           1   2.5596777650653833E-005
          31           2   1.8130232103044216E-004
          31           3   4.6050874910599017E-004
          31           4  -1.1708796972988537E-003
          31           5  -1.7461640458527445E-003
          31           6  -5.6645898047854692E-004
          31           7  -1.3862486056553900E-014
          31           8  -8.6398705672169674E-014
          31           9  -8.7694269488321111E-015
          31          10   9.4728109060243540E-013
          31          11   1.8875741307761109E-013
          31          12   1.4191060679627417E-012
          31          13   2.1855383950996173E-011
          31          14  -1.1971816739212181E-011
          31          15  -6.3718005268034810E-012
          31          16  -6.1227397905128411E-013
          31          17   1.8575912426003176E-012
          31          18   2.7945834860628928E-013
          31          19   3.1707902267876201E-013
          31          20   8.0386991763388389E-014
          31          21  -3.4962795042168695E-013
          31          22   3.1063619441022217E-004
          31          23   3.9247382508967931E-004
          31          24  -6.9895733740218784E-004
          31          25   1.8738539857391868E-002
          31          26  -3.9132444975891644E-004
          31          27   2.9597283409370310E-004
          31          28   2.0688023966958105E-004
          31          29  -6.3352249507671082E-004
          31          30   1.2061575392897381E-003
          31          31   1.6625314468255701E-003
          31          32   6.2314294993883498E-004
          31          33   2.4725281065575996E-004
          31          34   1.2991485019105733E-004
          31          35  -2.4246768674953398E-004
          31          36   5.2653432766901925E-004
          31          37   6.6406488443170259E-004
          31          38   2.3868669863347068E-004
          31          39   1.4499123437668735E-004
          32           1   1.1132942266912235E-005
          32           2   7.8854780084931019E-005
          32           3   2.0029151731102416E-004
          32           4  -5.0925696622563382E-004
          32           5  -7.5946838919346545E-004
          32           6  -2.4637301045325369E-004
          32           7  -7.7216655289456818E-015
          32           8  -1.3089871055934658E-013
          32           9  -7.2634620453048741E-014
          32          10   4.2752754070468716E-013
          32          11  -5.4045635831959258E-014
          32          12   3.5856627871937756E-013
          32          13   1.0474175825765882E-011
          32          14   1.4684558325976858E-013
          32          15   4.0096843394550834E-014
          32          16  -2.5106388967713318E-013
          32          17   5.9500047722218574E-013
          32          18  -1.6366250951247532E-013
          32          19   3.1591073978144091E-013
          32          20   1.4929437731257075E-013
          32          21  -2.2465990959980574E-013
          32          22  -1.3989638377372193E-004
          32          23   4.6669462673309774E-004
          32          24  -2.8998225883137142E-005
          32          25  -3.9132444811962872E-004
          32          26   1.9468069427483307E-002
          32          27   1.2872906941462396E-004
          32          28   7.2759378687684088E-005
          32          29  -2.5700675346165819E-004
          32          30   5.4182063723479915E-004
          32          31   6.2314294993883498E-004
          32          32   5.0083270523506489E-004
          32          33   1.0753897497470214E-004
          32          34   6.0276744806637809E-005
          32          35  -1.0951787593812276E-004
          32          36   2.2523617838339193E-004
          32          37   2.3868669908209888E-004
          32          38   2.1909148353854382E-004
          32          39   6.3061807218854095E-005
          33           1  -8.8637886002811356E-004
          33           2  -3.3130397933585831E-003
          33           3  -6.5415665839182319E-003
          33           4  -2.5680767624822534E-003
          33           5  -3.0973229398269350E-004
          33           6  -1.7251747290705503E-004
          33           7   1.3277429528373238E-014
          33           8   2.4930964769832797E-013
          33           9   1.6403086893416459E-013
          33          10   4.8680131532903946E-012
          33          11  -7.1120931998513370E-014
          33          12   2.9260143885401462E-012
          33          13  -6.0251415634048601E-012
          33          14  -2.2884447721505692E-011
          33          15  -1.3896409534713166E-012
          33          16   7.5336229334442340E-014
          33          17   1.3408682144476932E-012
          33          18   3.5985515024376627E-013
          33          19  -3.7892482887994375E-013
          33          20  -4.1879995980579956E-013
          33          21   2.4939837471540524E-013
          33          22  -8.2506784217451848E-003
          33          23   2.4346351366355472E-003
          33          24  -1.2181382476829166E-002
          33          25  -4.8765108618039187E-003
          33          26  -2.1209667472139610E-003
          33          27   2.0515093360705994E-002
          33          28   2.5187087710456683E-005
          33          29  -9.1776370689561359E-005
          33          30   1.7335949576927204E-004
          33          31   2.4725281065575996E-004
          33          32   1.0753897497470214E-004
          33          33   3.4191062506439571E-004
          33          34  -8.8783285177664625E-006
          33          35  -3.9560398311597254E-005
          33          36   5.4991702179908649E-005
          33          37   8.0839459112302066E-005
          33          38   3.5159934804935703E-005
          33          39   1.7391285229561654E-004
          34           1  -2.5409144171594400E-004
          34           2  -1.0181726064736882E-004
          34           3   1.3074507125142045E-002
          34           4  -2.7324411399786565E-002
          34           5  -8.9960668469370988E-004
          34           6  -1.1986120499204169E-003
          34           7   1.6373638235294955E-014
          34           8   4.9704678075187686E-014
          34           9   8.4005565768195523E-014
          34          10   4.5610505017644559E-012
          34          11  -5.0866786963111444E-013
          34          12   2.8997509530838470E-012
          34          13   7.8877609188110151E-011
          34          14  -4.8117130236039447E-011
          34          15   4.1581047736664090E-011
          34          16  -4.1959338745850648E-012
          34          17   2.5127044363787249E-012
          34          18  -2.9006369944283900E-012
          34          19   1.5273863779655909E-012
          34          20  -6.0769732867854115E-013
          34          21   2.7420435570215665E-013
          34          22   1.3027120058370350E-002
          34          23   1.4764476382815494E-003
          34          24  -7.5074237655123281E-003
          34          25  -3.3407257331615576E-003
          34          26  -9.7134673991838350E-004
          34          27  -5.9758109133372025E-003
          34          28   1.6806877859304968E-004
          34          29  -5.7416407518179379E-005
          34          30   8.6165633687995279E-005
          34          31   1.2991485019105733E-004
          34          32   6.0276744806637809E-005
          34          33  -8.8783285177664625E-006
          34          34   5.8538913801629649E-004
          34          35  -9.2914681232831225E-005
          34          36   6.2426523402146924E-004
          34          37   2.1023602359461556E-004
          34          38   9.7228487096995156E-005
          34          39   4.7095600797672591E-004
          35           1  -6.9962741899417064E-006
          35           2  -5.6419022214122573E-005
          35           3  -7.3394798331516517E-005
          35           4   5.7246601913167163E-003
          35           5   3.3029297931497323E-004
          35           6   3.0098272677593488E-004
          35           7  -3.7721225839564125E-015
          35           8  -2.9588764285757434E-014
          35           9  -2.2062484095462696E-014
          35          10   5.6936309926219446E-014
          35          11  -5.9925294841790056E-014
          35          12   1.8084198610199891E-013
          35          13  -5.1364656477269914E-012
          35          14   3.4076914958040032E-012
          35          15   2.0673836749008629E-011
          35          16  -1.3317988738778534E-014
          35          17  -4.0418648820515366E-013
          35          18  -9.1190151395363103E-013
          35          19  -3.3769666991646432E-013
          35          20  -6.5763160745876153E-014
          35          21   5.3863523549440376E-013
          35          22   1.5721692601693951E-004
          35          23   1.2059957381116242E-002
          35          24   2.2275663408764814E-004
          35          25  -1.8622991240927449E-004
          35          26  -5.9941510986191780E-004
          35          27  -3.2966170458566160E-004
          35          28  -2.9064263117412110E-005
          35          29   2.2259814215132059E-004
          35          30  -2.0051882060285122E-004
          35          31  -2.4246768674953398E-004
          35          32  -1.0951787593812276E-004
          35          33  -3.9560398311597254E-005
          35          34  -9.2914681232831225E-005
          35          35   1.2967982265957913E-004
          35          36  -1.8266507886900322E-004
          35          37  -1.2912574050438736E-004
          35          38  -6.2392665071494223E-005
          35          39  -1.0228541003237006E-004
          36           1  -2.4279599816290262E-004
          36           2  -1.0729081020784034E-005
          36           3   1.3193002599793602E-002
          36           4  -3.6566841634035611E-002
          36           5  -1.4328627593668134E-003
          36           6  -1.6845468933666566E-003
          36           7  -1.7709292297294623E-014
          36           8   1.1134806350005620E-013
          36           9   6.3259644417380702E-014
          36          10   3.5265181231807151E-012
          36          11   5.7858707741201726E-013
          36          12   2.6501395276077927E-012
          36          13  -6.0901304407666993E-012
          36          14   6.6948662534834423E-011
          36          15   3.2661158153892730E-011
          36          16   2.7947214393531057E-013
          36          17  -4.2922607604582127E-012
          36          18  -1.7628503475844279E-012
          36          19  -2.2309800511934527E-013
          36          20   7.2064998715415425E-013
          36          21   7.0682535664065783E-013
          36          22  -5.3775336468870651E-003
          36          23   1.5419873380195042E-003
          36          24   1.0283764864809287E-002
          36          25  -2.3816083472528006E-003
          36          26  -1.5174984429106629E-003
          36          27  -5.4435740333874712E-003
          36          28   4.0391264991255501E-005
          36          29  -2.2887096634016904E-004
          36          30   5.8450368706911102E-004
          36          31   5.2653432766901925E-004
          36          32   2.2523617838339193E-004
          36          33   5.4991702179908649E-005
          36          34   6.2426523402146924E-004
          36          35  -1.8266507886900322E-004
          36          36   1.0303110417227606E-003
          36          37   4.2662327834601729E-004
          36          38   1.7976410551171930E-004
          36          39   6.3609520185651971E-004
          37           1   1.5830316985850050E-005
          37           2   1.2765809125911905E-004
          37           3   1.6606881437250716E-004
          37           4  -1.2953063794733178E-002
          37           5  -7.4734671824527388E-004
          37           6  -6.8102705175102551E-004
          37           7  -2.3787180070758184E-014
          37           8   8.1585675765967037E-014
          37           9  -1.0313129539569920E-014
          37          10  -7.0568039310485900E-013
          37          11  -4.6764326361120212E-014
          37          12  -8.3106875520161996E-013
          37          13  -4.3794837477055253E-011
          37          14   1.8181023172149147E-011
          37          15  -5.6687104744652618E-011
          37          16   2.8524247965405659E-012
          37          17  -8.4700465407228042E-013
          37          18   3.2114797819405335E-012
          37          19  -5.1813112808384270E-013
          37          20   2.9417481920388022E-013
          37          21  -8.6825197102327326E-013
          37          22  -3.5573132029161655E-004
          37          23  -1.8622991527712237E-004
          37          24   6.0338607171841043E-004
          37          25   1.2399030655576975E-002
          37          26   1.9217623727305625E-004
          37          27  -3.6149428975710174E-004
          37          28   6.5763074651068598E-005
          37          29  -2.4246768725542190E-004
          37          30   4.6238255052548003E-004
          37          31   6.6406488443170259E-004
          37          32   2.3868669908209888E-004
          37          33   8.0839459112302066E-005
          37          34   2.1023602359461556E-004
          37          35  -1.2912574050438736E-004
          37          36   4.2662327834601729E-004
          37          37   3.6478216141190301E-004
          37          38   1.2718206953442611E-004
          37          39   2.1812797878191414E-004
          38           1   6.8851637040349683E-006
          38           2   5.5523010537535048E-005
          38           3   7.2229188237388393E-005
          38           4  -5.6337447061714360E-003
          38           5  -3.2504747058037157E-004
          38           6  -2.9620270626667863E-004
          38           7   1.8923405723329430E-014
          38           8  -1.2825625722721189E-014
          38           9   1.3638724418258976E-014
          38          10   4.9730357071886369E-013
          38          11  -5.3148626232102996E-013
          38          12   2.4176847815139387E-013
          38          13   7.2696528339998003E-011
          38          14  -6.5707473621125276E-011
          38          15   3.3399041787036036E-011
          38          16  -3.9554967359034513E-012
          38          17   4.0414476060535510E-012
          38          18  -2.2134489556647568E-012
          38          19   1.2554040686760778E-012
          38          20  -7.8600201959334440E-013
          38          21   2.0707983765996551E-013
          38          22   3.2693275535053602E-004
          38          23  -5.9941511034840430E-004
          38          24  -2.1921895399680137E-004
          38          25   1.9217623648319350E-004
          38          26   1.2040764672845986E-002
          38          27  -1.5722663532393745E-004
          38          28   3.2374872355526010E-005
          38          29  -1.0951787593975418E-004
          38          30   1.9733430453372809E-004
          38          31   2.3868669863347068E-004
          38          32   2.1909148353854382E-004
          38          33   3.5159934804935703E-005
          38          34   9.7228487096995156E-005
          38          35  -6.2392665071494223E-005
          38          36   1.7976410551171930E-004
          38          37   1.2718206953442611E-004
          38          38   1.2768206866997422E-004
          38          39   9.4871557879900011E-005
          39           1  -2.5365247798949850E-004
          39           2  -9.8277391062217596E-005
          39           3   1.3079112096111836E-002
          39           4  -2.7683590834817681E-002
          39           5  -9.2033009413562878E-004
          39           6  -1.2174964571706544E-003
          39           7   7.2007450253566482E-015
          39           8   1.7914180735180545E-013
          39           9   1.4426055264094122E-013
          39          10   3.3507439290714288E-012
          39          11  -8.6075959829177473E-013
          39          12   1.8184994798017613E-012
          39          13   4.8507654819681263E-011
          39          14  -4.9990939744934845E-011
          39          15   4.8075377935232880E-011
          39          16  -3.3449464944732838E-012
          39          17   2.2714883259861414E-012
          39          18  -2.4151276535141135E-012
          39          19   2.6123603717846205E-013
          39          20  -9.9883669796311109E-013
          39          21   1.1853854297423879E-012
          39          22  -5.8930390555189983E-003
          39          23   9.8956900633795169E-004
          39          24  -7.4906922880040930E-003
          39          25  -3.3464887098176668E-003
          39          26  -1.4555061374367732E-003
          39          27   1.2924460031920717E-002
          39          28  -1.0657215592817785E-005
          39          29  -6.7912542708641017E-005
          39          30   9.8987184012137321E-005
          39          31   1.4499123437668735E-004
          39          32   6.3061807218854095E-005
          39          33   1.7391285229561654E-004
          39          34   4.7095600797672591E-004
          39          35  -1.0228541003237006E-004
          39          36   6.3609520185651971E-004
          39          37   2.1812797878191414E-004
          39          38   9.4871557879900011E-005
          39          39   5.9726737381812615E-004
